1.191850192844867706e-02
1.172552406787872314e-01
1.418792922049760818e-02
9.790475666522979736e-02
6.184397637844085693e-02
4.006009083241224289e-03
1.348408684134483337e-02
4.429767653346061707e-02
1.938817501068115234e-01
1.482518911361694336e-01
1.087100580334663391e-01
4.684814810752868652e-02
5.218159034848213196e-02
1.267355494201183319e-02
7.332007586956024170e-02
2.005189359188079834e-01
4.814482480287551880e-02
1.391083449125289917e-01
1.190772503614425659e-01
8.560025691986083984e-02
1.922305822372436523e-01
3.881581500172615051e-02
5.053090676665306091e-02
3.105846419930458069e-02
1.017034351825714111e-01
9.553763270378112793e-02
1.766034066677093506e-01
1.432057023048400879e-01
2.488638833165168762e-02
1.612195372581481934e-01
8.344068378210067749e-02
2.094225725159049034e-03
4.643075540661811829e-02
8.122543990612030029e-02
5.084575712680816650e-02
2.506563998758792877e-02
1.307648606598377228e-02
9.653121978044509888e-02
4.527017101645469666e-02
6.671825796365737915e-02
1.399923413991928101e-01
1.486329883337020874e-01
1.517733633518218994e-01
-2.747516706585884094e-02
2.609082683920860291e-02
2.047433555126190186e-01
3.214042633771896362e-02
1.434433609247207642e-01
1.926413923501968384e-01
1.111105903983116150e-01
8.831887692213058472e-02
2.424018085002899170e-01
1.063111200928688049e-01
6.337685883045196533e-02
4.573906585574150085e-02
1.309391558170318604e-01
1.431581825017929077e-01
2.118137925863265991e-01
-8.926164009608328342e-04
8.253914862871170044e-02
1.464759558439254761e-02
1.899885237216949463e-01
1.708889454603195190e-01
3.107524476945400238e-02
2.123086005449295044e-01
1.097351834177970886e-01
-5.592181812971830368e-03
1.069457083940505981e-01
2.153612673282623291e-01
1.471097618341445923e-01
8.085063099861145020e-02
1.878812313079833984e-01
1.282451003789901733e-01
1.202731952071189880e-01
8.919880539178848267e-02
4.283012822270393372e-02
8.472445607185363770e-02
8.160064369440078735e-02
1.266214996576309204e-01
1.978240907192230225e-01
3.429909050464630127e-02
1.931480914354324341e-01
1.166502758860588074e-02
9.683998674154281616e-02
1.421895772218704224e-01
9.456042200326919556e-02
1.073776632547378540e-01
-2.181445248425006866e-02
2.025877125561237335e-02
5.343785136938095093e-02
5.033329501748085022e-02
1.792384088039398193e-01
1.640067100524902344e-01
5.040773749351501465e-02
2.181240171194076538e-02
1.768760830163955688e-01
7.699250429868698120e-02
3.968218807131052017e-03
7.747860252857208252e-02
-1.370899751782417297e-02
9.381953626871109009e-02
1.874024122953414917e-01
2.534293569624423981e-03
9.152579307556152344e-02
3.362486138939857483e-02
9.701757517177611589e-05
1.411578506231307983e-01
1.887561678886413574e-01
6.057143583893775940e-02
7.673387974500656128e-02
3.976842388510704041e-02
1.554165333509445190e-01
7.974465191364288330e-02
1.503268480300903320e-01
-6.927216425538063049e-03
3.206320805475115776e-03
1.461135596036911011e-01
4.322592169046401978e-02
8.455328643321990967e-02
1.121545284986495972e-01
6.572552025318145752e-02
1.538087278604507446e-01
5.612998828291893005e-02
1.016938611865043640e-01
7.661020755767822266e-02
3.022776544094085693e-02
4.249493032693862915e-02
1.032259780913591385e-02
1.761843115091323853e-01
1.553621590137481689e-01
1.355108767747879028e-01
1.316491365432739258e-01
1.421868652105331421e-01
-2.181502786697819829e-04
-1.079368777573108673e-02
2.732867002487182617e-02
1.338842213153839111e-01
1.425482332706451416e-01
3.043518401682376862e-03
1.100422367453575134e-01
1.226153820753097534e-01
7.436518371105194092e-02
1.429639905691146851e-01
5.686336755752563477e-02
4.713054280728101730e-03
7.740660011768341064e-02
2.726773731410503387e-02
9.446728974580764771e-02
1.138146892189979553e-01
5.906434357166290283e-02
1.943656802177429199e-02
3.612227365374565125e-02
1.026700660586357117e-01
1.235071197152137756e-02
4.019699245691299438e-02
5.125288851559162140e-03
-5.050148442387580872e-02
3.058679215610027313e-02
6.325597316026687622e-02
1.055931970477104187e-01
1.537765562534332275e-01
7.113287225365638733e-03
4.810349643230438232e-02
-2.938928082585334778e-02
6.949192285537719727e-02
7.034082897007465363e-03
1.451604720205068588e-02
1.263112723827362061e-01
1.906993687152862549e-01
1.059174910187721252e-01
6.842188537120819092e-03
5.924240872263908386e-02
8.355771191418170929e-03
-1.141920802183449268e-03
7.223706692457199097e-02
1.756599694490432739e-01
2.383011765778064728e-02
1.174442991614341736e-01
6.192620471119880676e-02
1.449458450078964233e-01
2.071553766727447510e-01
1.722650974988937378e-01
4.295954480767250061e-02
1.940946653485298157e-02
7.479151338338851929e-02
3.582934662699699402e-02
3.437515115365386009e-03
2.697215676307678223e-01
-1.491372287273406982e-02
6.085460260510444641e-02
6.938151270151138306e-02
1.491573750972747803e-01
6.063770502805709839e-02
1.092176958918571472e-01
3.012259490787982941e-03
9.267828613519668579e-02
3.288850933313369751e-02
2.003385275602340698e-01
1.199225261807441711e-01
1.390724093653261662e-03
6.824191659688949585e-02
1.514598429203033447e-01
4.656276479363441467e-02
4.416260868310928345e-02
2.347708493471145630e-02
2.071970403194427490e-01
1.263132542371749878e-01
4.262768104672431946e-02
2.610326977446675301e-03
9.220281243324279785e-02
4.660718515515327454e-02
7.580089569091796875e-02
2.580780349671840668e-02
3.087104484438896179e-02
1.090260520577430725e-01
1.266198009252548218e-01
7.029712200164794922e-02
-6.488325539976358414e-03
1.261875964701175690e-02
9.695054590702056885e-02
9.890593588352203369e-02
1.170123070478439331e-01
-2.056232653558254242e-02
2.531801164150238037e-01
6.423985958099365234e-02
1.580321639776229858e-01
1.943722069263458252e-01
8.193758316338062286e-03
1.173852458596229553e-01
6.531973928213119507e-02
1.978925317525863647e-01
9.787309169769287109e-02
1.091253906488418579e-01
9.220182895660400391e-02
-2.655696123838424683e-03
1.173073500394821167e-01
3.940223157405853271e-02
3.292355313897132874e-02
1.371233165264129639e-01
5.045728385448455811e-02
4.001599177718162537e-02
3.643793240189552307e-02
1.216723471879959106e-01
5.289477761834859848e-03
2.201427668333053589e-01
1.495399177074432373e-01
3.828986734151840210e-02
4.277897998690605164e-02
1.526551395654678345e-01
1.725938171148300171e-02
1.342127025127410889e-01
2.701885299757122993e-03
1.904442012310028076e-01
1.486378163099288940e-01
2.225408852100372314e-01
1.140659973025321960e-01
1.266233026981353760e-01
1.079178303480148315e-01
1.166670992970466614e-01
8.546367287635803223e-03
2.474752217531204224e-01
8.865158259868621826e-02
1.340171843767166138e-01
9.369082748889923096e-03
1.557956933975219727e-01
-4.663303494453430176e-03
7.110563665628433228e-02
3.532068058848381042e-02
-6.222163792699575424e-03
3.596672043204307556e-02
-1.117434236221015453e-03
1.201992928981781006e-01
2.959671802818775177e-02
7.634954154491424561e-02
1.653883308172225952e-01
6.843398325145244598e-03
1.598369777202606201e-01
1.535866111516952515e-01
1.466568410396575928e-01
5.982596054673194885e-02
8.076893538236618042e-02
6.440727412700653076e-02
9.460011124610900879e-02
8.376524597406387329e-02
3.908264636993408203e-02
6.878552958369255066e-03
1.463209837675094604e-01
1.057046800851821899e-01
4.763685539364814758e-02
2.006766647100448608e-01
-5.816437769681215286e-04
1.346819009631872177e-02
1.955873221158981323e-01
1.520618647336959839e-01
2.308321297168731689e-01
9.551104903221130371e-02
1.243887022137641907e-01
3.159823268651962280e-02
5.698063597083091736e-02
2.519642114639282227e-01
1.136352419853210449e-01
5.637099966406822205e-02
2.397519052028656006e-01
1.164694055914878845e-01
1.542991846799850464e-01
1.806596815586090088e-01
1.293222904205322266e-01
1.367854177951812744e-01
1.981561481952667236e-01
2.454745210707187653e-02
1.865590512752532959e-01
-3.526930231600999832e-03
-1.921072020195424557e-03
3.225693106651306152e-02
2.887003682553768158e-02
5.844059586524963379e-02
1.548750400543212891e-01
1.349267363548278809e-02
-1.510767545551061630e-02
1.726656407117843628e-02
1.219963282346725464e-01
1.056257411837577820e-01
5.079513788223266602e-02
8.607472479343414307e-02
-4.591943870764225721e-04
2.033527567982673645e-02
1.602864712476730347e-01
1.599880903959274292e-01
5.043696612119674683e-02
5.690646171569824219e-02
1.844726502895355225e-02
5.639424175024032593e-02
-4.733450710773468018e-03
3.850402683019638062e-02
1.841068863868713379e-01
6.368081271648406982e-02
2.194741666316986084e-01
2.913849055767059326e-02
1.043266579508781433e-01
8.461003750562667847e-02
3.689054399728775024e-02
8.615719527006149292e-02
3.867294266819953918e-02
1.481521427631378174e-01
2.411602996289730072e-02
7.349231839179992676e-02
1.763987168669700623e-02
3.512483555823564529e-03
1.778560280799865723e-01
6.626472342759370804e-03
8.283902704715728760e-02
1.299829501658678055e-02
6.591044366359710693e-02
6.904019415378570557e-02
3.014555573463439941e-02
9.801369905471801758e-02
1.493716239929199219e-01
-1.163404341787099838e-02
9.478463977575302124e-02
2.130113840103149414e-01
8.825035393238067627e-02
6.390640884637832642e-02
1.180333048105239868e-01
-2.404949441552162170e-02
5.487633123993873596e-02
4.463892430067062378e-02
5.562259256839752197e-02
1.846459656953811646e-01
2.573033608496189117e-02
5.887175351381301880e-02
4.774412140250205994e-02
-4.772691987454891205e-03
8.478878438472747803e-02
6.312286853790283203e-02
1.484700478613376617e-02
1.873022317886352539e-01
1.088942810893058777e-01
1.352608054876327515e-01
1.487009972333908081e-01
5.535546317696571350e-02
1.436244100332260132e-01
6.042199581861495972e-02
5.384071730077266693e-03
1.247571408748626709e-01
8.258283138275146484e-02
1.572882682085037231e-01
1.372335851192474365e-02
1.923504099249839783e-02
6.922043859958648682e-03
1.349342912435531616e-01
1.167154759168624878e-01
1.494226306676864624e-01
9.655826725065708160e-03
2.600640356540679932e-01
9.329056739807128906e-02
-3.300494281575083733e-03
3.030751086771488190e-02
1.774352043867111206e-01
1.147121414542198181e-01
9.542546421289443970e-02
2.414093166589736938e-02
2.292260294780135155e-03
1.655779033899307251e-01
6.562516093254089355e-02
8.636116981506347656e-02
-4.381949838716536760e-04
-9.909656830132007599e-03
1.034898385405540466e-01
8.507534861564636230e-02
5.736001208424568176e-02
1.939484626054763794e-01
1.244375109672546387e-01
3.722660243511199951e-02
4.122465476393699646e-02
7.433270663022994995e-02
2.109459489583969116e-01
9.589540213346481323e-02
1.912696212530136108e-01
2.307134214788675308e-03
8.065934479236602783e-02
6.631624698638916016e-02
3.897356614470481873e-02
2.655004560947418213e-01
1.125049367547035217e-01
1.016301959753036499e-01
1.639416813850402832e-01
1.371042616665363312e-02
2.388529293239116669e-02
9.771008789539337158e-02
1.801678985357284546e-01
3.405765816569328308e-02
6.429362297058105469e-02
1.027218103408813477e-01
2.431726828217506409e-02
8.876457810401916504e-02
2.671933770179748535e-01
1.856690794229507446e-01
1.321170479059219360e-01
7.201641798019409180e-02
1.273583322763442993e-01
1.074018552899360657e-01
-9.190170094370841980e-03
5.137725919485092163e-02
-1.416687574237585068e-02
6.330936402082443237e-02
1.901056319475173950e-01
2.983889356255531311e-02
1.709222197532653809e-01
4.338800162076950073e-02
2.025873363018035889e-01
1.117851510643959045e-01
1.420812606811523438e-01
6.280755996704101562e-02
8.567467331886291504e-02
5.617173388600349426e-02
5.434738472104072571e-02
1.511584967374801636e-01
1.599493324756622314e-01
4.177493974566459656e-03
5.774230509996414185e-02
3.164074718952178955e-01
1.101166307926177979e-01
3.224435821175575256e-02
9.378259629011154175e-02
1.947910338640213013e-02
8.840435743331909180e-02
2.267500609159469604e-01
4.402506723999977112e-02
-3.856624709442257881e-03
1.976799368858337402e-01
1.914340108633041382e-01
9.538775309920310974e-03
8.499111048877239227e-03
2.323533408343791962e-02
5.830779299139976501e-02
1.516287922859191895e-01
1.140159647911787033e-02
1.619199663400650024e-01
1.050529181957244873e-01
1.311931908130645752e-01
2.299665510654449463e-01
1.101172268390655518e-01
-2.656708471477031708e-03
1.131754368543624878e-01
1.442278772592544556e-01
1.133652403950691223e-01
1.817544177174568176e-02
7.352978736162185669e-02
5.537181720137596130e-02
1.362445484846830368e-02
1.871776729822158813e-01
6.229205802083015442e-02
7.441628724336624146e-02
6.513846665620803833e-02
8.255941793322563171e-03
6.203174591064453125e-02
1.309308260679244995e-01
6.807018816471099854e-02
3.211655886843800545e-03
4.664949327707290649e-02
5.183081328868865967e-02
4.873926751315593719e-03
1.805823147296905518e-01
8.771979063749313354e-02
1.353281587362289429e-01
4.757466539740562439e-02
2.705335058271884918e-02
4.968590661883354187e-02
1.110863089561462402e-01
-5.835659801959991455e-03
9.896351397037506104e-02
5.684695020318031311e-02
