2.865845263004302979e-01
5.016247034072875977e-01
3.291938900947570801e-01
2.633114457130432129e-01
3.831123113632202148e-01
3.736419081687927246e-01
3.790721893310546875e-01
3.831706345081329346e-01
3.780632913112640381e-01
3.348282873630523682e-01
2.438564151525497437e-01
2.714536786079406738e-01
3.712120652198791504e-01
5.076522231101989746e-01
3.999535739421844482e-01
4.161356687545776367e-01
4.808092713356018066e-01
2.199387401342391968e-01
3.040338158607482910e-01
2.719233334064483643e-01
2.938598692417144775e-01
3.457426130771636963e-01
3.291517496109008789e-01
2.884424328804016113e-01
4.936228394508361816e-01
4.290897548198699951e-01
3.210360407829284668e-01
3.107005655765533447e-01
3.224280476570129395e-01
2.991724014282226562e-01
3.010630905628204346e-01
3.469275236129760742e-01
2.951221466064453125e-01
3.726258277893066406e-01
5.648587942123413086e-01
3.170439898967742920e-01
3.955531716346740723e-01
3.646486699581146240e-01
3.452670574188232422e-01
5.003645420074462891e-01
2.821362018585205078e-01
2.930905222892761230e-01
3.334516584873199463e-01
2.374961376190185547e-01
2.641308009624481201e-01
4.638726711273193359e-01
3.344542086124420166e-01
4.194037616252899170e-01
3.734308779239654541e-01
4.127738177776336670e-01
2.624346017837524414e-01
3.110395967960357666e-01
4.698516428470611572e-01
4.026990532875061035e-01
3.797392547130584717e-01
3.423302769660949707e-01
2.666815519332885742e-01
3.593109846115112305e-01
4.296989142894744873e-01
2.910203337669372559e-01
3.527238965034484863e-01
3.167896270751953125e-01
3.330757021903991699e-01
3.004231452941894531e-01
2.709968388080596924e-01
6.818865537643432617e-01
4.646488726139068604e-01
3.424779772758483887e-01
3.449614346027374268e-01
2.668147385120391846e-01
3.559834361076354980e-01
2.909404635429382324e-01
3.410864174365997314e-01
2.378860265016555786e-01
4.456805884838104248e-01
2.441210448741912842e-01
3.255055844783782959e-01
4.521407485008239746e-01
3.699222207069396973e-01
3.198769688606262207e-01
2.792518436908721924e-01
3.866170346736907959e-01
5.851531028747558594e-01
3.454425036907196045e-01
4.349332451820373535e-01
5.810182094573974609e-01
4.226018786430358887e-01
3.951529562473297119e-01
5.653691291809082031e-01
4.809980094432830811e-01
3.833511471748352051e-01
3.187212944030761719e-01
4.090545475482940674e-01
3.617833256721496582e-01
4.274228215217590332e-01
4.653298854827880859e-01
3.222340047359466553e-01
3.563192486763000488e-01
2.604964673519134521e-01
3.066199421882629395e-01
2.812312245368957520e-01
3.753211498260498047e-01
3.055396080017089844e-01
3.596603870391845703e-01
3.726657629013061523e-01
4.100662767887115479e-01
3.483407795429229736e-01
3.038283288478851318e-01
3.677814304828643799e-01
3.383075594902038574e-01
3.649990558624267578e-01
3.318645358085632324e-01
2.413046061992645264e-01
5.427970886230468750e-01
4.408619999885559082e-01
3.576458990573883057e-01
1.991306543350219727e-01
3.386380374431610107e-01
2.873757779598236084e-01
5.760021209716796875e-01
3.947214484214782715e-01
4.086762666702270508e-01
2.839133441448211670e-01
3.409006297588348389e-01
3.578849732875823975e-01
2.313986867666244507e-01
3.995781242847442627e-01
3.708530068397521973e-01
3.421445786952972412e-01
5.628424286842346191e-01
4.858368933200836182e-01
2.660842537879943848e-01
2.658452987670898438e-01
4.639373123645782471e-01
4.181374311447143555e-01
4.820297658443450928e-01
3.373067975044250488e-01
3.485671281814575195e-01
4.258881509304046631e-01
3.504980504512786865e-01
3.858411610126495361e-01
2.303581833839416504e-01
2.923867702484130859e-01
2.566982209682464600e-01
2.729455530643463135e-01
3.838999271392822266e-01
3.748655319213867188e-01
3.331091105937957764e-01
2.470620721578598022e-01
5.467234253883361816e-01
5.123048424720764160e-01
3.140018284320831299e-01
2.879236340522766113e-01
3.600603640079498291e-01
3.520226478576660156e-01
4.189815819263458252e-01
3.984202444553375244e-01
4.268871545791625977e-01
4.642355442047119141e-01
2.914185523986816406e-01
3.335000872611999512e-01
2.738085389137268066e-01
4.579645097255706787e-01
4.419116675853729248e-01
2.931548058986663818e-01
3.183403611183166504e-01
3.519574999809265137e-01
4.372375011444091797e-01
2.831022739410400391e-01
3.342356383800506592e-01
4.662938416004180908e-01
3.441388607025146484e-01
3.182788789272308350e-01
2.885749638080596924e-01
3.813904523849487305e-01
3.311246931552886963e-01
3.930905759334564209e-01
3.123536407947540283e-01
4.626687169075012207e-01
3.292026519775390625e-01
1.869589984416961670e-01
3.567577898502349854e-01
5.636184811592102051e-01
4.216366410255432129e-01
2.250253856182098389e-01
2.988149523735046387e-01
4.058212041854858398e-01
4.201928079128265381e-01
2.991051375865936279e-01
5.585314631462097168e-01
2.807210683822631836e-01
2.949850261211395264e-01
2.519575953483581543e-01
3.174307942390441895e-01
3.428815901279449463e-01
3.975980579853057861e-01
3.532584011554718018e-01
3.247271180152893066e-01
4.005020558834075928e-01
2.181054055690765381e-01
4.733128249645233154e-01
3.811564147472381592e-01
3.276435136795043945e-01
4.412444233894348145e-01
2.764773368835449219e-01
4.606034457683563232e-01
2.887452244758605957e-01
3.770046532154083252e-01
3.868013620376586914e-01
3.915531635284423828e-01
3.816974759101867676e-01
3.146452009677886963e-01
4.002393186092376709e-01
3.198240995407104492e-01
2.959554195404052734e-01
2.780961394309997559e-01
3.129780292510986328e-01
3.930809199810028076e-01
3.329336643218994141e-01
2.938653230667114258e-01
3.855049312114715576e-01
3.064101338386535645e-01
3.307370841503143311e-01
4.365853667259216309e-01
2.646690905094146729e-01
3.945694863796234131e-01
4.092232286930084229e-01
4.200774431228637695e-01
3.716872930526733398e-01
3.589393198490142822e-01
2.672977447509765625e-01
3.630816638469696045e-01
3.122095763683319092e-01
3.267517089843750000e-01
2.730535864830017090e-01
3.233925700187683105e-01
4.416289627552032471e-01
4.987078011035919189e-01
3.937824964523315430e-01
3.513878881931304932e-01
4.556576609611511230e-01
2.787333130836486816e-01
3.679707050323486328e-01
4.952152669429779053e-01
3.186813890933990479e-01
3.722342252731323242e-01
3.658394217491149902e-01
3.661088943481445312e-01
3.375823795795440674e-01
4.037014842033386230e-01
3.475770354270935059e-01
3.195958137512207031e-01
4.221409857273101807e-01
3.704198598861694336e-01
2.859480082988739014e-01
3.059103190898895264e-01
4.209762215614318848e-01
4.482177793979644775e-01
3.634903728961944580e-01
3.396962881088256836e-01
4.000256061553955078e-01
2.758486866950988770e-01
4.072610139846801758e-01
2.058711498975753784e-01
2.597034275531768799e-01
3.695161938667297363e-01
3.084563016891479492e-01
4.757569432258605957e-01
4.180074334144592285e-01
4.156658351421356201e-01
2.761824727058410645e-01
3.509000539779663086e-01
3.862545788288116455e-01
3.742977380752563477e-01
3.694456517696380615e-01
1.953700184822082520e-01
3.042692840099334717e-01
2.871566712856292725e-01
4.221702218055725098e-01
5.309993624687194824e-01
3.659287989139556885e-01
3.699383437633514404e-01
3.726992309093475342e-01
2.281909883022308350e-01
3.404053747653961182e-01
3.819612860679626465e-01
3.643290698528289795e-01
3.247815966606140137e-01
3.464019298553466797e-01
5.266743302345275879e-01
3.377400934696197510e-01
3.484175205230712891e-01
3.542883098125457764e-01
2.364535629749298096e-01
3.247750997543334961e-01
3.533144295215606689e-01
3.859651386737823486e-01
3.209631443023681641e-01
3.328367769718170166e-01
2.310055643320083618e-01
5.685391426086425781e-01
4.447619318962097168e-01
4.065134525299072266e-01
3.780724108219146729e-01
3.071553111076354980e-01
4.036653637886047363e-01
3.266974985599517822e-01
3.261808753013610840e-01
4.206316471099853516e-01
2.521750032901763916e-01
3.720572888851165771e-01
3.641421496868133545e-01
3.490978777408599854e-01
3.583231568336486816e-01
3.311583995819091797e-01
2.946567535400390625e-01
3.671103715896606445e-01
3.558700978755950928e-01
2.689148187637329102e-01
3.344029188156127930e-01
3.238811790943145752e-01
3.992403745651245117e-01
3.442826569080352783e-01
3.642882108688354492e-01
2.961742579936981201e-01
2.580467164516448975e-01
2.577168941497802734e-01
3.234089910984039307e-01
3.618071079254150391e-01
2.694083154201507568e-01
2.943765223026275635e-01
6.137394905090332031e-01
2.804848849773406982e-01
2.860454022884368896e-01
2.756711840629577637e-01
3.255413770675659180e-01
3.486843109130859375e-01
2.501381933689117432e-01
2.568292319774627686e-01
3.553722500801086426e-01
3.257727921009063721e-01
3.732804656028747559e-01
3.579754829406738281e-01
4.652300477027893066e-01
2.795158922672271729e-01
5.246716737747192383e-01
5.670594573020935059e-01
3.798723518848419189e-01
3.686186075210571289e-01
4.002309739589691162e-01
2.851322591304779053e-01
3.073278963565826416e-01
2.396230697631835938e-01
3.735335171222686768e-01
3.144938945770263672e-01
3.918288350105285645e-01
4.042068123817443848e-01
3.333839774131774902e-01
2.476408481597900391e-01
3.281454741954803467e-01
2.847270965576171875e-01
2.027149349451065063e-01
3.178555667400360107e-01
2.658204436302185059e-01
3.623704314231872559e-01
3.957569897174835205e-01
2.993129193782806396e-01
3.706593215465545654e-01
3.948875963687896729e-01
2.504762709140777588e-01
5.038467049598693848e-01
3.197534382343292236e-01
2.863393425941467285e-01
3.042101562023162842e-01
4.214349389076232910e-01
1.732781231403350830e-01
3.765466213226318359e-01
4.315270483493804932e-01
2.763333320617675781e-01
3.609952628612518311e-01
5.668535828590393066e-01
3.223741650581359863e-01
4.529946744441986084e-01
4.763730466365814209e-01
3.688802421092987061e-01
2.543886005878448486e-01
4.110106229782104492e-01
3.033742606639862061e-01
5.598218441009521484e-01
4.098486304283142090e-01
3.467925786972045898e-01
3.295696675777435303e-01
2.646970152854919434e-01
3.377249240875244141e-01
3.318237066268920898e-01
3.216202855110168457e-01
3.712267577648162842e-01
3.385457396507263184e-01
3.485773801803588867e-01
2.680782377719879150e-01
2.500461637973785400e-01
3.446061015129089355e-01
3.771900236606597900e-01
3.262993097305297852e-01
4.023936986923217773e-01
3.801723718643188477e-01
2.574718296527862549e-01
3.773374557495117188e-01
2.746190428733825684e-01
5.477983951568603516e-01
3.331581652164459229e-01
5.250717997550964355e-01
3.470320105552673340e-01
4.302273690700531006e-01
4.491877853870391846e-01
3.310614526271820068e-01
3.437433242797851562e-01
3.663112521171569824e-01
2.835186421871185303e-01
3.589305281639099121e-01
3.586148321628570557e-01
3.067682385444641113e-01
2.404897361993789673e-01
3.777307569980621338e-01
3.764626979827880859e-01
3.660846948623657227e-01
3.319816589355468750e-01
4.858261942863464355e-01
3.138661086559295654e-01
4.078832268714904785e-01
4.071314036846160889e-01
6.116034388542175293e-01
3.837516605854034424e-01
3.951346874237060547e-01
3.690358698368072510e-01
4.104044437408447266e-01
3.232246339321136475e-01
3.194268047809600830e-01
3.132755756378173828e-01
3.072560131549835205e-01
2.968430519104003906e-01
3.978784382343292236e-01
4.713541269302368164e-01
3.202959597110748291e-01
3.336738944053649902e-01
3.555974662303924561e-01
1.695636361837387085e-01
2.327774465084075928e-01
3.404527902603149414e-01
3.847370445728302002e-01
1.992289721965789795e-01
5.474190115928649902e-01
3.319328725337982178e-01
3.380915820598602295e-01
3.596756160259246826e-01
3.078139126300811768e-01
3.125555813312530518e-01
3.109359741210937500e-01
3.739727437496185303e-01
5.088578462600708008e-01
3.612274527549743652e-01
3.751668334007263184e-01
3.354590535163879395e-01
3.813913464546203613e-01
3.093168139457702637e-01
3.773084580898284912e-01
4.402862787246704102e-01
3.244238495826721191e-01
3.407091796398162842e-01
3.428035676479339600e-01
3.201058506965637207e-01
3.942089080810546875e-01
3.928799331188201904e-01
4.730843007564544678e-01
4.215777218341827393e-01
4.616863727569580078e-01
3.032362163066864014e-01
3.437176942825317383e-01
3.929107189178466797e-01
4.843886792659759521e-01
3.444746136665344238e-01
2.044026553630828857e-01
2.766466438770294189e-01
3.284737765789031982e-01
4.129331409931182861e-01
3.509836196899414062e-01
2.938210368156433105e-01
3.354961872100830078e-01
3.126720786094665527e-01
3.765066266059875488e-01
3.761935830116271973e-01
2.952525615692138672e-01
3.877877891063690186e-01
3.501924872398376465e-01
2.738647162914276123e-01
4.050356447696685791e-01
3.927887976169586182e-01
3.248401284217834473e-01
2.701060771942138672e-01
4.262648522853851318e-01
2.928748726844787598e-01
3.866704106330871582e-01
3.993172347545623779e-01
5.506872534751892090e-01
2.562853693962097168e-01
2.358185052871704102e-01
2.933236062526702881e-01
4.331999719142913818e-01
2.585139274597167969e-01
3.282863497734069824e-01
2.713607847690582275e-01
2.662092745304107666e-01
4.020711183547973633e-01
4.281484186649322510e-01
3.962273895740509033e-01
3.839528858661651611e-01
4.594291746616363525e-01
3.028192222118377686e-01
3.683056831359863281e-01
3.158453702926635742e-01
3.653778731822967529e-01
2.769858837127685547e-01
3.778007626533508301e-01
2.428691536188125610e-01
3.532111644744873047e-01
4.165731370449066162e-01
5.267470479011535645e-01
3.165621757507324219e-01
3.577899336814880371e-01
3.450433611869812012e-01
3.361022770404815674e-01
3.742446303367614746e-01
3.290808498859405518e-01
2.728126645088195801e-01
3.527982234954833984e-01
2.157115340232849121e-01
3.010102510452270508e-01
3.812872171401977539e-01
4.097687005996704102e-01
3.121783137321472168e-01
3.185747265815734863e-01
3.424776792526245117e-01
2.672310173511505127e-01
2.912257313728332520e-01
3.023426532745361328e-01
2.792270183563232422e-01
3.750698864459991455e-01
4.020834267139434814e-01
3.263479471206665039e-01
3.011604249477386475e-01
3.270370662212371826e-01
3.480665683746337891e-01
3.489546477794647217e-01
3.348987102508544922e-01
3.005885779857635498e-01
2.109094113111495972e-01
3.854318857192993164e-01
3.578297495841979980e-01
3.414041101932525635e-01
4.245034456253051758e-01
2.346983402967453003e-01
4.386301338672637939e-01
3.200221955776214600e-01
3.094647824764251709e-01
7.133643031120300293e-01
3.483341336250305176e-01
3.511385023593902588e-01
4.513911604881286621e-01
4.967810213565826416e-01
3.788011074066162109e-01
4.153339862823486328e-01
5.236243605613708496e-01
4.782673120498657227e-01
3.169087469577789307e-01
3.702647089958190918e-01
4.171145856380462646e-01
4.914872944355010986e-01
2.827430665493011475e-01
2.540299296379089355e-01
3.233125209808349609e-01
5.392748117446899414e-01
1.983428448438644409e-01
3.140870332717895508e-01
3.694885969161987305e-01
2.997499406337738037e-01
3.432331383228302002e-01
4.195888638496398926e-01
2.918169200420379639e-01
3.582071959972381592e-01
5.764980316162109375e-01
3.069287538528442383e-01
4.817252457141876221e-01
4.937186241149902344e-01
4.669469594955444336e-01
2.749806344509124756e-01
4.268738627433776855e-01
3.206471502780914307e-01
3.137949407100677490e-01
3.982387185096740723e-01
2.886902391910552979e-01
3.604086041450500488e-01
3.286484777927398682e-01
3.125756680965423584e-01
2.495464086532592773e-01
3.058532476425170898e-01
3.068813979625701904e-01
5.127121806144714355e-01
3.940014541149139404e-01
3.166878521442413330e-01
3.086349368095397949e-01
2.935601174831390381e-01
3.317498862743377686e-01
4.477513432502746582e-01
3.374717533588409424e-01
3.685302436351776123e-01
3.565203845500946045e-01
4.225219190120697021e-01
7.636842727661132812e-01
2.510352432727813721e-01
3.209070861339569092e-01
3.281426429748535156e-01
2.965229451656341553e-01
3.715027868747711182e-01
5.092167854309082031e-01
2.520116269588470459e-01
3.143769800662994385e-01
2.799092233180999756e-01
2.744823992252349854e-01
4.393287599086761475e-01
2.839503288269042969e-01
3.231416046619415283e-01
3.250629603862762451e-01
2.939893305301666260e-01
3.915992081165313721e-01
4.326776564121246338e-01
4.565617442131042480e-01
3.354764282703399658e-01
4.293122589588165283e-01
2.372187077999114990e-01
4.273064434528350830e-01
4.175774157047271729e-01
3.065289556980133057e-01
2.942905128002166748e-01
2.977181971073150635e-01
3.882006406784057617e-01
3.669107258319854736e-01
3.514766097068786621e-01
3.337491750717163086e-01
3.112358152866363525e-01
2.753299474716186523e-01
3.357326090335845947e-01
2.423635870218276978e-01
3.792234361171722412e-01
4.072879254817962646e-01
3.428470790386199951e-01
4.480915665626525879e-01
4.413851201534271240e-01
3.932207822799682617e-01
2.994217276573181152e-01
3.591872453689575195e-01
3.209829330444335938e-01
3.398041129112243652e-01
4.016272425651550293e-01
4.844303429126739502e-01
3.530832231044769287e-01
3.136354386806488037e-01
7.001573443412780762e-01
6.840980052947998047e-01
4.219980239868164062e-01
2.896887063980102539e-01
3.421112298965454102e-01
2.654283642768859863e-01
3.476198315620422363e-01
2.332975417375564575e-01
3.502072095870971680e-01
3.236781954765319824e-01
2.285512834787368774e-01
4.123263359069824219e-01
2.681215107440948486e-01
3.953156769275665283e-01
3.166220188140869141e-01
3.761130273342132568e-01
4.031722843647003174e-01
4.784288108348846436e-01
3.626307249069213867e-01
3.476877808570861816e-01
4.595400094985961914e-01
4.708683788776397705e-01
3.360978960990905762e-01
2.760435938835144043e-01
4.410175681114196777e-01
2.533827722072601318e-01
3.266283273696899414e-01
3.756070435047149658e-01
4.192827045917510986e-01
3.656426370143890381e-01
2.829184830188751221e-01
3.804871439933776855e-01
1.828176677227020264e-01
4.321565330028533936e-01
3.348922729492187500e-01
3.582015633583068848e-01
4.387820959091186523e-01
3.339539766311645508e-01
3.325483500957489014e-01
3.061091601848602295e-01
4.368123710155487061e-01
3.800300955772399902e-01
4.839432239532470703e-01
2.884486615657806396e-01
3.182468116283416748e-01
4.844873547554016113e-01
5.899732708930969238e-01
2.669085860252380371e-01
3.081794679164886475e-01
3.554801344871520996e-01
2.899855673313140869e-01
3.324472606182098389e-01
2.516547739505767822e-01
3.009345829486846924e-01
4.092815518379211426e-01
2.969188392162322998e-01
3.233366012573242188e-01
4.490269422531127930e-01
3.642489910125732422e-01
3.938782811164855957e-01
3.392026424407958984e-01
3.454336822032928467e-01
2.061042636632919312e-01
3.545699417591094971e-01
3.831592500209808350e-01
3.653093874454498291e-01
3.661727905273437500e-01
3.309822380542755127e-01
3.729182779788970947e-01
3.061138093471527100e-01
3.239241540431976318e-01
3.643075227737426758e-01
3.256365060806274414e-01
3.385606110095977783e-01
3.080394268035888672e-01
3.976748585700988770e-01
3.957826793193817139e-01
3.253322243690490723e-01
3.139263093471527100e-01
3.573586940765380859e-01
3.350280821323394775e-01
2.804264724254608154e-01
3.078235983848571777e-01
3.712210655212402344e-01
2.915033996105194092e-01
3.744753003120422363e-01
3.008397817611694336e-01
5.227026939392089844e-01
3.666228652000427246e-01
3.319354653358459473e-01
3.623296320438385010e-01
3.289629817008972168e-01
5.338407754898071289e-01
3.338167071342468262e-01
3.095039725303649902e-01
3.424406945705413818e-01
4.254956841468811035e-01
4.054845869541168213e-01
3.599553406238555908e-01
4.505757987499237061e-01
3.908440470695495605e-01
4.403088092803955078e-01
4.515969753265380859e-01
3.143026828765869141e-01
4.968873858451843262e-01
2.510352432727813721e-01
4.647412598133087158e-01
5.040303468704223633e-01
3.922332823276519775e-01
2.791037559509277344e-01
4.270649850368499756e-01
3.917486667633056641e-01
3.355809450149536133e-01
3.856232464313507080e-01
2.785925269126892090e-01
4.170658588409423828e-01
4.064423739910125732e-01
3.851719200611114502e-01
3.816048204898834229e-01
3.154558539390563965e-01
2.918536365032196045e-01
3.621076643466949463e-01
3.476391434669494629e-01
3.711678981781005859e-01
4.484630227088928223e-01
3.570618033409118652e-01
3.459817767143249512e-01
2.363075166940689087e-01
2.852529585361480713e-01
3.149165511131286621e-01
3.280628919601440430e-01
2.676837146282196045e-01
4.783332347869873047e-01
4.310061335563659668e-01
3.760119676589965820e-01
2.486079633235931396e-01
1.561497449874877930e-01
2.328875064849853516e-01
3.851195275783538818e-01
4.618255198001861572e-01
4.570596814155578613e-01
3.380493521690368652e-01
3.420796096324920654e-01
4.069872200489044189e-01
3.094730079174041748e-01
3.047766685485839844e-01
3.609797358512878418e-01
4.153148233890533447e-01
3.235895931720733643e-01
2.932724654674530029e-01
4.353822469711303711e-01
4.049046039581298828e-01
3.172977864742279053e-01
2.859826683998107910e-01
3.617621958255767822e-01
3.230831921100616455e-01
2.961136400699615479e-01
3.641281723976135254e-01
4.249895513057708740e-01
4.732874631881713867e-01
2.328287810087203979e-01
2.595483362674713135e-01
4.301709830760955811e-01
3.427821397781372070e-01
3.546977043151855469e-01
6.035779714584350586e-01
2.949281036853790283e-01
3.840924501419067383e-01
3.977074921131134033e-01
3.318983614444732666e-01
2.733247876167297363e-01
2.958133518695831299e-01
3.131859004497528076e-01
4.194958209991455078e-01
3.336361944675445557e-01
3.130261003971099854e-01
3.419985771179199219e-01
6.021366119384765625e-01
3.756900429725646973e-01
4.002347886562347412e-01
4.010372757911682129e-01
2.774948477745056152e-01
2.792868614196777344e-01
2.864981293678283691e-01
2.757139205932617188e-01
3.559956848621368408e-01
3.099582791328430176e-01
2.693490087985992432e-01
2.340712845325469971e-01
3.223629593849182129e-01
2.990867197513580322e-01
3.025033771991729736e-01
3.014959990978240967e-01
4.008216857910156250e-01
4.608944356441497803e-01
3.146726489067077637e-01
2.907137274742126465e-01
3.566051721572875977e-01
3.856636583805084229e-01
4.194770455360412598e-01
1.826225668191909790e-01
3.644503057003021240e-01
3.850778043270111084e-01
3.135977983474731445e-01
2.870335578918457031e-01
2.909425497055053711e-01
2.372131198644638062e-01
6.104549765586853027e-01
6.390220522880554199e-01
5.157740712165832520e-01
3.651230335235595703e-01
4.692639708518981934e-01
4.780501127243041992e-01
3.164754211902618408e-01
3.219390511512756348e-01
2.197439074516296387e-01
5.402655005455017090e-01
3.930583894252777100e-01
4.030527472496032715e-01
4.509682953357696533e-01
3.250522613525390625e-01
2.837765812873840332e-01
3.471067249774932861e-01
2.949430048465728760e-01
4.039852619171142578e-01
3.318472206592559814e-01
3.941757977008819580e-01
5.691401362419128418e-01
2.695535123348236084e-01
2.848010659217834473e-01
3.196189999580383301e-01
2.494984120130538940e-01
6.273819804191589355e-01
4.674839973449707031e-01
2.297714650630950928e-01
3.571152091026306152e-01
4.393166899681091309e-01
2.713526189327239990e-01
3.722319602966308594e-01
3.733666837215423584e-01
2.599747478961944580e-01
4.559064507484436035e-01
3.826093375682830811e-01
4.706977009773254395e-01
3.793169260025024414e-01
4.022326171398162842e-01
4.441520571708679199e-01
3.281873464584350586e-01
2.754394114017486572e-01
3.281659483909606934e-01
3.924539983272552490e-01
2.171901613473892212e-01
3.850657939910888672e-01
3.681925833225250244e-01
2.696034610271453857e-01
3.379426300525665283e-01
3.222252428531646729e-01
4.104905724525451660e-01
4.202480614185333252e-01
6.875630617141723633e-01
3.654635548591613770e-01
2.510015666484832764e-01
3.961100876331329346e-01
3.969466090202331543e-01
3.182577788829803467e-01
4.488092958927154541e-01
4.447181224822998047e-01
2.703743875026702881e-01
3.229773938655853271e-01
3.153191208839416504e-01
4.192079007625579834e-01
4.106336832046508789e-01
3.497446477413177490e-01
2.804950773715972900e-01
3.753943741321563721e-01
3.618386983871459961e-01
6.356979608535766602e-01
3.439472615718841553e-01
4.541352689266204834e-01
3.714356124401092529e-01
2.326736599206924438e-01
4.028709232807159424e-01
4.594988822937011719e-01
4.152714014053344727e-01
3.413377404212951660e-01
4.079709649085998535e-01
2.812063992023468018e-01
3.635906577110290527e-01
3.175427317619323730e-01
3.208149373531341553e-01
3.609709441661834717e-01
3.073667585849761963e-01
4.782536327838897705e-01
5.790780186653137207e-01
3.308787941932678223e-01
3.479010462760925293e-01
2.930282056331634521e-01
2.944706082344055176e-01
3.236066699028015137e-01
3.506095111370086670e-01
3.617048263549804688e-01
3.597815632820129395e-01
2.623100578784942627e-01
4.172271788120269775e-01
3.070272505283355713e-01
4.127366542816162109e-01
4.108799993991851807e-01
3.441488444805145264e-01
4.005848169326782227e-01
3.203735649585723877e-01
1.892070919275283813e-01
3.780624568462371826e-01
3.561181724071502686e-01
2.498418688774108887e-01
3.913607895374298096e-01
2.411815226078033447e-01
2.708885669708251953e-01
3.105624914169311523e-01
3.536553680896759033e-01
2.785871922969818115e-01
3.315493464469909668e-01
3.911199271678924561e-01
4.910214841365814209e-01
5.336107611656188965e-01
3.309703171253204346e-01
3.814586400985717773e-01
2.915412187576293945e-01
3.736917972564697266e-01
3.740982115268707275e-01
3.523870408535003662e-01
3.900243639945983887e-01
3.758140802383422852e-01
3.874078691005706787e-01
2.328839749097824097e-01
4.054035842418670654e-01
2.710520029067993164e-01
2.906825542449951172e-01
3.851031959056854248e-01
3.126606643199920654e-01
2.516310811042785645e-01
3.681886792182922363e-01
4.084534943103790283e-01
2.788166105747222900e-01
5.129153728485107422e-01
3.718770444393157959e-01
3.833545446395874023e-01
2.944533228874206543e-01
3.553128838539123535e-01
2.556933760643005371e-01
3.676785230636596680e-01
4.941040873527526855e-01
3.611588478088378906e-01
1.914919465780258179e-01
3.305195868015289307e-01
5.042030811309814453e-01
3.019391298294067383e-01
3.526537120342254639e-01
3.533523976802825928e-01
3.977824449539184570e-01
2.746413648128509521e-01
2.492401599884033203e-01
2.811478972434997559e-01
3.328008353710174561e-01
2.330299019813537598e-01
3.381317257881164551e-01
3.452308475971221924e-01
3.788685798645019531e-01
3.744518458843231201e-01
3.517824709415435791e-01
3.473458290100097656e-01
3.042164146900177002e-01
4.146875441074371338e-01
2.685955166816711426e-01
2.762998342514038086e-01
3.460443317890167236e-01
2.253331691026687622e-01
2.656419575214385986e-01
3.698119521141052246e-01
4.424497485160827637e-01
4.420570731163024902e-01
3.558630943298339844e-01
2.642028033733367920e-01
4.417302608489990234e-01
4.956826269626617432e-01
4.549039602279663086e-01
6.408771872520446777e-01
3.438965976238250732e-01
2.385473102331161499e-01
3.549816608428955078e-01
4.084759950637817383e-01
3.235362172126770020e-01
3.858866691589355469e-01
2.793087661266326904e-01
3.727047741413116455e-01
2.455794364213943481e-01
3.232724070549011230e-01
4.723091125488281250e-01
3.214433491230010986e-01
2.555272281169891357e-01
3.259885907173156738e-01
4.137291908264160156e-01
2.576504051685333252e-01
2.923185825347900391e-01
3.211582899093627930e-01
3.988969922065734863e-01
3.573772013187408447e-01
3.183219432830810547e-01
3.875854611396789551e-01
3.319535553455352783e-01
3.645351529121398926e-01
2.404470890760421753e-01
4.333801269531250000e-01
4.333409070968627930e-01
4.180400669574737549e-01
3.157110810279846191e-01
2.775512933731079102e-01
4.904840886592864990e-01
3.241232335567474365e-01
3.850487470626831055e-01
3.793855309486389160e-01
3.630169928073883057e-01
3.446384072303771973e-01
3.037805855274200439e-01
4.621934294700622559e-01
2.636790275573730469e-01
3.975813686847686768e-01
3.884133994579315186e-01
4.603213071823120117e-01
2.900167107582092285e-01
2.642058134078979492e-01
6.857034564018249512e-01
3.515016436576843262e-01
2.540495395660400391e-01
3.984480202198028564e-01
4.784350693225860596e-01
3.090049624443054199e-01
3.305109739303588867e-01
2.307444959878921509e-01
2.625977396965026855e-01
4.476777613162994385e-01
6.607282161712646484e-01
3.002448678016662598e-01
4.306136369705200195e-01
3.859965205192565918e-01
3.545995056629180908e-01
6.847761869430541992e-01
1.342632472515106201e-01
3.916993141174316406e-01
2.932812273502349854e-01
4.273985028266906738e-01
3.608900308609008789e-01
5.211787819862365723e-01
4.903560578823089600e-01
3.762407004833221436e-01
3.335336744785308838e-01
4.600469470024108887e-01
4.471741318702697754e-01
3.009284734725952148e-01
3.696884214878082275e-01
2.453789561986923218e-01
2.650652825832366943e-01
3.163826763629913330e-01
2.935830354690551758e-01
3.712492287158966064e-01
3.923007547855377197e-01
5.736499428749084473e-01
5.621256232261657715e-01
3.766654431819915771e-01
4.043163657188415527e-01
3.672252893447875977e-01
2.950500845909118652e-01
2.483730018138885498e-01
2.754652202129364014e-01
2.933729887008666992e-01
3.354328572750091553e-01
2.914494574069976807e-01
3.359111845493316650e-01
4.692793488502502441e-01
4.091377854347229004e-01
3.933319449424743652e-01
3.449531793594360352e-01
2.471221983432769775e-01
4.614637792110443115e-01
3.190660178661346436e-01
3.650392889976501465e-01
3.912207782268524170e-01
2.070178091526031494e-01
4.277097880840301514e-01
3.501613438129425049e-01
2.963503301143646240e-01
2.511006593704223633e-01
2.171971350908279419e-01
3.682194054126739502e-01
2.775718569755554199e-01
4.532204270362854004e-01
3.387629985809326172e-01
3.613224923610687256e-01
3.772204220294952393e-01
3.532498180866241455e-01
4.086035788059234619e-01
3.363205492496490479e-01
3.146261870861053467e-01
4.477763175964355469e-01
1.982551366090774536e-01
3.069615662097930908e-01
3.189727365970611572e-01
2.836670279502868652e-01
3.687082231044769287e-01
3.662452697753906250e-01
3.718824684619903564e-01
3.404313921928405762e-01
3.169530630111694336e-01
3.525577783584594727e-01
5.517458319664001465e-01
4.521296620368957520e-01
2.561531066894531250e-01
2.838378250598907471e-01
2.435630559921264648e-01
3.574783504009246826e-01
2.555014491081237793e-01
3.411011993885040283e-01
4.605755209922790527e-01
4.416382908821105957e-01
6.786596179008483887e-01
4.279637038707733154e-01
3.580283820629119873e-01
3.867567181587219238e-01
3.736507594585418701e-01
2.912971377372741699e-01
3.349862098693847656e-01
6.872482299804687500e-01
4.022985696792602539e-01
4.376056790351867676e-01
4.137341678142547607e-01
3.614656329154968262e-01
3.977114260196685791e-01
3.256742954254150391e-01
2.855476737022399902e-01
3.488756418228149414e-01
3.036397397518157959e-01
3.728838860988616943e-01
5.517554879188537598e-01
3.235855400562286377e-01
3.498204946517944336e-01
4.235118329524993896e-01
2.720893323421478271e-01
4.125340282917022705e-01
4.054700732231140137e-01
2.673771977424621582e-01
5.517871975898742676e-01
2.418697774410247803e-01
3.210257887840270996e-01
2.955310642719268799e-01
5.029298663139343262e-01
2.618338763713836670e-01
2.105905860662460327e-01
3.037846386432647705e-01
3.674799799919128418e-01
2.562082111835479736e-01
2.571300864219665527e-01
3.160618841648101807e-01
3.958050906658172607e-01
4.117582142353057861e-01
4.006880223751068115e-01
3.725983500480651855e-01
4.901215732097625732e-01
3.689131140708923340e-01
3.292512893676757812e-01
5.489252805709838867e-01
4.452323615550994873e-01
5.479563474655151367e-01
3.805777430534362793e-01
3.772473335266113281e-01
3.742290735244750977e-01
3.047236204147338867e-01
3.418302237987518311e-01
3.962956666946411133e-01
4.936856329441070557e-01
3.423025906085968018e-01
4.382739961147308350e-01
3.577358126640319824e-01
2.788565456867218018e-01
3.954462409019470215e-01
2.784450948238372803e-01
3.227506875991821289e-01
4.805046617984771729e-01
3.220103681087493896e-01
3.492863178253173828e-01
4.625629782676696777e-01
3.494582772254943848e-01
3.151275217533111572e-01
4.898608624935150146e-01
3.791580498218536377e-01
4.414665102958679199e-01
2.247775793075561523e-01
5.202907919883728027e-01
4.767902493476867676e-01
2.855629920959472656e-01
2.389881610870361328e-01
2.788380682468414307e-01
4.315238893032073975e-01
3.997725844383239746e-01
4.208592176437377930e-01
2.921801507472991943e-01
2.776747345924377441e-01
2.751266658306121826e-01
3.069185614585876465e-01
3.019636869430541992e-01
2.909868061542510986e-01
2.980507016181945801e-01
4.016430079936981201e-01
3.750924766063690186e-01
3.236817419528961182e-01
4.071217477321624756e-01
3.479982912540435791e-01
4.096115231513977051e-01
3.725234866142272949e-01
3.847908973693847656e-01
3.725388348102569580e-01
3.779475688934326172e-01
3.283521831035614014e-01
3.784807622432708740e-01
2.386632412672042847e-01
2.104648649692535400e-01
3.861981928348541260e-01
4.402196705341339111e-01
1.824685931205749512e-01
2.617378830909729004e-01
2.906351387500762939e-01
2.238396704196929932e-01
5.011789798736572266e-01
4.261848926544189453e-01
2.721120715141296387e-01
3.559775054454803467e-01
3.311855792999267578e-01
4.137671291828155518e-01
4.606665670871734619e-01
3.652941584587097168e-01
4.855909347534179688e-01
3.032348453998565674e-01
3.824397921562194824e-01
3.896163105964660645e-01
2.484903633594512939e-01
4.115807116031646729e-01
3.086988031864166260e-01
3.553774952888488770e-01
4.824883043766021729e-01
3.322361707687377930e-01
4.173008799552917480e-01
2.548726499080657959e-01
4.097427725791931152e-01
4.409652650356292725e-01
3.133311867713928223e-01
3.286464214324951172e-01
3.950549960136413574e-01
2.892881035804748535e-01
4.129779338836669922e-01
3.569878041744232178e-01
4.780451059341430664e-01
4.143087863922119141e-01
3.547866642475128174e-01
3.406622111797332764e-01
4.906308650970458984e-01
2.872626483440399170e-01
3.297573029994964600e-01
4.428068101406097412e-01
2.790231704711914062e-01
4.585517942905426025e-01
3.987244963645935059e-01
3.776065409183502197e-01
3.467358946800231934e-01
5.327343344688415527e-01
4.238996505737304688e-01
3.296346664428710938e-01
4.352380931377410889e-01
3.137924671173095703e-01
2.720537781715393066e-01
2.683615088462829590e-01
2.542625367641448975e-01
3.868023753166198730e-01
4.466589987277984619e-01
3.223153054714202881e-01
3.865815997123718262e-01
3.804406523704528809e-01
2.309828251600265503e-01
2.915876209735870361e-01
3.661455214023590088e-01
2.782588303089141846e-01
3.873744308948516846e-01
3.314404487609863281e-01
4.027214944362640381e-01
3.256083726882934570e-01
3.423803746700286865e-01
2.694967389106750488e-01
3.291503489017486572e-01
3.115691244602203369e-01
3.891359567642211914e-01
3.129640519618988037e-01
3.682309389114379883e-01
2.919613420963287354e-01
2.875372171401977539e-01
2.880025207996368408e-01
4.725551009178161621e-01
3.188599646091461182e-01
3.402110934257507324e-01
3.305641710758209229e-01
3.561579287052154541e-01
2.847800254821777344e-01
2.892259061336517334e-01
4.136923551559448242e-01
3.697081506252288818e-01
3.876808285713195801e-01
3.413292467594146729e-01
4.195859134197235107e-01
3.430100679397583008e-01
3.973722159862518311e-01
3.059021234512329102e-01
3.355627954006195068e-01
3.892565071582794189e-01
3.976724445819854736e-01
3.744584321975708008e-01
3.141222298145294189e-01
3.856248855590820312e-01
2.928753197193145752e-01
3.344739079475402832e-01
3.418131172657012939e-01
2.961271703243255615e-01
2.920288145542144775e-01
3.809429705142974854e-01
4.582219719886779785e-01
3.196845054626464844e-01
4.154216051101684570e-01
4.145019352436065674e-01
3.582994937896728516e-01
4.424626231193542480e-01
2.933211624622344971e-01
4.002158641815185547e-01
3.825062811374664307e-01
4.660062193870544434e-01
3.513914048671722412e-01
3.712805509567260742e-01
4.379619359970092773e-01
4.411510527133941650e-01
3.065598309040069580e-01
3.857404589653015137e-01
4.704882502555847168e-01
2.263706326484680176e-01
2.653969526290893555e-01
3.899275362491607666e-01
4.511508345603942871e-01
4.180505573749542236e-01
4.863618910312652588e-01
3.057219982147216797e-01
3.837265670299530029e-01
5.196160078048706055e-01
3.509424030780792236e-01
5.278357863426208496e-01
3.116898834705352783e-01
4.187165200710296631e-01
3.948808014392852783e-01
3.683685064315795898e-01
2.438977956771850586e-01
4.821272492408752441e-01
4.017904400825500488e-01
5.336130261421203613e-01
3.301144242286682129e-01
2.603394091129302979e-01
3.347252309322357178e-01
3.338840603828430176e-01
3.118319511413574219e-01
3.754920959472656250e-01
4.076814055442810059e-01
3.142209351062774658e-01
3.905847072601318359e-01
3.832950592041015625e-01
3.781814873218536377e-01
4.853163361549377441e-01
3.077722191810607910e-01
3.164468705654144287e-01
2.760189175605773926e-01
2.034735679626464844e-01
3.791759610176086426e-01
3.182834386825561523e-01
3.231930434703826904e-01
4.384581744670867920e-01
4.055199623107910156e-01
3.773445785045623779e-01
2.929620444774627686e-01
3.291131258010864258e-01
4.108570814132690430e-01
3.850521147251129150e-01
2.942899465560913086e-01
3.720515668392181396e-01
3.226884305477142334e-01
4.015295207500457764e-01
2.978794574737548828e-01
6.726019382476806641e-01
2.847716808319091797e-01
2.795803248882293701e-01
3.776528239250183105e-01
2.782000005245208740e-01
3.631685376167297363e-01
3.067271411418914795e-01
4.778526425361633301e-01
4.475619196891784668e-01
3.418070077896118164e-01
2.910359799861907959e-01
3.888397216796875000e-01
3.863613307476043701e-01
4.736102819442749023e-01
3.656133711338043213e-01
2.862552106380462646e-01
3.924527168273925781e-01
2.866672575473785400e-01
2.753008008003234863e-01
3.630252778530120850e-01
3.263042867183685303e-01
2.840106785297393799e-01
3.668363988399505615e-01
4.405224919319152832e-01
2.836566865444183350e-01
2.805715501308441162e-01
3.140170574188232422e-01
2.770034670829772949e-01
2.335236072540283203e-01
3.933446705341339111e-01
4.055707454681396484e-01
4.119943976402282715e-01
2.919745445251464844e-01
2.445808649063110352e-01
5.355961918830871582e-01
5.477086305618286133e-01
3.729579448699951172e-01
3.766629397869110107e-01
5.939832329750061035e-01
7.538895010948181152e-01
3.930598497390747070e-01
3.440297842025756836e-01
4.043579399585723877e-01
3.190055787563323975e-01
3.058439493179321289e-01
3.100378811359405518e-01
3.681636452674865723e-01
2.514676749706268311e-01
4.424794614315032959e-01
3.139715790748596191e-01
2.285458743572235107e-01
4.248010218143463135e-01
4.565630555152893066e-01
3.100475668907165527e-01
3.396109342575073242e-01
4.279703497886657715e-01
2.841162681579589844e-01
3.275651633739471436e-01
3.122979998588562012e-01
4.005430936813354492e-01
3.112263679504394531e-01
4.252907037734985352e-01
4.432977139949798584e-01
3.679611086845397949e-01
2.299423217773437500e-01
2.989888489246368408e-01
4.008787870407104492e-01
4.122464358806610107e-01
2.928973138332366943e-01
4.440953433513641357e-01
4.955075383186340332e-01
3.484433591365814209e-01
3.519158065319061279e-01
2.301636487245559692e-01
4.085848927497863770e-01
3.168201446533203125e-01
3.546599447727203369e-01
3.875446915626525879e-01
4.389075040817260742e-01
2.710615694522857666e-01
3.542296290397644043e-01
3.631173372268676758e-01
6.055147051811218262e-01
2.773094177246093750e-01
3.755385279655456543e-01
3.848608136177062988e-01
2.710031867027282715e-01
4.177021682262420654e-01
2.710991203784942627e-01
2.497203052043914795e-01
3.503385484218597412e-01
3.946101367473602295e-01
3.130319416522979736e-01
3.073491752147674561e-01
6.769701242446899414e-01
2.629977762699127197e-01
3.396028876304626465e-01
3.980132639408111572e-01
3.759536445140838623e-01
3.743904829025268555e-01
2.993993163108825684e-01
3.165584206581115723e-01
2.572326660156250000e-01
2.544588148593902588e-01
4.670836329460144043e-01
3.077724277973175049e-01
2.808399498462677002e-01
2.918277084827423096e-01
4.426853656768798828e-01
3.569022417068481445e-01
2.406888902187347412e-01
4.174236357212066650e-01
3.561029434204101562e-01
3.584298789501190186e-01
4.602034389972686768e-01
3.917509317398071289e-01
3.334808349609375000e-01
2.968760728836059570e-01
3.114402890205383301e-01
2.160841226577758789e-01
2.900081872940063477e-01
3.530249297618865967e-01
2.732096314430236816e-01
3.633166551589965820e-01
4.064806997776031494e-01
5.762513279914855957e-01
4.351853132247924805e-01
3.815490305423736572e-01
3.186612725257873535e-01
3.774031996726989746e-01
3.369103074073791504e-01
2.890298664569854736e-01
4.504735171794891357e-01
4.137816131114959717e-01
3.002237379550933838e-01
3.314876258373260498e-01
3.955086767673492432e-01
3.379283547401428223e-01
2.958104312419891357e-01
3.266466557979583740e-01
4.898177087306976318e-01
3.764038383960723877e-01
3.872100412845611572e-01
3.650175631046295166e-01
3.982627689838409424e-01
4.025384783744812012e-01
3.528540730476379395e-01
2.280608415603637695e-01
4.009626805782318115e-01
4.102865457534790039e-01
3.898341953754425049e-01
4.731324315071105957e-01
3.228507637977600098e-01
2.917223572731018066e-01
3.202748596668243408e-01
3.410971760749816895e-01
3.094104826450347900e-01
3.347590565681457520e-01
3.779217600822448730e-01
3.295694887638092041e-01
3.711139857769012451e-01
3.185953795909881592e-01
3.964080512523651123e-01
2.548640966415405273e-01
2.901664078235626221e-01
3.671492040157318115e-01
4.241718053817749023e-01
4.519796073436737061e-01
3.022695481777191162e-01
2.973779737949371338e-01
2.326292097568511963e-01
3.598941564559936523e-01
3.541656434535980225e-01
4.129334390163421631e-01
3.743147253990173340e-01
2.558842003345489502e-01
3.399954736232757568e-01
2.954540848731994629e-01
3.140046894550323486e-01
3.025571703910827637e-01
4.259849190711975098e-01
5.528686642646789551e-01
2.790471315383911133e-01
3.842518925666809082e-01
2.650792300701141357e-01
3.276379406452178955e-01
2.032446414232254028e-01
3.280136883258819580e-01
3.103090822696685791e-01
3.161409199237823486e-01
3.630721867084503174e-01
3.032356500625610352e-01
3.356462419033050537e-01
3.867112696170806885e-01
3.509747982025146484e-01
3.596926629543304443e-01
2.620935738086700439e-01
3.730455935001373291e-01
4.451253712177276611e-01
3.067986071109771729e-01
5.653067231178283691e-01
4.880020618438720703e-01
3.287835419178009033e-01
3.924087285995483398e-01
3.389062285423278809e-01
3.259857594966888428e-01
4.885128438472747803e-01
3.985964655876159668e-01
2.760924696922302246e-01
3.424783945083618164e-01
3.123502135276794434e-01
3.026864826679229736e-01
2.973281145095825195e-01
4.293303191661834717e-01
4.178793430328369141e-01
3.140127956867218018e-01
5.278501510620117188e-01
2.593978047370910645e-01
3.814616501331329346e-01
5.457437634468078613e-01
2.601366937160491943e-01
2.909023165702819824e-01
3.443299233913421631e-01
3.502874076366424561e-01
3.895372748374938965e-01
3.494359254837036133e-01
2.961135506629943848e-01
4.000894129276275635e-01
3.546946942806243896e-01
3.175860047340393066e-01
3.845602571964263916e-01
3.251151442527770996e-01
2.754945755004882812e-01
4.268053472042083740e-01
3.111177086830139160e-01
2.947136461734771729e-01
4.632223844528198242e-01
3.703547716140747070e-01
4.096441566944122314e-01
5.463696122169494629e-01
3.624818325042724609e-01
2.782204151153564453e-01
3.762127757072448730e-01
2.952528297901153564e-01
4.150781333446502686e-01
2.829740643501281738e-01
3.959857225418090820e-01
3.217495083808898926e-01
2.643916904926300049e-01
4.567265212535858154e-01
3.053173720836639404e-01
2.876976728439331055e-01
3.015136122703552246e-01
4.445008337497711182e-01
3.482202291488647461e-01
3.939298391342163086e-01
3.537992835044860840e-01
2.303411662578582764e-01
3.033245205879211426e-01
3.270023465156555176e-01
3.166283965110778809e-01
3.886858820915222168e-01
3.235959112644195557e-01
4.717076718807220459e-01
3.439372777938842773e-01
3.932602703571319580e-01
2.849738001823425293e-01
3.908407986164093018e-01
5.000577569007873535e-01
3.000362515449523926e-01
4.086700677871704102e-01
2.519607245922088623e-01
3.791329860687255859e-01
4.008029103279113770e-01
2.773629426956176758e-01
2.865087687969207764e-01
3.527553677558898926e-01
2.770023345947265625e-01
2.750376164913177490e-01
5.686983466148376465e-01
3.591106832027435303e-01
4.028896987438201904e-01
3.246235549449920654e-01
3.323082327842712402e-01
3.942066133022308350e-01
3.745202422142028809e-01
3.462394773960113525e-01
3.541108667850494385e-01
3.915733397006988525e-01
3.312393128871917725e-01
4.261653721332550049e-01
3.070687055587768555e-01
4.001182317733764648e-01
3.373830318450927734e-01
3.639839887619018555e-01
2.603823840618133545e-01
2.264965325593948364e-01
3.702911138534545898e-01
3.382835686206817627e-01
3.099606335163116455e-01
2.701637446880340576e-01
2.945854365825653076e-01
3.392477035522460938e-01
3.426194489002227783e-01
3.206128478050231934e-01
2.698832154273986816e-01
2.822325527667999268e-01
4.283659458160400391e-01
3.901847898960113525e-01
3.808724284172058105e-01
3.951546549797058105e-01
4.448420107364654541e-01
3.572661280632019043e-01
3.215087056159973145e-01
4.450511038303375244e-01
4.650510847568511963e-01
3.115381002426147461e-01
2.749327123165130615e-01
3.117864429950714111e-01
3.588907718658447266e-01
2.987153828144073486e-01
3.844824731349945068e-01
4.266075193881988525e-01
2.294057756662368774e-01
4.729654192924499512e-01
1.296957731246948242e-01
2.905598878860473633e-01
3.982394337654113770e-01
4.798532426357269287e-01
3.691406250000000000e-01
2.049181312322616577e-01
2.556894421577453613e-01
4.809796512126922607e-01
4.704473018646240234e-01
3.681486248970031738e-01
6.683525443077087402e-01
3.095085322856903076e-01
2.948675155639648438e-01
4.447244405746459961e-01
3.144292533397674561e-01
3.774605691432952881e-01
3.329204320907592773e-01
3.352699577808380127e-01
6.013943552970886230e-01
2.809652686119079590e-01
4.737783670425415039e-01
2.870815396308898926e-01
3.616508543491363525e-01
2.251044362783432007e-01
3.756110370159149170e-01
3.420427441596984863e-01
3.590691685676574707e-01
3.568166792392730713e-01
3.391811549663543701e-01
3.403187096118927002e-01
3.046216666698455811e-01
1.605006009340286255e-01
3.804583847522735596e-01
2.648528814315795898e-01
3.323995769023895264e-01
3.242797851562500000e-01
3.845001757144927979e-01
3.716437220573425293e-01
3.419390022754669189e-01
3.705920577049255371e-01
3.349101245403289795e-01
3.264126479625701904e-01
2.818580269813537598e-01
3.820064663887023926e-01
3.829147815704345703e-01
2.707064747810363770e-01
2.117631584405899048e-01
2.903026044368743896e-01
3.937625586986541748e-01
5.332601070404052734e-01
3.337290287017822266e-01
3.418576419353485107e-01
5.533556938171386719e-01
3.034191429615020752e-01
3.042978048324584961e-01
4.009078741073608398e-01
3.472677469253540039e-01
3.880066275596618652e-01
3.297783732414245605e-01
5.959478020668029785e-01
5.626457333564758301e-01
3.842014074325561523e-01
4.257142841815948486e-01
2.183151543140411377e-01
3.723471462726593018e-01
3.059627711772918701e-01
3.570478260517120361e-01
4.048058390617370605e-01
2.667469382286071777e-01
2.105023115873336792e-01
2.563077807426452637e-01
5.003995299339294434e-01
3.759289681911468506e-01
3.285874128341674805e-01
4.012250006198883057e-01
2.528269588947296143e-01
3.530484437942504883e-01
2.997817993164062500e-01
3.147975504398345947e-01
5.688111782073974609e-01
2.994059026241302490e-01
4.263630807399749756e-01
3.475168049335479736e-01
3.220289051532745361e-01
4.414497613906860352e-01
3.163869380950927734e-01
3.239379525184631348e-01
3.001858592033386230e-01
3.625075519084930420e-01
3.101361095905303955e-01
3.791298568248748779e-01
3.226299285888671875e-01
3.065544664859771729e-01
2.993476688861846924e-01
3.252217173576354980e-01
2.663533985614776611e-01
4.192475378513336182e-01
3.728350400924682617e-01
4.105491936206817627e-01
5.843540430068969727e-01
3.088153302669525146e-01
3.366867303848266602e-01
4.376605749130249023e-01
5.636465549468994141e-01
2.337241619825363159e-01
3.171006143093109131e-01
4.551157057285308838e-01
2.919186055660247803e-01
3.410632610321044922e-01
2.995796799659729004e-01
3.496822416782379150e-01
3.250463902950286865e-01
3.313131034374237061e-01
3.438672721385955811e-01
3.070661425590515137e-01
3.768235445022583008e-01
5.283594131469726562e-01
2.893646359443664551e-01
2.514834105968475342e-01
1.789595931768417358e-01
4.077757596969604492e-01
3.726540207862854004e-01
3.279021382331848145e-01
2.966033220291137695e-01
3.251619338989257812e-01
2.363983839750289917e-01
5.325799584388732910e-01
2.680718302726745605e-01
3.528728485107421875e-01
3.756018579006195068e-01
2.799995243549346924e-01
5.063172578811645508e-01
3.711810410022735596e-01
2.581299245357513428e-01
2.746390700340270996e-01
3.732260763645172119e-01
2.452631294727325439e-01
3.966300487518310547e-01
2.837171852588653564e-01
2.650955319404602051e-01
3.344433307647705078e-01
2.624204456806182861e-01
4.150869548320770264e-01
5.701104402542114258e-01
2.741160392761230469e-01
3.651335537433624268e-01
3.823162019252777100e-01
3.605484366416931152e-01
4.730252921581268311e-01
2.589290738105773926e-01
3.509818613529205322e-01
3.621344268321990967e-01
4.299685657024383545e-01
2.365435212850570679e-01
4.534267187118530273e-01
3.297252058982849121e-01
3.216743171215057373e-01
2.682159543037414551e-01
3.093366622924804688e-01
3.053608834743499756e-01
2.907866537570953369e-01
3.277339041233062744e-01
2.662915289402008057e-01
2.237739861011505127e-01
4.081633687019348145e-01
4.745470285415649414e-01
3.605491518974304199e-01
3.837655782699584961e-01
3.342165648937225342e-01
4.032756686210632324e-01
4.617475569248199463e-01
4.013784229755401611e-01
3.888194561004638672e-01
3.480791747570037842e-01
2.419213503599166870e-01
2.653942704200744629e-01
2.043197304010391235e-01
3.474619984626770020e-01
3.066642582416534424e-01
3.411391377449035645e-01
2.808540165424346924e-01
3.434014916419982910e-01
2.484414279460906982e-01
3.842252492904663086e-01
3.854391276836395264e-01
5.267497897148132324e-01
2.464471012353897095e-01
2.851418852806091309e-01
3.827908635139465332e-01
3.375535309314727783e-01
2.315791249275207520e-01
3.064100742340087891e-01
2.816354334354400635e-01
2.870833277702331543e-01
3.745917975902557373e-01
2.506529390811920166e-01
3.339358866214752197e-01
3.702264428138732910e-01
3.994256556034088135e-01
3.795493841171264648e-01
3.329345285892486572e-01
4.861872792243957520e-01
3.873609006404876709e-01
3.274272680282592773e-01
2.468745857477188110e-01
2.531057000160217285e-01
4.960459768772125244e-01
3.274670541286468506e-01
3.440984189510345459e-01
3.379261195659637451e-01
3.828594386577606201e-01
3.441461026668548584e-01
3.014976382255554199e-01
3.858084976673126221e-01
5.076252818107604980e-01
2.452361583709716797e-01
2.442816048860549927e-01
3.538483679294586182e-01
3.298252522945404053e-01
3.223657608032226562e-01
3.325583934783935547e-01
2.866870760917663574e-01
3.706747889518737793e-01
4.315470457077026367e-01
2.112826853990554810e-01
4.064963459968566895e-01
3.576101362705230713e-01
2.985599040985107422e-01
3.187179863452911377e-01
3.836238086223602295e-01
4.833562076091766357e-01
3.459493219852447510e-01
2.949686348438262939e-01
2.885680794715881348e-01
2.239779680967330933e-01
3.640189468860626221e-01
4.245653152465820312e-01
2.677263617515563965e-01
2.821498215198516846e-01
3.704556822776794434e-01
3.643810451030731201e-01
3.326214849948883057e-01
3.240254521369934082e-01
4.020131528377532959e-01
3.084101974964141846e-01
2.879920601844787598e-01
3.011578321456909180e-01
5.943011045455932617e-01
3.676838576793670654e-01
3.652336001396179199e-01
4.182736575603485107e-01
3.115087449550628662e-01
3.294158577919006348e-01
3.086388707160949707e-01
3.163317143917083740e-01
3.581540584564208984e-01
2.918174862861633301e-01
3.634951412677764893e-01
2.541578710079193115e-01
3.169237375259399414e-01
2.519278824329376221e-01
