1.913120299577713013e-01
1.691683679819107056e-01
9.980458766222000122e-02
1.557024270296096802e-01
2.209345400333404541e-01
2.088331580162048340e-01
1.591911464929580688e-01
1.857574135065078735e-01
1.680606454610824585e-01
1.714684963226318359e-01
2.172922343015670776e-01
1.618605405092239380e-01
1.757728308439254761e-01
2.132835239171981812e-01
2.371930181980133057e-01
1.800972968339920044e-01
2.277512997388839722e-01
1.665366291999816895e-01
1.719111353158950806e-01
1.988544017076492310e-01
1.979830563068389893e-01
1.441720426082611084e-01
1.775141060352325439e-01
2.146974653005599976e-01
1.963237524032592773e-01
1.785084158182144165e-01
1.716411411762237549e-01
1.923105716705322266e-01
1.763304322957992554e-01
2.146797031164169312e-01
1.436458379030227661e-01
1.807624548673629761e-01
1.411083787679672241e-01
2.094618231058120728e-01
1.431654244661331177e-01
2.235214561223983765e-01
1.475054919719696045e-01
2.036544382572174072e-01
1.705449223518371582e-01
1.888690739870071411e-01
1.267824620008468628e-01
2.000360786914825439e-01
2.031045258045196533e-01
1.840915977954864502e-01
1.522071510553359985e-01
1.638637334108352661e-01
2.384136170148849487e-01
1.927843093872070312e-01
1.385105848312377930e-01
1.840773969888687134e-01
1.848553121089935303e-01
1.573466807603836060e-01
2.079611569643020630e-01
1.950566470623016357e-01
2.445616573095321655e-01
1.780131310224533081e-01
1.835293173789978027e-01
1.956221163272857666e-01
1.273384690284729004e-01
2.016454339027404785e-01
1.753193885087966919e-01
1.431316733360290527e-01
2.103897035121917725e-01
1.972960382699966431e-01
