-1.690697297453880310e-02
-2.128108888864517212e-01
-1.428761780261993408e-01
-4.296782240271568298e-02
-1.017236635088920593e-01
-7.332143187522888184e-02
-8.351366966962814331e-02
1.005886215716600418e-02
-9.829553961753845215e-02
-1.434476971626281738e-01
-1.608895361423492432e-01
-1.172576323151588440e-01
-1.518105417490005493e-01
-1.451197713613510132e-01
-6.983744353055953979e-02
-1.826682984828948975e-01
-2.654093503952026367e-02
-1.485405713319778442e-01
-5.188291519880294800e-02
-9.799148887395858765e-02
-1.796074658632278442e-01
-8.323258906602859497e-02
-1.254466921091079712e-01
-7.344797998666763306e-02
-1.661286503076553345e-01
-7.795280218124389648e-02
-3.010274842381477356e-02
-1.085461452603340149e-01
-5.192551761865615845e-02
-3.861900186166167259e-03
-6.003953143954277039e-02
-7.681068032979965210e-02
-1.065679341554641724e-01
-1.309205889701843262e-01
-9.275766462087631226e-02
-1.439959257841110229e-01
-1.422744393348693848e-01
-5.099334940314292908e-02
-3.155074641108512878e-02
-1.937165111303329468e-02
-1.479652673006057739e-01
-7.283689826726913452e-02
-5.864856392145156860e-02
-2.009866684675216675e-01
-1.760178208351135254e-01
-2.478609606623649597e-02
-4.758136346936225891e-02
-1.955244839191436768e-01
-2.466018199920654297e-01
-6.201969459652900696e-02
-2.925824373960494995e-02
-2.269646152853965759e-02
5.478992126882076263e-03
-1.178639531135559082e-01
3.155049309134483337e-02
-1.160870678722858429e-02
-7.796405255794525146e-02
-1.530966460704803467e-01
-9.670211374759674072e-02
-1.620934158563613892e-01
-1.039639264345169067e-01
-7.063543796539306641e-02
-5.203052610158920288e-02
-6.465286016464233398e-02
-1.202002689242362976e-01
-6.426939368247985840e-02
-1.156440898776054382e-01
-9.796927124261856079e-02
-4.286147281527519226e-02
-1.435423791408538818e-01
-5.078025534749031067e-02
-2.632768265902996063e-02
-3.849626705050468445e-02
-8.827676996588706970e-03
-1.870893985033035278e-01
-4.598939046263694763e-02
-1.683331578969955444e-01
-3.472936898469924927e-02
-7.424629479646682739e-02
-2.697489410638809204e-02
-3.124157898128032684e-02
-2.085394263267517090e-01
-7.157260924577713013e-02
-3.727085888385772705e-02
-5.149151012301445007e-02
-1.340362876653671265e-01
-6.779848784208297729e-02
5.518813617527484894e-03
-8.386503905057907104e-02
-8.974522352218627930e-02
-2.787848934531211853e-02
-4.581105709075927734e-02
-3.629639372229576111e-02
-4.608234763145446777e-02
-3.596043586730957031e-02
-1.176113262772560120e-01
-9.639663249254226685e-02
-5.330225080251693726e-02
-1.170955691486597061e-02
-1.496712863445281982e-01
-5.858192592859268188e-02
-4.280224069952964783e-02
-1.484029460698366165e-02
-3.901840001344680786e-02
-1.180874630808830261e-01
-5.502925813198089600e-02
-1.509723216295242310e-01
-1.104674190282821655e-01
-1.861387491226196289e-02
-1.179376542568206787e-01
-1.506821364164352417e-01
-1.298322826623916626e-01
-8.764366060495376587e-02
-3.869269788265228271e-02
-2.470744960010051727e-02
-6.491276621818542480e-02
-7.700275629758834839e-02
-6.422503292560577393e-02
-7.791275531053543091e-02
-1.145324930548667908e-01
-2.422393560409545898e-01
-3.894944861531257629e-02
-8.472805470228195190e-02
-1.501714624464511871e-02
-4.240891709923744202e-02
-9.919919818639755249e-02
-1.288739889860153198e-01
-7.194152474403381348e-02
-1.161533500999212265e-02
-7.215445488691329956e-02
-4.743511602282524109e-02
-9.566730260848999023e-02
-3.737358376383781433e-02
-8.456055074930191040e-02
-3.547719120979309082e-02
-6.147231906652450562e-02
-7.384707778692245483e-02
-5.065716058015823364e-02
-5.703589413315057755e-03
2.377950586378574371e-03
-9.481442719697952271e-02
-8.537697792053222656e-02
-7.933755218982696533e-02
-5.612698942422866821e-02
1.076200902462005615e-01
-1.707746088504791260e-01
-1.216554716229438782e-01
1.282829791307449341e-01
-7.039621472358703613e-02
-4.436868429183959961e-02
-6.238158792257308960e-02
-6.106396019458770752e-02
-1.678403764963150024e-01
-2.312514185905456543e-02
-8.603027462959289551e-02
-1.054330542683601379e-01
-4.693184792995452881e-02
-6.963460147380828857e-02
-8.767487853765487671e-02
-1.369308680295944214e-01
-9.843141585588455200e-02
-1.117438077926635742e-01
-6.128412485122680664e-02
-7.869746536016464233e-02
-5.264050886034965515e-02
-1.429791599512100220e-01
-3.410537168383598328e-02
-9.564515948295593262e-02
-7.576660811901092529e-02
-3.749141469597816467e-02
-1.955514773726463318e-02
-2.102379221469163895e-03
-6.572522968053817749e-02
-8.367587625980377197e-02
-1.525993347167968750e-01
1.061250362545251846e-02
-1.437838971614837646e-01
-7.701839506626129150e-02
-3.551818430423736572e-02
-8.480504900217056274e-02
-5.020156130194664001e-02
-7.873313501477241516e-03
3.602218581363558769e-03
-5.603414401412010193e-02
-1.829558014869689941e-01
-6.347952783107757568e-02
-4.225266724824905396e-02
-1.241590231657028198e-01
-6.082125008106231689e-02
-1.306867301464080811e-01
-6.379796564579010010e-02
-1.863927990198135376e-01
-3.317144513130187988e-02
-7.410427182912826538e-02
-7.824906706809997559e-02
-2.820333093404769897e-02
-8.043802529573440552e-02
-3.398645296692848206e-02
-1.097970083355903625e-01
-2.517960369586944580e-01
-9.705544263124465942e-02
-7.149686664342880249e-02
-6.426151841878890991e-02
-5.484018102288246155e-02
-2.175241149961948395e-02
-1.235805824398994446e-01
6.358514656312763691e-04
-1.054422557353973389e-01
-1.012812927365303040e-01
-2.034608274698257446e-01
-1.290547400712966919e-01
-2.175032496452331543e-01
-7.503401488065719604e-02
-1.114733964204788208e-01
-5.906456708908081055e-02
2.367598004639148712e-02
-2.067283093929290771e-01
-1.209659054875373840e-01
-2.071199119091033936e-01
-2.288253903388977051e-01
9.212582372128963470e-03
-2.381111681461334229e-01
-9.940930455923080444e-02
-8.490132540464401245e-02
-6.758646667003631592e-02
-1.430855691432952881e-01
-2.646708190441131592e-01
-1.292532384395599365e-01
-3.496617078781127930e-02
-9.814505279064178467e-02
-6.000893563032150269e-02
-1.132729277014732361e-01
-1.042333170771598816e-01
-1.185687333345413208e-01
-4.829328134655952454e-02
5.400656722486019135e-03
-1.618663221597671509e-01
-9.690735489130020142e-02
-1.895310878753662109e-01
-1.677917838096618652e-01
-1.088412776589393616e-01
-6.987561285495758057e-02
-1.183598041534423828e-01
-5.238853394985198975e-02
-6.889647245407104492e-02
-1.565116196870803833e-01
-3.984421491622924805e-02
-3.233999013900756836e-02
-9.298219345510005951e-03
-8.278340101242065430e-02
-1.267857700586318970e-01
-9.114551544189453125e-02
-7.165252417325973511e-02
-1.776217222213745117e-01
-7.735512405633926392e-02
-2.881071902811527252e-02
-3.781875967979431152e-02
-6.332449615001678467e-02
-4.408864304423332214e-02
-1.153186559677124023e-01
-5.497032403945922852e-02
-1.704517602920532227e-01
-8.905864506959915161e-02
-7.003949582576751709e-02
-1.051981225609779358e-01
-1.438015550374984741e-01
-8.522205054759979248e-02
-1.491347402334213257e-01
-3.241977468132972717e-02
-1.973597556352615356e-01
-1.214520484209060669e-01
-5.469393357634544373e-02
-1.163179129362106323e-01
-1.547369509935379028e-01
-1.333947628736495972e-01
-9.665932506322860718e-02
-4.436461254954338074e-02
-1.082623824477195740e-01
-8.452986925840377808e-02
-7.209203392267227173e-02
-1.755366474390029907e-01
-7.016368955373764038e-02
-1.215918213129043579e-01
-2.248126827180385590e-02
-1.170222535729408264e-01
-1.254002600908279419e-01
-1.299520432949066162e-01
-1.169363185763359070e-01
-9.606160223484039307e-02
-3.353467211127281189e-02
-7.732156664133071899e-02
-1.568915098905563354e-01
-1.930452696979045868e-02
-2.180900871753692627e-01
-2.333159446716308594e-01
-5.355933681130409241e-02
-8.540527522563934326e-02
-3.671316802501678467e-02
-6.454078108072280884e-02
-1.725551933050155640e-01
-6.652724742889404297e-02
-1.334937661886215210e-01
-3.552120877429842949e-03
-3.438221290707588196e-02
-7.932138442993164062e-02
-1.151048094034194946e-01
-1.002805158495903015e-01
-4.097960516810417175e-02
-8.023049682378768921e-02
-1.501630991697311401e-01
-5.301107093691825867e-02
-1.029924601316452026e-01
-3.005572780966758728e-02
-1.631546467542648315e-01
-3.176877275109291077e-02
3.061896748840808868e-02
6.577272713184356689e-02
-6.390837579965591431e-02
-1.334331929683685303e-01
-1.161076650023460388e-01
-1.137911602854728699e-01
-1.070088222622871399e-01
-6.880257278680801392e-02
-9.615426510572433472e-02
-6.538213789463043213e-02
-5.037670955061912537e-02
-1.275168359279632568e-01
-7.801952213048934937e-02
-5.320634692907333374e-02
-1.109455898404121399e-01
-3.632361814379692078e-02
-7.115228474140167236e-02
-1.677899435162544250e-02
-3.275343030691146851e-02
-2.391585707664489746e-02
-9.664725512266159058e-02
-1.077353060245513916e-01
-6.507166475057601929e-02
-1.040277257561683655e-01
-1.259180158376693726e-02
-1.152238100767135620e-01
-7.592927664518356323e-02
-5.349333211779594421e-02
-1.159356757998466492e-01
-5.078113451600074768e-02
-1.024593710899353027e-01
-1.281174421310424805e-01
-4.979677870869636536e-02
-9.161167591810226440e-02
-8.657728880643844604e-02
-8.595670014619827271e-02
-8.009102940559387207e-02
-4.454294964671134949e-02
-1.560643315315246582e-01
-1.283351927995681763e-01
-1.791111677885055542e-01
-1.780212968587875366e-01
-1.199919581413269043e-01
9.665924008004367352e-04
6.517047528177499771e-03
-1.599327772855758667e-01
1.183771179057657719e-03
-5.922222882509231567e-02
-7.146642543375492096e-03
-4.125569015741348267e-02
-1.073041930794715881e-01
-1.141569390892982483e-01
-1.790606379508972168e-01
-1.133790016174316406e-01
-3.072142787277698517e-02
-9.768459945917129517e-02
-1.405127942562103271e-01
-1.852545589208602905e-01
-1.275033503770828247e-01
-3.748426586389541626e-02
-8.141341060400009155e-02
-2.965599671006202698e-02
-9.052606672048568726e-02
-2.183687686920166016e-02
-1.554040610790252686e-01
-9.681759774684906006e-02
-9.271811693906784058e-02
-1.161408945918083191e-01
-1.103107705712318420e-01
-1.337424367666244507e-01
-5.678020417690277100e-02
-1.348382532596588135e-01
-1.395358592271804810e-01
-3.596149757504463196e-02
-1.200398579239845276e-01
-3.976293280720710754e-02
-4.578601568937301636e-02
-2.020834237337112427e-01
-1.207954660058021545e-01
-1.146280691027641296e-01
-3.768163919448852539e-02
-6.143283471465110779e-02
-6.703565269708633423e-02
-6.777133047580718994e-02
-5.753207579255104065e-02
-1.326645463705062866e-01
-2.044831514358520508e-01
-7.488338649272918701e-02
-3.982351347804069519e-02
-6.703718751668930054e-02
-2.822495438158512115e-02
-3.749676793813705444e-02
-3.372948616743087769e-02
-4.224182292819023132e-02
-5.200281366705894470e-02
-8.574647456407546997e-02
-2.877091243863105774e-02
-9.744383394718170166e-02
-8.527863025665283203e-02
-6.155608594417572021e-02
-5.904868990182876587e-02
-8.951205760240554810e-02
-1.559114009141921997e-01
-6.945113092660903931e-02
-8.935152739286422729e-02
-8.136145770549774170e-02
-5.053604766726493835e-02
2.339359000325202942e-02
-7.881978154182434082e-02
-1.047743558883666992e-01
-1.204192787408828735e-01
-1.079064980149269104e-01
-1.739229857921600342e-01
-1.238861009478569031e-01
-6.048423051834106445e-02
-3.161029219627380371e-01
-6.692106276750564575e-02
-1.797941923141479492e-01
-1.045882552862167358e-01
-1.599514782428741455e-01
-3.576959669589996338e-02
-3.748897090554237366e-02
-1.758182644844055176e-01
-5.044936016201972961e-02
-1.278738230466842651e-01
-1.115792915225028992e-01
-8.316529542207717896e-02
-2.296622283756732941e-02
-1.041392311453819275e-01
-6.571445614099502563e-03
-3.023805096745491028e-02
-5.950362235307693481e-02
-4.450101032853126526e-02
-1.051730848848819733e-02
-2.144602499902248383e-02
-7.327839732170104980e-02
-8.171609789133071899e-02
-5.793746933341026306e-02
-1.523133516311645508e-01
-1.072403788566589355e-01
6.808511167764663696e-02
-5.989444628357887268e-02
-1.265875548124313354e-01
-1.173493172973394394e-02
-4.099037125706672668e-02
-7.556587923318147659e-03
-9.607552736997604370e-02
-1.398400217294692993e-01
-1.278497278690338135e-01
8.840085938572883606e-03
-9.974015504121780396e-02
-1.073338836431503296e-01
-2.115949615836143494e-02
-6.589748710393905640e-02
-6.305531412363052368e-02
-1.524373143911361694e-01
-2.080429047346115112e-01
-7.981557399034500122e-02
-7.984754443168640137e-02
-3.590053692460060120e-02
-2.642648480832576752e-02
-1.261002272367477417e-01
-3.770020604133605957e-02
-2.990157157182693481e-02
-8.917252719402313232e-02
-1.166958436369895935e-01
3.827334940433502197e-02
-1.782471239566802979e-01
-6.511484831571578979e-02
-1.595663428306579590e-01
-1.575491875410079956e-01
-3.109235875308513641e-02
-5.507118534296751022e-03
-1.209085732698440552e-01
-2.059790939092636108e-01
-9.238624572753906250e-02
-1.645594649016857147e-02
-3.509156033396720886e-02
-7.873739302158355713e-02
-3.164091333746910095e-02
-3.987330570816993713e-02
-3.119354881346225739e-02
-7.078554481267929077e-02
-4.584292694926261902e-02
-2.255285345017910004e-02
-9.182345122098922729e-02
-6.442582607269287109e-02
-8.111239969730377197e-02
-8.057351410388946533e-02
-1.511653214693069458e-01
-6.881410628557205200e-02
2.405484206974506378e-03
-7.457163184881210327e-02
-9.042099863290786743e-02
-3.409415110945701599e-02
-3.176638111472129822e-02
-2.764273248612880707e-02
-9.046629071235656738e-02
-6.368143856525421143e-02
-4.354818165302276611e-02
-1.531687825918197632e-01
-1.568516641855239868e-01
-9.931132942438125610e-02
-1.777568161487579346e-01
-9.377457201480865479e-02
-2.025114148855209351e-01
-3.892599046230316162e-02
-1.336314082145690918e-01
-9.290337562561035156e-02
-1.449874490499496460e-01
-1.023058518767356873e-01
-8.827519416809082031e-02
-1.361689865589141846e-01
-8.040174096822738647e-02
-9.494971483945846558e-02
-5.907437577843666077e-02
-6.059085950255393982e-02
-3.910693898797035217e-02
-3.114956989884376526e-02
-7.075227797031402588e-02
-1.279238909482955933e-01
-2.632517181336879730e-02
-1.565378606319427490e-01
3.797827661037445068e-02
-2.132343798875808716e-01
-1.349423080682754517e-01
-4.467799142003059387e-02
-8.361928910017013550e-02
-1.243900135159492493e-01
-1.706679351627826691e-02
-7.684396207332611084e-02
-1.260265409946441650e-01
1.177457743324339390e-03
-1.257311701774597168e-01
-8.877316862344741821e-02
-1.235006675124168396e-01
-1.560129076242446899e-01
-7.666559517383575439e-02
-6.487065553665161133e-02
-5.442434176802635193e-02
-2.648009918630123138e-02
-2.260446920990943909e-02
-7.435013353824615479e-02
4.881420731544494629e-02
-9.705831110477447510e-02
-6.934762746095657349e-02
-7.898980379104614258e-02
-1.120441332459449768e-01
-8.369090408086776733e-02
-3.222732245922088623e-02
-8.766437321901321411e-02
-2.653847075998783112e-02
-3.188485279679298401e-02
-1.022302955389022827e-01
-3.758064657449722290e-02
-8.392407745122909546e-02
-1.874456368386745453e-02
-1.187458541244268417e-02
-7.536608725786209106e-02
-4.165430366992950439e-02
-7.890222966670989990e-02
-6.976650655269622803e-02
-9.494653344154357910e-02
-2.483689785003662109e-02
-1.356302350759506226e-01
-5.935681983828544617e-02
-1.933970451354980469e-01
-2.289692126214504242e-02
-6.126554682850837708e-02
-1.495442688465118408e-01
-1.110193505883216858e-01
-4.111305624246597290e-02
-1.332332193851470947e-01
-6.352220475673675537e-02
-4.050935804843902588e-02
-3.037206642329692841e-02
-1.984882354736328125e-02
-4.394356906414031982e-02
-4.778089746832847595e-02
-1.220032647252082825e-01
-5.289439577609300613e-03
1.618616865016520023e-03
-1.248786076903343201e-01
-1.078938767313957214e-01
-6.683138757944107056e-02
-1.505010128021240234e-01
-1.098055765032768250e-02
-4.690928757190704346e-02
-8.788137882947921753e-02
-3.449099510908126831e-02
-6.944497674703598022e-02
-3.764400258660316467e-02
-1.334150284528732300e-01
-7.261350750923156738e-02
-1.409740447998046875e-01
-7.669462263584136963e-02
-5.541616305708885193e-02
-2.180449105799198151e-02
-1.671544313430786133e-01
-1.345249712467193604e-01
-1.222837418317794800e-01
-1.528531610965728760e-01
-2.681913226842880249e-02
-1.786970794200897217e-01
-1.876387558877468109e-02
-1.116798594594001770e-01
-1.427290290594100952e-01
9.033071994781494141e-02
-1.588065773248672485e-01
-1.607571989297866821e-01
-9.756033867597579956e-02
-1.480805315077304840e-02
-9.493432939052581787e-02
-1.141648069024085999e-01
-7.573066651821136475e-02
-9.386449307203292847e-02
-5.051893740892410278e-02
-6.495136022567749023e-02
-5.952505394816398621e-02
-5.184848234057426453e-02
-3.766280785202980042e-02
-1.062781140208244324e-01
-7.718116790056228638e-02
-3.995110467076301575e-02
-1.109532266855239868e-01
-1.482895016670227051e-01
-2.180285304784774780e-01
-1.035474315285682678e-01
-8.198469877243041992e-02
-3.833661600947380066e-02
-1.182466447353363037e-01
-4.423604160547256470e-02
-7.471713423728942871e-02
-9.938154369592666626e-02
-1.072652116417884827e-01
-5.014002695679664612e-02
-1.030268371105194092e-01
-9.003195911645889282e-02
-7.368794083595275879e-02
-4.519676044583320618e-02
-3.911957144737243652e-02
-2.038813196122646332e-02
-4.933584108948707581e-02
-1.226465553045272827e-01
-7.578268647193908691e-02
-6.898850947618484497e-02
-3.559410199522972107e-02
-1.870217174291610718e-02
-9.981953352689743042e-02
-7.427427917718887329e-02
-8.946497738361358643e-02
-1.401692926883697510e-01
-9.416319429874420166e-02
-1.014788076281547546e-01
-1.183438375592231750e-01
-4.863294586539268494e-02
-1.351111531257629395e-01
-1.483050584793090820e-01
-1.411596685647964478e-01
-1.166781634092330933e-01
-1.430509537458419800e-01
-1.084460914134979248e-01
-1.877719759941101074e-01
-6.128513719886541367e-03
-1.323535665869712830e-02
-6.396262347698211670e-02
-9.473276138305664062e-02
-7.757514715194702148e-02
-7.349505275487899780e-02
-1.127656474709510803e-01
-3.002601675689220428e-02
-4.495653137564659119e-02
-8.781108260154724121e-02
-3.608598932623863220e-02
-1.121748983860015869e-01
-8.308558911085128784e-02
-1.225828528404235840e-01
-9.512654691934585571e-02
-6.112659722566604614e-02
-3.463072702288627625e-02
-5.160992592573165894e-02
-7.085575163364410400e-02
-1.645869202911853790e-02
-1.037636846303939819e-01
-1.820876896381378174e-01
-6.001773104071617126e-02
-4.441527649760246277e-02
-5.774530395865440369e-02
-1.460766494274139404e-01
-1.215707361698150635e-01
-5.049892142415046692e-02
-1.133362799882888794e-01
-1.706870794296264648e-01
-1.517348587512969971e-01
-2.556877955794334412e-02
-5.218761786818504333e-02
-1.141845211386680603e-01
-1.288964599370956421e-01
-1.067164465785026550e-01
-1.113502010703086853e-01
-1.762271299958229065e-02
-3.216384723782539368e-02
-6.605335325002670288e-02
-1.681509763002395630e-01
-6.038030609488487244e-02
-1.344684660434722900e-01
-1.041447296738624573e-01
-8.049006015062332153e-02
-1.504214406013488770e-01
-3.942785039544105530e-02
-4.590184241533279419e-02
-1.696691662073135376e-01
-3.615377098321914673e-02
-8.346934616565704346e-02
-2.786735817790031433e-02
-4.157493636012077332e-02
1.933879451826214790e-03
-7.003332674503326416e-02
-1.704806387424468994e-01
-1.707081124186515808e-02
-7.516436278820037842e-02
-1.280514299869537354e-01
-4.589992389082908630e-02
-1.698802262544631958e-01
-6.461089849472045898e-02
-7.457416504621505737e-02
-6.463979929685592651e-02
-9.457971900701522827e-02
-8.086007833480834961e-02
-7.186771929264068604e-02
-5.977673456072807312e-02
-1.205762401223182678e-01
-5.803927779197692871e-02
-4.682039469480514526e-02
-2.851260639727115631e-02
-1.714892536401748657e-01
-4.166810214519500732e-02
-8.801036328077316284e-02
-4.776638373732566833e-02
-7.938290387392044067e-02
-2.134846150875091553e-01
-5.581672862172126770e-02
-5.820178985595703125e-02
-1.143664568662643433e-01
-6.161038205027580261e-02
-2.310742251574993134e-02
-1.321289408951997757e-02
-4.336997494101524353e-02
-2.345703542232513428e-02
-4.054018110036849976e-02
-5.839153006672859192e-02
-4.875602200627326965e-02
-1.540352702140808105e-01
-1.609132438898086548e-01
-7.447028160095214844e-02
-1.656700968742370605e-01
-6.587167829275131226e-02
-5.857020616531372070e-02
-1.447577401995658875e-02
-1.955593526363372803e-01
-1.556704789400100708e-01
-1.483539789915084839e-01
-1.762631088495254517e-01
-4.338346794247627258e-02
-8.409471064805984497e-02
-6.426391005516052246e-02
-1.108293905854225159e-01
-6.876832991838455200e-02
-6.521563231945037842e-02
-7.995667867362499237e-03
-1.419848650693893433e-01
-4.196455702185630798e-02
-1.599058695137500763e-02
-5.948054417967796326e-02
-1.684057861566543579e-01
-1.246037185192108154e-01
-8.510403335094451904e-02
-6.090512499213218689e-02
-6.053789332509040833e-02
-1.061222702264785767e-01
-8.861465007066726685e-02
-1.245956346392631531e-01
1.555381156504154205e-02
-1.377093791961669922e-01
-6.694406270980834961e-02
-1.337361056357622147e-02
-9.441009908914566040e-02
-6.309484690427780151e-02
-1.849588565528392792e-02
-1.184741035103797913e-01
-7.409792393445968628e-02
-3.571294248104095459e-02
-1.054920107126235962e-01
-1.298423707485198975e-01
-1.490164995193481445e-01
-1.299746632575988770e-01
-1.656469404697418213e-01
-1.833181828260421753e-02
-3.415084630250930786e-02
-4.899011924862861633e-02
-6.062793731689453125e-02
-8.568599075078964233e-02
-1.929634134285151958e-03
-8.011928945779800415e-02
-4.340286552906036377e-02
-8.509571105241775513e-02
-2.705154940485954285e-02
5.248844996094703674e-02
-8.834821730852127075e-02
-3.807187452912330627e-02
-1.546451915055513382e-02
-3.642835468053817749e-02
-1.914158649742603302e-02
-1.027270108461380005e-01
-1.826587021350860596e-01
-9.432411193847656250e-02
-1.103758662939071655e-01
-5.059494823217391968e-02
-5.916460603475570679e-02
-3.548123640939593315e-03
-1.270891577005386353e-01
-7.798564434051513672e-02
-1.995205134153366089e-01
1.963766757398843765e-03
-2.186891622841358185e-02
-1.299830973148345947e-01
-3.814458474516868591e-02
-8.679370582103729248e-02
-2.621683478355407715e-02
-2.236602455377578735e-02
-1.555993705987930298e-01
-7.993607968091964722e-02
-9.146159142255783081e-02
-8.556444942951202393e-02
-1.078061088919639587e-01
-1.344607621431350708e-01
-6.248255819082260132e-02
-1.626653522253036499e-01
-4.544844850897789001e-02
-1.083166897296905518e-01
-1.393006294965744019e-01
-1.442861557006835938e-02
-9.361989796161651611e-02
-6.132869794964790344e-02
-1.164285838603973389e-01
-4.741341248154640198e-02
-8.998752385377883911e-02
-8.701390773057937622e-02
-2.584875375032424927e-02
-5.112761259078979492e-02
-2.707085944712162018e-02
-2.591897845268249512e-01
-9.725029766559600830e-02
-8.173965662717819214e-02
-1.253077238798141479e-01
3.286859765648841858e-02
-3.682607039809226990e-02
-5.710294097661972046e-02
-2.471751533448696136e-02
-1.261559724807739258e-01
-4.873997718095779419e-02
2.110636560246348381e-04
-1.112209334969520569e-01
-1.413693279027938843e-01
-1.118375733494758606e-01
-6.836140155792236328e-02
-1.321450155228376389e-02
-5.018016323447227478e-02
-1.178187057375907898e-01
-5.872050300240516663e-03
-8.298277109861373901e-02
-2.594887278974056244e-02
-9.792640060186386108e-02
-4.569699242711067200e-02
-1.063768868334591389e-03
-1.388238668441772461e-01
-5.005976930260658264e-02
-2.162280678749084473e-01
-1.120182871818542480e-01
-4.533610120415687561e-02
-1.236780881881713867e-01
-6.666167825460433960e-02
-6.251839548349380493e-02
-1.029765456914901733e-01
2.950034104287624359e-02
-2.775656804442405701e-02
-8.709935843944549561e-02
-6.052489951252937317e-02
-2.840886078774929047e-02
-5.956820771098136902e-02
-3.207773342728614807e-02
-3.909557685256004333e-02
-1.116876229643821716e-01
-1.462778151035308838e-01
-1.060330420732498169e-01
-8.522280305624008179e-02
-9.553571045398712158e-02
-1.260739378631114960e-02
-1.019158661365509033e-01
-1.071984693408012390e-01
-1.190185174345970154e-01
-1.754378974437713623e-01
-8.876542747020721436e-02
2.031148970127105713e-02
-1.008175015449523926e-01
-8.456508815288543701e-02
-2.292173504829406738e-01
-5.028708651661872864e-02
-6.691979616880416870e-02
-1.196426600217819214e-01
-1.686202138662338257e-01
-5.499066039919853210e-02
-3.948817774653434753e-02
-6.897619366645812988e-02
-6.745257973670959473e-02
-7.720351964235305786e-02
-1.062908023595809937e-01
-1.345655769109725952e-01
-1.749035269021987915e-01
8.434374816715717316e-03
-1.156671196222305298e-01
6.121881306171417236e-02
-1.273442059755325317e-01
-1.154487356543540955e-01
-1.444187015295028687e-01
-1.089085787534713745e-01
-6.038579717278480530e-02
-1.451219916343688965e-01
-1.361951828002929688e-01
-7.258115708827972412e-02
-1.287491917610168457e-01
-1.059908419847488403e-01
2.148755267262458801e-02
-9.801746904850006104e-02
-9.026423841714859009e-02
-1.428393274545669556e-01
-4.163366928696632385e-02
-3.711774572730064392e-02
-7.151305675506591797e-02
-7.986252754926681519e-02
-3.193190693855285645e-02
-7.555056363344192505e-02
-4.999203234910964966e-02
-1.089598014950752258e-01
-8.285758644342422485e-02
-1.016066521406173706e-01
-1.831332966685295105e-02
-7.408293336629867554e-02
-1.086212322115898132e-02
-1.430639177560806274e-01
-1.223672553896903992e-01
-2.232245169579982758e-02
-6.573157757520675659e-02
-2.556033730506896973e-01
-1.191112250089645386e-01
-1.425314545631408691e-01
-4.876445606350898743e-02
-9.512692689895629883e-02
-5.281654000282287598e-02
-7.299748808145523071e-02
-1.414913237094879150e-01
-1.852160841226577759e-01
-2.272883802652359009e-02
-1.082542389631271362e-01
-1.783955544233322144e-01
-2.148692868649959564e-02
-5.253723636269569397e-02
-3.254762291908264160e-02
-1.029302328824996948e-01
-7.403302937746047974e-02
-1.258042454719543457e-01
-7.545612007379531860e-02
-1.047303751111030579e-01
-1.005347594618797302e-01
-1.405153870582580566e-01
-2.700158860534429550e-03
-9.755522944033145905e-03
-2.532960101962089539e-02
-1.266165226697921753e-01
-1.690502464771270752e-01
-7.045983523130416870e-02
-2.334438860416412354e-01
-1.776157021522521973e-01
-1.085842028260231018e-01
2.163497172296047211e-02
-4.316657409071922302e-02
-1.089699044823646545e-01
-1.118087545037269592e-01
-3.137058392167091370e-02
-1.125357970595359802e-01
-1.029380559921264648e-01
-1.093264818191528320e-01
-8.192023634910583496e-02
-1.376058012247085571e-01
-1.146110668778419495e-01
-2.049811631441116333e-01
-5.264911055564880371e-02
-1.447038799524307251e-01
-1.250536888837814331e-01
-1.263027340173721313e-01
-1.235147789120674133e-01
-6.165359914302825928e-02
-1.462611369788646698e-02
-9.770335257053375244e-02
-3.592440113425254822e-02
-8.792677521705627441e-02
-9.686689078807830811e-02
-2.368423342704772949e-02
-2.532231621444225311e-02
