3.092221915721893311e-02
8.085051178932189941e-02
1.768519915640354156e-02
3.203418850898742676e-02
2.743503451347351074e-02
2.124209515750408173e-02
3.515280410647392273e-02
1.898980513215065002e-02
2.297862246632575989e-02
2.355906739830970764e-02
7.743681967258453369e-02
2.719802595674991608e-02
1.539887674152851105e-02
3.034241311252117157e-02
1.886196248233318329e-02
8.731071650981903076e-02
1.477787271142005920e-02
3.179401904344558716e-02
2.171415090560913086e-02
3.790017589926719666e-02
3.232359886169433594e-02
2.481455914676189423e-02
2.030839584767818451e-02
4.514713212847709656e-02
3.792987391352653503e-02
1.917923428118228912e-02
2.453284524381160736e-02
1.958649419248104095e-02
3.107645921409130096e-02
2.464524284005165100e-02
2.295123785734176636e-02
3.448086604475975037e-02
2.745364606380462646e-02
7.560733705759048462e-02
3.015564940869808197e-02
3.172886744141578674e-02
3.049528412520885468e-02
3.125993534922599792e-02
2.031389810144901276e-02
3.724782541394233704e-02
7.289681583642959595e-02
2.845005504786968231e-02
3.150514885783195496e-02
2.688943967223167419e-02
2.790013514459133148e-02
3.581121191382408142e-02
2.012800239026546478e-02
1.915476843714714050e-02
2.887794561684131622e-02
6.350403279066085815e-02
1.778160035610198975e-02
2.037024870514869690e-02
3.349707275629043579e-02
2.930456213653087616e-02
3.195439279079437256e-02
2.859821915626525879e-02
3.800248354673385620e-02
3.944284096360206604e-02
3.139306232333183289e-02
2.775771915912628174e-02
1.831659115850925446e-02
3.875030204653739929e-02
2.535011246800422668e-02
2.026901021599769592e-02
3.017033264040946960e-02
1.863930001854896545e-02
2.355014346539974213e-02
2.076087705790996552e-02
2.500879019498825073e-02
2.110242284834384918e-02
4.380308091640472412e-02
2.842392958700656891e-02
3.440202027559280396e-02
2.047999575734138489e-02
2.144014649093151093e-02
2.223854511976242065e-02
3.140985593199729919e-02
1.970498822629451752e-02
2.247864753007888794e-02
2.658073604106903076e-02
2.035316079854965210e-02
2.228531427681446075e-02
2.855077944695949554e-02
2.809080295264720917e-02
2.744132839143276215e-02
2.452540583908557892e-02
3.483681753277778625e-02
2.622851170599460602e-02
2.737893536686897278e-02
2.499925717711448669e-02
1.302262954413890839e-02
5.293990299105644226e-02
3.031779080629348755e-02
1.796458847820758820e-02
1.768928393721580505e-02
7.814759016036987305e-02
3.787812963128089905e-02
2.734241075813770294e-02
3.134770318865776062e-02
3.455740213394165039e-02
1.997306384146213531e-02
3.493827581405639648e-02
2.631433121860027313e-02
1.750231347978115082e-02
2.815414406359195709e-02
2.240966446697711945e-02
2.122916840016841888e-02
3.557528555393218994e-02
2.983705326914787292e-02
1.775028184056282043e-02
2.086766064167022705e-02
3.025388345122337341e-02
2.427004836499691010e-02
3.745519369840621948e-02
2.034779265522956848e-02
4.135376587510108948e-02
1.747309230268001556e-02
2.360542118549346924e-02
2.502717450261116028e-02
5.516988039016723633e-02
2.929816953837871552e-02
4.117239639163017273e-02
3.101137652993202209e-02
2.217813394963741302e-02
2.470048703253269196e-02
2.435941062867641449e-02
2.248399518430233002e-02
2.859852276742458344e-02
