3.561085462570190430e-02
1.943374425172805786e-02
-4.630420729517936707e-02
9.564089030027389526e-02
2.438864205032587051e-03
4.348620772361755371e-02
4.436547681689262390e-02
1.395060215145349503e-03
1.857351511716842651e-02
-5.264418944716453552e-02
-5.818189680576324463e-02
-2.014880627393722534e-02
9.632995352149009705e-03
-5.081821978092193604e-02
-1.278505325317382812e-01
1.846355013549327850e-02
-2.893467806279659271e-02
2.050698362290859222e-02
-2.146605961024761200e-02
9.652688354253768921e-02
5.940235033631324768e-02
-4.959286004304885864e-02
2.560372278094291687e-02
-2.926106378436088562e-02
2.190596051514148712e-02
5.629657953977584839e-02
-5.644523352384567261e-02
-2.589882351458072662e-02
-6.805170327425003052e-02
-1.467398647218942642e-02
2.887715213000774384e-02
3.513640537858009338e-02
-6.911886390298604965e-03
1.664074324071407318e-02
3.871570527553558350e-02
-4.502606019377708435e-02
3.864281252026557922e-02
9.805784374475479126e-02
-4.178925976157188416e-02
7.050818949937820435e-02
-6.827579811215400696e-03
-7.326062023639678955e-02
-7.179839909076690674e-02
1.884156255982816219e-03
-6.681255251169204712e-02
-6.895936676301062107e-04
-5.052850581705570221e-03
3.620712086558341980e-02
2.279585599899291992e-02
8.086898177862167358e-02
-2.170238457620143890e-02
2.504655905067920685e-02
-4.691087175160646439e-03
4.457538481801748276e-03
7.308906409889459610e-03
2.098824642598628998e-02
-3.548010811209678650e-02
3.220286965370178223e-02
-1.438495423644781113e-02
2.534992992877960205e-02
-2.191210864111781120e-03
-1.525396555662155151e-01
1.731883850879967213e-03
3.305712342262268066e-02
-7.429245114326477051e-02
-1.144326198846101761e-02
-5.402977392077445984e-02
4.062512144446372986e-02
1.504857838153839111e-01
-5.199481267482042313e-03
-2.637941949069499969e-02
1.317832618951797485e-01
4.940849170088768005e-02
-1.665076911449432373e-01
3.829722478985786438e-02
9.971214085817337036e-02
2.272735628139344044e-06
4.254722222685813904e-02
-5.346942692995071411e-02
-2.346625365316867828e-02
4.081389680504798889e-02
4.843192547559738159e-02
1.724185422062873840e-02
-4.902442451566457748e-04
1.559422165155410767e-01
-4.063254527864046395e-05
5.674351379275321960e-02
4.307590425014495850e-02
1.530683133751153946e-02
-8.394692838191986084e-02
4.610214382410049438e-02
-7.721222937107086182e-02
-5.021847039461135864e-02
-5.325518175959587097e-02
-8.356624841690063477e-02
3.463695198297500610e-02
1.009866036474704742e-02
-1.665101945400238037e-01
-3.224172396585345268e-03
3.944082930684089661e-02
-3.663807362318038940e-02
-9.759867563843727112e-03
2.027176506817340851e-02
7.520191371440887451e-02
1.531471963971853256e-02
-4.881442710757255554e-02
-4.138902202248573303e-02
3.776371711865067482e-03
3.225011378526687622e-02
2.496466226875782013e-02
-5.184661597013473511e-02
-1.072007417678833008e-01
1.518143713474273682e-02
-1.000453978776931763e-01
4.769828543066978455e-02
6.515458971261978149e-02
-9.316455572843551636e-03
4.710799828171730042e-02
9.730286151170730591e-02
-8.779080584645271301e-03
-5.361756309866905212e-02
-6.202009320259094238e-02
8.373045176267623901e-02
-3.350906074047088623e-02
-1.625061184167861938e-01
-4.234826192259788513e-02
1.996327564120292664e-02
1.525289379060268402e-02
-3.114030696451663971e-02
-1.033931039273738861e-02
-7.603102177381515503e-02
4.259665962308645248e-03
-9.484841674566268921e-02
-3.258888795971870422e-02
-8.292886614799499512e-02
4.064752161502838135e-02
3.210690990090370178e-02
1.527696847915649414e-02
2.477135807275772095e-01
5.638791993260383606e-02
-1.117920279502868652e-01
-1.395959523506462574e-03
-3.493779525160789490e-02
2.590920403599739075e-02
-2.513009868562221527e-02
1.742404401302337646e-01
-4.024791717529296875e-02
8.320565939357038587e-06
-1.419147849082946777e-01
1.329089980572462082e-03
-6.125414744019508362e-03
7.871842384338378906e-02
1.776665076613426208e-02
-3.640571981668472290e-02
-2.000139094889163971e-02
-4.452101513743400574e-02
-4.737619892694056034e-04
1.880029449239373207e-04
-1.299156900495290756e-02
6.422835588455200195e-02
-7.641387730836868286e-02
9.914720058441162109e-02
-9.684430807828903198e-02
-1.918981783092021942e-02
-1.662110686302185059e-01
9.220317751169204712e-02
9.486836194992065430e-02
-8.203955367207527161e-03
-8.931883424520492554e-02
-3.524117544293403625e-02
1.072731986641883850e-02
7.490485161542892456e-02
-1.309673208743333817e-02
7.447987049818038940e-02
4.739172384142875671e-02
-7.599893026053905487e-03
2.495082840323448181e-02
1.634193584322929382e-02
-9.605844318866729736e-02
2.705831080675125122e-02
3.665684908628463745e-02
-5.821452662348747253e-02
5.196704342961311340e-02
7.434117607772350311e-03
-3.253091871738433838e-02
-2.850471436977386475e-01
1.103106811642646790e-01
1.596948318183422089e-02
1.089854352176189423e-02
1.966521702706813812e-02
8.944151550531387329e-02
-2.164562605321407318e-02
1.315795630216598511e-01
1.879613474011421204e-02
2.120021544396877289e-02
-1.187629252672195435e-01
1.176115684211254120e-02
2.111125737428665161e-02
-1.081264615058898926e-01
3.280940651893615723e-02
1.832681708037853241e-02
-4.243715738994069397e-05
3.604366257786750793e-02
3.776932507753372192e-02
-1.323704421520233154e-01
-7.803051918745040894e-02
1.283270418643951416e-01
-2.661231346428394318e-02
3.136524185538291931e-02
-1.771017196006141603e-06
5.174262821674346924e-02
2.241133153438568115e-02
1.065601408481597900e-02
2.231755526736378670e-03
-2.157701365649700165e-02
7.255469262599945068e-02
-2.484371885657310486e-02
2.814116701483726501e-02
6.441997736692428589e-02
3.414969891309738159e-03
-5.362944304943084717e-02
2.660921774804592133e-02
-1.440876949345692992e-04
7.802744954824447632e-02
3.153561428189277649e-02
3.554706275463104248e-02
-2.414678921923041344e-03
9.265423273063788656e-07
2.792645432054996490e-02
-2.739309705793857574e-02
1.407843269407749176e-02
8.102857507765293121e-03
2.458091080188751221e-02
3.371430933475494385e-02
-2.956554666161537170e-02
5.983439460396766663e-02
4.759700968861579895e-02
1.820402219891548157e-03
7.340816408395767212e-02
-3.996839281171560287e-03
-5.154421180486679077e-02
6.212487816810607910e-03
-5.730964615941047668e-02
3.058634139597415924e-02
9.921421855688095093e-02
1.332837995141744614e-02
2.467773854732513428e-02
8.428868837654590607e-03
-6.751371920108795166e-02
-6.141422316431999207e-02
-2.864396898075938225e-03
-5.367433279752731323e-02
-4.452622681856155396e-02
3.779524192214012146e-02
5.295643955469131470e-02
-1.652068942785263062e-01
-5.102085322141647339e-02
-1.385911833494901657e-02
6.677968800067901611e-02
-2.108519524335861206e-02
-1.472794078290462494e-02
-3.583831712603569031e-02
4.490203410387039185e-02
-6.860157940536737442e-03
8.127695322036743164e-02
-1.242779847234487534e-02
-1.381659787148237228e-02
2.977460622787475586e-02
-1.288244314491748810e-02
1.694010756909847260e-02
-4.924877360463142395e-02
-9.059874713420867920e-02
1.249383669346570969e-02
-4.599063470959663391e-02
4.715652763843536377e-02
3.502166271209716797e-02
1.328749954700469971e-01
9.930067509412765503e-02
6.104812771081924438e-02
-3.621007548645138741e-03
-1.842982135713100433e-03
8.026348054409027100e-02
6.575665622949600220e-02
-1.058857142925262451e-01
-5.493661388754844666e-02
2.773760072886943817e-02
9.535829536616802216e-03
-3.794054464378859848e-06
-1.766400225460529327e-02
-5.815447866916656494e-02
2.919637970626354218e-02
9.329811518909991719e-07
-1.026516631245613098e-01
3.058290481567382812e-02
-1.816415786743164062e-02
-1.933843083679676056e-02
4.938360676169395447e-02
-4.239547252655029297e-02
-3.200073912739753723e-02
2.211993187665939331e-02
-5.479565635323524475e-02
2.705023251473903656e-02
-6.873513013124465942e-02
1.473324745893478394e-01
-2.955701574683189392e-02
-4.791950434446334839e-02
2.301763743162155151e-02
7.788406312465667725e-02
-8.277400775114074349e-05
3.282748162746429443e-02
-1.135119199752807617e-01
6.281660869717597961e-03
-2.054786980152130127e-01
6.546116434037685394e-03
-1.501732468605041504e-01
1.592891104519367218e-02
-3.161432914566830732e-06
-1.560484338551759720e-02
9.432611986994743347e-03
-2.876192517578601837e-02
5.743611976504325867e-02
5.702293664216995239e-02
3.170168929500505328e-05
-4.677126184105873108e-02
-6.554200500249862671e-02
1.260317116975784302e-01
-3.852653875946998596e-02
4.826005920767784119e-02
2.065847814083099365e-02
6.839472055435180664e-02
4.443717002868652344e-02
9.599538519978523254e-03
-6.864706426858901978e-02
9.648110717535018921e-02
-1.808232218027114868e-01
2.790866978466510773e-02
-8.157745003700256348e-02
-5.116254091262817383e-02
1.306747179478406906e-02
-8.935467898845672607e-02
4.486160725355148315e-02
-3.107900917530059814e-02
1.228905330208363011e-05
1.236782463820418343e-05
-1.142807230353355408e-01
-9.045652300119400024e-02
-1.454772520810365677e-02
-3.134375065565109253e-02
-6.858430802822113037e-02
3.110399655997753143e-02
-9.299325197935104370e-02
-1.936927624046802521e-02
5.181907117366790771e-02
3.444633260369300842e-02
-5.615873378701508045e-04
-1.678228378295898438e-03
3.040199913084506989e-02
7.785587012767791748e-02
3.794175386428833008e-02
-4.995461925864219666e-02
-3.362580388784408569e-02
-1.517165154218673706e-01
-4.696359857916831970e-02
-4.289848729968070984e-02
1.857559680938720703e-01
-3.386671422049403191e-03
-3.938019648194313049e-02
-5.636729838442988694e-06
2.861699089407920837e-02
-5.863535031676292419e-02
-1.127359196543693542e-01
1.493384013883769512e-03
2.382702939212322235e-02
1.169535517692565918e-01
-5.441551655530929565e-02
-1.918432861566543579e-02
5.296772345900535583e-02
3.460727259516716003e-02
-6.199959293007850647e-02
2.534391544759273529e-02
-1.256116926670074463e-01
-1.305341441184282303e-02
6.272482685744762421e-03
-3.890856727957725525e-02
-2.920271828770637512e-02
5.280666518956422806e-04
-9.371718391776084900e-03
8.483492583036422729e-02
-1.099794078618288040e-02
-3.246315941214561462e-02
2.693737149238586426e-01
-7.547767460346221924e-02
1.284865569323301315e-02
-2.439461834728717804e-02
8.285395801067352295e-02
-1.656468063592910767e-01
-2.441382594406604767e-02
1.907216646941378713e-04
5.336372181773185730e-02
4.396752640604972839e-02
1.620420254766941071e-02
-2.392612025141716003e-02
-5.004440248012542725e-02
6.993044912815093994e-02
-4.076985176652669907e-03
6.846802875770663377e-07
2.410745248198509216e-02
-3.907597064971923828e-02
6.483434885740280151e-02
1.181450635194778442e-01
1.994325779378414154e-03
-1.243162378668785095e-01
3.279050439596176147e-02
4.126829281449317932e-02
4.489586129784584045e-02
4.590194299817085266e-02
-4.648277908563613892e-02
8.751031942665576935e-03
3.698451444506645203e-02
-3.836654126644134521e-02
-3.382418304681777954e-03
1.633352658245712519e-04
3.414886444807052612e-02
3.517584875226020813e-02
1.519451476633548737e-02
8.484941907227039337e-03
4.699818417429924011e-02
2.429159730672836304e-02
-1.827505603432655334e-02
-3.229573741555213928e-02
-1.257370319217443466e-02
-2.379358373582363129e-02
7.442524284124374390e-02
-2.985711954534053802e-02
3.355241194367408752e-02
-5.624457076191902161e-02
9.237786382436752319e-02
1.075895670510362834e-05
5.153200030326843262e-02
1.035857349634170532e-01
5.598617717623710632e-02
-1.239419914782047272e-02
4.269684478640556335e-02
2.723117358982563019e-02
-7.739415764808654785e-02
-1.564181409776210785e-02
7.501066476106643677e-02
-1.096374262124300003e-02
9.074492752552032471e-02
1.650075055658817291e-02
-1.261659990996122360e-02
1.198578719049692154e-02
-5.156455934047698975e-02
3.869501501321792603e-02
-2.280621230602264404e-02
-1.697879657149314880e-02
-1.371574588119983673e-02
-1.432920806109905243e-02
3.409587588976137340e-05
-2.145110070705413818e-02
9.239286929368972778e-02
-2.863477449864149094e-03
1.058808565139770508e-01
-2.052032575011253357e-02
-2.949974834918975830e-01
5.650778859853744507e-02
1.767806336283683777e-02
-7.277098298072814941e-02
-5.694972351193428040e-03
-3.024737909436225891e-02
1.638816174818202853e-04
-7.114662975072860718e-02
1.441117026843130589e-03
-1.260231621563434601e-02
-1.774059087038040161e-01
-1.533831097185611725e-02
9.678544849157333374e-02
-7.038147747516632080e-02
-3.129925131797790527e-01
5.571220815181732178e-02
-1.301772892475128174e-02
-4.445469006896018982e-02
6.107065360993146896e-03
-1.080270763486623764e-02
-4.012644290924072266e-03
7.985239475965499878e-02
-6.616793572902679443e-02
4.053294658660888672e-03
-5.991850420832633972e-02
-7.932238280773162842e-02
-9.890983998775482178e-02
-1.138712465763092041e-01
-1.341140419244766235e-01
1.878750883042812347e-02
9.293284267187118530e-02
9.301532804965972900e-02
-1.081837490200996399e-01
5.087712779641151428e-02
3.392491955310106277e-03
1.090679094195365906e-01
-1.408493029884994030e-03
2.819135040044784546e-02
-1.082963347434997559e-01
-3.119272924959659576e-02
-4.145912826061248779e-03
1.165650039911270142e-01
7.669594883918762207e-02
-6.007375568151473999e-02
-2.590994723141193390e-02
1.276295781135559082e-01
7.624355703592300415e-02
3.530574962496757507e-02
1.069199107587337494e-02
8.083213120698928833e-02
1.808286607265472412e-01
-3.383338451385498047e-02
4.653615504503250122e-02
-8.348952978849411011e-02
-2.043401636183261871e-02
-2.121899463236331940e-02
-2.500838309060782194e-04
-1.168984174728393555e-01
-2.479099668562412262e-02
-1.818694546818733215e-02
-9.165551513433456421e-03
-1.009990796446800232e-01
2.264360710978507996e-02
-4.139936342835426331e-02
1.098455488681793213e-01
3.818864002823829651e-02
1.287776082754135132e-01
-1.452551595866680145e-02
1.558184474706649780e-01
-1.609292775392532349e-01
4.501957818865776062e-02
-3.548990935087203979e-02
3.445062786340713501e-02
6.694594025611877441e-02
7.161889225244522095e-03
2.908376278355717659e-03
-2.943249978125095367e-02
-8.587729185819625854e-02
5.178227555006742477e-03
-8.180531673133373260e-03
1.971240341663360596e-01
8.636450022459030151e-02
-1.122401356697082520e-01
-1.664451090618968010e-03
-7.948914915323257446e-02
-6.453854031860828400e-03
3.741151094436645508e-02
-3.578304499387741089e-02
2.869638986885547638e-02
5.464442819356918335e-02
-4.497352242469787598e-02
5.379762873053550720e-02
8.123326115310192108e-03
1.259094774723052979e-01
-6.257518380880355835e-02
5.855197831988334656e-02
4.819834977388381958e-02
6.634622812271118164e-02
9.654516354203224182e-03
3.760680183768272400e-02
8.691211231052875519e-03
-3.523427248001098633e-02
-1.179926842451095581e-02
-6.776493508368730545e-03
3.473120555281639099e-02
7.884218543767929077e-02
4.166215658187866211e-02
-2.992864325642585754e-02
7.808312773704528809e-03
-6.259618699550628662e-02
2.737199887633323669e-02
1.626191101968288422e-02
1.268288493156433105e-02
-1.042027920484542847e-01
9.266311675310134888e-02
-3.190573677420616150e-02
4.675569012761116028e-02
2.054597251117229462e-02
5.370277911424636841e-02
7.181186694651842117e-03
-2.778534963726997375e-02
8.540062606334686279e-02
-1.159637031378224492e-04
2.868058532476425171e-02
7.415081560611724854e-02
4.290527105331420898e-02
2.978106215596199036e-02
-1.397956907749176025e-01
1.244387589395046234e-02
2.045330218970775604e-02
-3.946916759014129639e-02
-7.008394598960876465e-02
-6.500747054815292358e-02
2.149348519742488861e-02
-1.542397402226924896e-02
3.083723038434982300e-02
4.263339936733245850e-02
-3.015133552253246307e-02
-6.799034029245376587e-02
1.914273202419281006e-02
7.980984449386596680e-02
-9.007516200654208660e-05
2.482503466308116913e-02
-8.118458092212677002e-02
3.625442506745457649e-03
-3.621803969144821167e-02
1.658128015697002411e-02
1.473123878240585327e-01
1.087880805134773254e-01
-3.596587479114532471e-02
9.391219913959503174e-02
2.173117129132151604e-03
8.584655821323394775e-02
2.161257117986679077e-01
-1.213549152016639709e-01
3.624209389090538025e-02
7.519166916608810425e-02
6.978660076856613159e-02
3.732591867446899414e-02
3.482819920463953167e-06
4.042305424809455872e-02
3.616407513618469238e-02
-2.582024931907653809e-01
8.036856353282928467e-02
-2.181346900761127472e-02
1.867365986108779907e-01
7.323975116014480591e-02
-4.374221339821815491e-02
1.978365704417228699e-02
-4.323480650782585144e-02
1.090926676988601685e-01
-3.293406963348388672e-02
-2.877650596201419830e-02
-4.953548684716224670e-02
-1.234542354941368103e-01
6.832136213779449463e-02
2.280323021113872528e-02
-4.207348823547363281e-02
-6.591159850358963013e-02
-4.857880994677543640e-02
9.113969653844833374e-02
-3.357338532805442810e-02
6.439470499753952026e-02
1.276485323905944824e-01
8.420183509588241577e-02
8.858682215213775635e-02
-1.745103858411312103e-02
2.675675787031650543e-03
-2.973774634301662445e-02
1.285579614341259003e-02
-1.247353404760360718e-01
-5.688307806849479675e-02
1.180680766701698303e-01
8.513209223747253418e-02
-3.641594946384429932e-02
-4.757336806505918503e-03
-1.270993500947952271e-01
-2.960384264588356018e-02
-1.506675928831100464e-01
-2.743861451745033264e-02
1.154921762645244598e-02
-2.285737730562686920e-02
2.105161175131797791e-02
-2.156070806086063385e-02
5.065708234906196594e-02
-9.238969534635543823e-02
-3.436985239386558533e-02
6.338635832071304321e-02
-1.591138355433940887e-02
1.514275372028350830e-02
-6.107804551720619202e-02
2.443535625934600830e-02
-6.024204194545745850e-02
-3.443551063537597656e-02
4.439654946327209473e-02
-3.445996344089508057e-02
-8.971385657787322998e-02
-3.850926179438829422e-03
-6.301795598119497299e-03
-3.964823856949806213e-02
3.129731118679046631e-02
-1.541192531585693359e-01
-2.525520324707031250e-02
1.997256465256214142e-02
-2.950772270560264587e-02
2.018985301256179810e-01
-1.998071186244487762e-02
-1.221695076674222946e-02
-4.006404429674148560e-03
1.556660793721675873e-02
3.100950270891189575e-02
7.642868906259536743e-02
7.910992205142974854e-02
7.505781948566436768e-02
2.301559597253799438e-02
4.178970586508512497e-03
2.625004760921001434e-02
6.957421451807022095e-02
3.097355552017688751e-02
1.184276025742292404e-02
5.147215723991394043e-02
-4.200658947229385376e-02
6.642133463174104691e-03
4.446170851588249207e-02
6.579461041837930679e-03
-1.665610074996948242e-01
-8.717149496078491211e-03
4.797821864485740662e-02
1.523454934358596802e-01
-2.929853834211826324e-02
5.131975281983613968e-03
-1.429678965359926224e-02
-9.823859483003616333e-02
-3.986565023660659790e-02
3.703683987259864807e-02
5.117407813668251038e-02
2.828960306942462921e-02
3.183234855532646179e-02
6.985446810722351074e-02
2.190666273236274719e-02
-1.380603015422821045e-01
-6.880801916122436523e-02
-8.101736754179000854e-02
5.873745679855346680e-02
4.207558184862136841e-02
-1.079929322004318237e-01
3.667853772640228271e-02
8.601931482553482056e-02
7.804402709007263184e-02
-1.450747810304164886e-02
1.324349641799926758e-01
6.910757161676883698e-03
-1.543798670172691345e-02
-4.539576172828674316e-02
-3.624571487307548523e-02
8.022014051675796509e-03
4.198793787509202957e-03
3.289799019694328308e-02
1.068780571222305298e-02
2.465648576617240906e-02
9.181339293718338013e-02
9.729222953319549561e-02
-2.807850949466228485e-02
-5.765872821211814880e-02
1.660439767874777317e-03
-1.040806323289871216e-01
-2.204011107096448541e-04
8.252430707216262817e-03
-1.336133182048797607e-01
-8.865511044859886169e-03
1.800647564232349396e-02
7.645674049854278564e-02
-6.663046032190322876e-02
-3.561851009726524353e-02
-8.386222273111343384e-02
3.238077834248542786e-02
-2.450845018029212952e-02
-1.299077994190156460e-04
3.508203849196434021e-02
9.880995377898216248e-03
9.151840209960937500e-02
-7.156616449356079102e-02
4.257003962993621826e-02
9.411650896072387695e-02
-1.319230534136295319e-02
1.407869607210159302e-01
-3.072304278612136841e-02
-1.393633894622325897e-02
-2.846978791058063507e-02
-1.464646607637405396e-01
-1.561689563095569611e-02
-1.017652731388807297e-02
6.794591993093490601e-02
5.974948406219482422e-02
2.443057671189308167e-02
4.401865229010581970e-02
9.272762387990951538e-02
4.097732901573181152e-02
6.857352703809738159e-02
-5.402858555316925049e-02
-6.752465665340423584e-02
-2.579513005912303925e-02
1.513005350716412067e-03
-2.053676247596740723e-01
-1.230575293302536011e-01
5.222970992326736450e-02
-6.769205443561077118e-03
-5.823710188269615173e-02
-8.642209693789482117e-03
-8.804316818714141846e-02
2.215456776320934296e-02
1.677973754703998566e-02
-1.151070594787597656e-01
5.426097195595502853e-04
6.637592799961566925e-03
4.704754427075386047e-02
-1.195227205753326416e-01
-1.736390031874179840e-02
2.028707787394523621e-02
1.959436386823654175e-01
-1.765073090791702271e-02
-3.409071266651153564e-02
3.125745570287108421e-03
4.593073576688766479e-02
2.614311873912811279e-02
-1.577265793457627296e-03
-7.232251018285751343e-02
-4.448347724974155426e-03
-7.130424026399850845e-03
-2.235418930649757385e-02
9.269274771213531494e-02
-5.561311542987823486e-02
2.690395899116992950e-02
-1.341430544853210449e-01
-9.179383516311645508e-02
2.780515886843204498e-02
-4.171255975961685181e-02
2.772511541843414307e-02
-2.539571560919284821e-02
-7.027658075094223022e-02
6.745673716068267822e-02
1.167848929762840271e-01
-4.086297936737537384e-03
-1.358866597911401186e-06
7.687049359083175659e-02
4.064188525080680847e-02
9.407283738255500793e-03
2.021477371454238892e-02
2.581350505352020264e-03
-8.209579437971115112e-02
-1.967620700597763062e-01
-7.998410612344741821e-02
1.155413500964641571e-02
-9.189774096012115479e-02
2.015239745378494263e-01
-2.105992985889315605e-03
7.016408722847700119e-03
1.744156479835510254e-01
3.134047612547874451e-03
2.424543723464012146e-02
9.109666943550109863e-02
-1.350192073732614517e-02
-5.763017013669013977e-02
1.876305639743804932e-01
2.501708641648292542e-02
-7.815495133399963379e-02
1.663092710077762604e-02
8.383822441101074219e-02
3.364961827173829079e-03
4.518418386578559875e-02
1.604525277798529714e-05
-6.354309618473052979e-02
-2.124004252254962921e-02
1.045540198683738708e-01
-3.670438006520271301e-02
-7.693513482809066772e-02
1.125592291355133057e-01
1.230554655194282532e-02
2.133271284401416779e-02
6.026930734515190125e-02
-6.185648590326309204e-02
-2.295115031301975250e-02
-1.336412678938359022e-04
1.172618381679058075e-02
1.320533733814954758e-02
1.521250456571578979e-01
-3.229467570781707764e-02
8.248762041330337524e-02
1.120431944727897644e-01
2.055812956314184703e-06
1.393571123480796814e-02
-4.406630247831344604e-02
-4.192521050572395325e-02
1.824329048395156860e-02
-8.377620950341224670e-03
2.394949784502387047e-03
8.164272457361221313e-02
-3.918768092989921570e-02
6.161491182865574956e-05
-1.644459902308881283e-03
-1.353110224008560181e-01
5.548655055463314056e-03
-1.135559678077697754e-01
-3.806706890463829041e-02
-3.463341668248176575e-02
5.492482334375381470e-02
5.492971837520599365e-02
1.341058760881423950e-01
-2.028073929250240326e-02
-3.022620454430580139e-02
-2.706701308488845825e-02
5.319601297378540039e-02
3.299314156174659729e-02
3.470025956630706787e-02
-6.584038957953453064e-03
-8.273895829916000366e-02
-5.296333879232406616e-02
2.649359591305255890e-02
-8.873595297336578369e-02
-3.553606569766998291e-02
2.817969210445880890e-02
4.395436123013496399e-02
-3.382825478911399841e-02
4.095666483044624329e-02
2.059406787157058716e-02
-3.105624578893184662e-02
1.409174874424934387e-02
2.126912586390972137e-02
-1.254935413599014282e-01
-7.201147265732288361e-03
-2.299927547574043274e-02
-7.304911378014367074e-06
1.600936957402154803e-04
-5.162809044122695923e-02
-2.482739388942718506e-01
2.017272077500820160e-02
1.749254576861858368e-02
6.295219808816909790e-02
1.749898120760917664e-02
-6.289742887020111084e-03
-3.526199143379926682e-04
-3.269032761454582214e-02
-9.808011353015899658e-03
-2.855098433792591095e-02
-9.221353102475404739e-04
-1.054572239518165588e-01
-9.994782507419586182e-02
-1.633327268064022064e-02
-8.818502537906169891e-03
3.059240616858005524e-02
9.296377003192901611e-02
3.810076415538787842e-02
-8.177500490091915708e-07
-7.931714504957199097e-02
5.921580363065004349e-03
-2.568275481462478638e-02
5.097952485084533691e-02
1.889628911158069968e-04
-2.830514218658208847e-03
3.154487907886505127e-02
1.189426109194755554e-01
2.260622940957546234e-02
2.077396493405103683e-03
1.962145417928695679e-02
1.056159567087888718e-02
-4.079465195536613464e-02
3.460360923781991005e-03
4.706666618585586548e-02
-1.001155599951744080e-01
2.776288427412509918e-02
-4.538683220744132996e-02
-2.841093018651008606e-02
6.284566968679428101e-02
-7.425117492675781250e-02
-1.411086916923522949e-01
1.799551025032997131e-02
1.887721009552478790e-03
5.805981904268264771e-02
5.154054984450340271e-02
6.370478123426437378e-02
-2.628642506897449493e-02
1.122331768274307251e-01
4.429761320352554321e-02
5.284637957811355591e-02
6.311708688735961914e-02
-1.889105760710663162e-06
-1.005078386515378952e-02
7.283943146467208862e-02
1.515913940966129303e-02
-1.934562623500823975e-02
-1.069942023605108261e-02
2.496649883687496185e-02
-6.479222327470779419e-02
-4.996575787663459778e-02
-6.183644756674766541e-02
2.409143373370170593e-02
2.711306512355804443e-02
1.331208050251007080e-01
9.905499964952468872e-02
-4.173501394689083099e-03
3.095590509474277496e-02
-3.723130026500598433e-09
3.179644793272018433e-02
1.268068235367536545e-02
4.359495267271995544e-02
-6.992632057517766953e-03
5.003356561064720154e-02
2.378021180629730225e-02
2.915822668001055717e-03
4.438291490077972412e-02
3.135175630450248718e-02
3.954853862524032593e-02
1.018831357359886169e-01
7.836653292179107666e-02
1.541348248720169067e-01
-4.005373269319534302e-02
7.818599790334701538e-02
-3.765403106808662415e-02
3.964575298596173525e-04
-3.636302426457405090e-02
6.086787208914756775e-02
-3.595511987805366516e-02
3.938815742731094360e-02
5.836891755461692810e-02
-3.174765035510063171e-02
8.997873216867446899e-02
-1.175257191061973572e-02
-3.290653228759765625e-02
6.204132363200187683e-02
1.351779093965888023e-03
-6.652327626943588257e-02
6.252148002386093140e-02
-2.810996957123279572e-02
-1.994028501212596893e-02
1.151758804917335510e-01
4.247664287686347961e-02
-6.411115173250436783e-03
-1.458251327276229858e-01
4.040911048650741577e-02
1.880143024027347565e-02
