-9.664180129766464233e-02
-8.599304407835006714e-02
-1.040980666875839233e-01
-3.834076598286628723e-02
-8.667795360088348389e-02
1.351985335350036621e-02
-5.096972733736038208e-02
-1.046772524714469910e-01
-4.278783500194549561e-02
-8.226017653942108154e-02
-5.851819738745689392e-02
-7.100720703601837158e-02
-8.365418016910552979e-02
-8.459270745515823364e-02
-3.726262226700782776e-02
-8.919051289558410645e-02
-9.050186723470687866e-02
-5.512169748544692993e-02
-4.552061855792999268e-02
-4.741437360644340515e-02
-5.605623871088027954e-02
-6.646444648504257202e-02
-4.694560915231704712e-02
-1.182271316647529602e-01
-1.814788579940795898e-02
-5.150957778096199036e-02
-5.578925833106040955e-02
-6.888224929571151733e-02
-7.146624475717544556e-02
-6.734114140272140503e-02
4.249218851327896118e-03
-6.187840923666954041e-02
-5.497715249657630920e-02
-1.392825413495302200e-02
-5.109453573822975159e-02
-5.297781899571418762e-02
-1.087350249290466309e-01
-5.146948620676994324e-02
-6.259804964065551758e-02
-3.483329340815544128e-02
-3.520382195711135864e-02
-1.458304375410079956e-01
-4.534346610307693481e-02
-6.448862701654434204e-02
-4.530756548047065735e-02
-6.703707575798034668e-02
-6.577729433774948120e-02
-1.058200448751449585e-01
-6.453273445367813110e-02
-3.516371175646781921e-02
-2.451433427631855011e-02
-8.133465796709060669e-02
-1.300646364688873291e-02
-3.780355677008628845e-02
-7.045626640319824219e-02
-4.898026213049888611e-02
4.711512476205825806e-03
-4.921372979879379272e-02
-8.483052253723144531e-02
-5.752439424395561218e-02
-7.336123287677764893e-02
-7.091540843248367310e-03
-5.903327092528343201e-02
-1.803928986191749573e-02
-1.237358599901199341e-01
-2.030267752707004547e-02
-6.243940070271492004e-02
-2.789462916553020477e-02
-5.365988612174987793e-02
-8.978371322154998779e-02
-2.101669460535049438e-02
-8.605375140905380249e-02
-1.845740154385566711e-02
-1.259718388319015503e-01
-6.500182300806045532e-02
-1.583767309784889221e-02
-5.173413455486297607e-02
-7.412382215261459351e-02
-8.062087744474411011e-02
-6.377652287483215332e-02
-5.420059338212013245e-02
-6.155405938625335693e-02
-9.097559750080108643e-02
-7.763884961605072021e-02
-9.288082271814346313e-02
-6.169003993272781372e-02
-6.552934646606445312e-02
-8.259573578834533691e-02
-7.323525846004486084e-02
-9.233056753873825073e-02
-2.231099084019660950e-02
-2.119754627346992493e-02
-6.605827808380126953e-02
-1.945367269217967987e-02
3.134116530418395996e-01
-1.162250861525535583e-01
-2.956796064972877502e-02
-9.849615395069122314e-02
-5.850920453667640686e-02
-3.595384210348129272e-02
-8.572812378406524658e-02
-4.173351917415857315e-03
-5.113908648490905762e-02
-7.490242272615432739e-02
-7.097065448760986328e-02
-3.962988406419754028e-02
-8.519438654184341431e-02
-7.597105950117111206e-02
-4.582422971725463867e-02
-1.038915514945983887e-01
-2.800971828401088715e-02
-4.490262642502784729e-02
-7.325819879770278931e-02
-1.070580072700977325e-02
-6.406516581773757935e-02
-2.363740094006061554e-02
-1.355996429920196533e-01
-7.905906438827514648e-02
-1.107088625431060791e-01
-6.169141083955764771e-02
-3.399466723203659058e-02
-7.607563585042953491e-02
-4.816684126853942871e-02
-5.145933106541633606e-02
-2.707237377762794495e-02
-1.111176386475563049e-01
-6.347396224737167358e-02
7.447923533618450165e-03
-5.028725415468215942e-02
-4.607729986310005188e-02
-4.335910826921463013e-02
-7.515674829483032227e-02
-5.454790964722633362e-02
-4.214606806635856628e-02
-3.942756727337837219e-02
-4.465724900364875793e-02
3.366773948073387146e-02
-9.311368316411972046e-02
-6.769042462110519409e-02
-7.174337655305862427e-02
-1.903261430561542511e-02
-4.575944691896438599e-02
-6.807112693786621094e-02
-2.271199040114879608e-02
-3.206858783960342407e-02
-2.100620605051517487e-02
-1.244681887328624725e-02
-2.908202121034264565e-03
-7.312221825122833252e-02
-6.424569338560104370e-02
2.399953268468379974e-02
-7.366658002138137817e-02
-1.148683130741119385e-01
-8.634776622056961060e-02
-4.635278880596160889e-02
-2.994750812649726868e-02
-1.046020239591598511e-01
-5.676057189702987671e-03
-3.986857458949089050e-02
-7.979110628366470337e-02
-6.096027791500091553e-02
-3.915524482727050781e-02
-8.311039209365844727e-02
-7.101711630821228027e-02
-4.220141097903251648e-02
-6.554268300533294678e-02
-6.310167908668518066e-02
-8.959411643445491791e-03
-4.875236749649047852e-02
-2.885030955076217651e-02
-6.825942546129226685e-02
-2.743503823876380920e-02
-1.405213028192520142e-01
-7.292649894952774048e-02
-9.566407650709152222e-02
-1.094330698251724243e-01
-9.353458136320114136e-02
-7.339391112327575684e-02
-6.554501503705978394e-02
-8.063301444053649902e-02
-1.074496060609817505e-01
-8.084528148174285889e-02
-6.162944808602333069e-02
-6.690148264169692993e-02
-9.325200319290161133e-02
-2.402589842677116394e-02
-5.943142995238304138e-02
-5.049712955951690674e-02
-3.666708990931510925e-02
-4.639488086104393005e-02
-5.725360289216041565e-02
-6.593889743089675903e-02
-1.691711880266666412e-02
-3.796415776014328003e-02
-2.206474915146827698e-02
-8.167936652898788452e-02
-9.243280440568923950e-02
-5.285084247589111328e-02
-6.239024922251701355e-02
-5.724416673183441162e-02
-3.705422207713127136e-02
-8.264888077974319458e-02
-6.288223713636398315e-02
-7.124274969100952148e-03
-5.136721208691596985e-02
-5.438822880387306213e-02
-5.022641271352767944e-02
-1.197690740227699280e-01
-4.306316748261451721e-02
-6.518623232841491699e-02
-1.201158612966537476e-01
-6.701512634754180908e-02
-6.530385464429855347e-02
-4.956433549523353577e-02
-8.081621676683425903e-02
-4.426182433962821960e-02
-6.895363330841064453e-02
-2.930387668311595917e-02
-6.859772652387619019e-02
-4.782010987401008606e-02
-6.481879949569702148e-02
-7.777786999940872192e-02
-5.245798081159591675e-02
-3.691115230321884155e-02
-1.237070113420486450e-01
-7.500444352626800537e-02
-5.240275338292121887e-02
-3.729096427559852600e-02
-8.677472919225692749e-02
-6.198713183403015137e-02
-9.122347086668014526e-02
-7.712917029857635498e-02
-6.753335893154144287e-02
-5.277214571833610535e-02
-3.898480162024497986e-02
-2.509151957929134369e-02
-6.790244579315185547e-02
-9.745816886425018311e-02
-9.378311783075332642e-02
-8.556383103132247925e-02
-6.182988733053207397e-02
-7.130043208599090576e-02
-7.666768133640289307e-02
-4.954431205987930298e-02
-5.585347488522529602e-02
-3.397139534354209900e-02
-7.011515647172927856e-02
-6.289727985858917236e-02
-4.440680518746376038e-02
-6.031964346766471863e-02
-1.932855881750583649e-02
-6.579858064651489258e-02
-4.199030995368957520e-02
-6.589952856302261353e-02
-1.535470131784677505e-02
-8.273643255233764648e-02
-5.061148107051849365e-02
-5.374008417129516602e-02
-6.442113220691680908e-02
-5.689621716737747192e-02
-5.933434888720512390e-02
-6.531956046819686890e-02
-6.178118288516998291e-03
-1.323400586843490601e-01
-6.939567625522613525e-02
-4.974069073796272278e-02
-1.019041240215301514e-02
-8.797800540924072266e-02
-8.332855254411697388e-02
-7.458980381488800049e-02
-6.473451852798461914e-02
-1.064276415854692459e-02
-1.428892742842435837e-02
-1.003057882189750671e-01
-5.834953486919403076e-02
-6.525905430316925049e-02
-1.251406669616699219e-01
-6.743194162845611572e-02
-1.057767122983932495e-01
-5.202666297554969788e-02
-7.310424745082855225e-02
-1.057708784937858582e-01
-6.626778095960617065e-02
-8.120638877153396606e-02
-9.556362777948379517e-02
-9.575557708740234375e-02
-4.954673722386360168e-02
-8.519066870212554932e-02
-3.342241048812866211e-02
-2.504780702292919159e-02
-4.462188109755516052e-02
-7.282903790473937988e-02
-7.976441830396652222e-02
-8.792897313833236694e-02
-6.437812000513076782e-02
-4.633929207921028137e-02
-3.798554465174674988e-02
-4.437004029750823975e-02
-3.541953861713409424e-02
-1.011287122964859009e-01
-8.345717936754226685e-02
-4.285442829132080078e-02
-6.929460912942886353e-02
-5.598800629377365112e-02
-7.649905234575271606e-02
-4.055241867899894714e-02
-9.763685613870620728e-02
-3.188779205083847046e-02
-1.614477671682834625e-02
-3.244513645768165588e-02
-4.421823471784591675e-02
-9.118083119392395020e-02
-8.519131690263748169e-02
-2.903454937040805817e-02
-7.226487994194030762e-02
-6.949549168348312378e-02
-8.335945755243301392e-02
-4.658102244138717651e-02
-4.926997423171997070e-02
-1.003937423229217529e-01
-4.963792487978935242e-02
2.022731304168701172e-02
-1.087175384163856506e-01
-5.881226062774658203e-02
-7.238027453422546387e-02
-3.040328994393348694e-02
-6.754736602306365967e-02
-1.218337491154670715e-01
-8.558348566293716431e-02
-7.251451909542083740e-02
-5.514971539378166199e-02
-5.976731702685356140e-02
-7.486536353826522827e-02
-6.116305291652679443e-02
-3.304537758231163025e-02
-8.210831135511398315e-02
-1.235915645956993103e-01
-8.572952449321746826e-02
-9.621419012546539307e-02
-5.285794287919998169e-02
-6.034661084413528442e-02
-3.743646666407585144e-02
-6.319621205329895020e-02
-9.898795187473297119e-02
-7.600440084934234619e-02
-4.358305409550666809e-02
-7.654944807291030884e-02
-1.078573092818260193e-01
1.009423434734344482e-01
-3.464963659644126892e-02
-6.458602845668792725e-02
-6.924916803836822510e-02
-7.893062382936477661e-02
-1.139424741268157959e-01
-2.702349610626697540e-02
-1.270572841167449951e-01
-5.864077061414718628e-02
-9.357662498950958252e-02
-8.994961529970169067e-02
-4.830471798777580261e-02
-5.608973652124404907e-02
-4.201555997133255005e-02
-9.738898277282714844e-02
-3.576967120170593262e-02
-3.688246756792068481e-02
-5.053143948316574097e-02
-3.727175667881965637e-02
-6.695742905139923096e-02
-3.465865552425384521e-02
-7.414451241493225098e-02
-2.514186687767505646e-02
-3.979238495230674744e-02
-7.932832092046737671e-02
-5.621407926082611084e-02
-4.569140821695327759e-02
-1.092582345008850098e-01
-9.694168716669082642e-02
-3.364484757184982300e-02
-3.703073039650917053e-02
5.176019296050071716e-02
-6.610526889562606812e-02
6.561336107552051544e-03
-5.182827636599540710e-02
-9.394361078739166260e-02
-1.032447144389152527e-01
-1.737800799310207367e-02
-5.827126652002334595e-02
-8.466965705156326294e-02
-5.415546149015426636e-02
-9.105433523654937744e-02
-2.172062918543815613e-02
-9.162799268960952759e-02
-7.516200095415115356e-02
-6.053747981786727905e-02
-8.590038120746612549e-02
-6.216600537300109863e-03
-6.301039829850196838e-03
-8.821994066238403320e-02
-1.773664727807044983e-02
-4.810401424765586853e-02
-5.470965430140495300e-02
-9.784656018018722534e-02
-6.403282284736633301e-02
2.012351527810096741e-03
-4.378729313611984253e-02
-8.924400806427001953e-02
-6.011959537863731384e-02
-3.232935443520545959e-02
-1.144261807203292847e-01
-6.656485795974731445e-02
-7.514277100563049316e-02
-9.912194311618804932e-02
-3.848262876272201538e-02
-8.017787337303161621e-02
-8.474884182214736938e-02
-7.148226350545883179e-02
-9.408631175756454468e-02
-8.486286550760269165e-02
-3.044286556541919708e-02
-2.108621411025524139e-02
-5.506708100438117981e-02
-1.100047752261161804e-01
-6.618931144475936890e-02
-1.010529994964599609e-01
-7.457017898559570312e-02
-3.186716511845588684e-02
-5.218860879540443420e-02
-1.238414347171783447e-01
-4.159990698099136353e-02
-6.148137524724006653e-02
-3.703230619430541992e-02
-6.395474076271057129e-02
-2.175582200288772583e-02
-5.997235327959060669e-02
-1.227757111191749573e-01
-8.389003574848175049e-02
-1.357090752571821213e-02
-5.018017813563346863e-02
-6.099980324506759644e-02
-7.215572893619537354e-02
-4.831176996231079102e-02
-3.125698491930961609e-02
-6.630641967058181763e-02
-1.112534105777740479e-01
-8.508007973432540894e-02
-8.053363859653472900e-02
-2.953154779970645905e-02
-6.812197715044021606e-02
-8.050669729709625244e-02
-5.482682958245277405e-02
-5.273909494280815125e-02
-7.427155971527099609e-02
-7.235692441463470459e-02
-2.954644337296485901e-02
-4.454614967107772827e-02
-4.989745467901229858e-02
-7.538321614265441895e-02
-5.523848161101341248e-02
1.576958224177360535e-02
-1.918785460293292999e-02
-7.785222679376602173e-02
-2.449269033968448639e-02
6.334392819553613663e-03
-7.151395082473754883e-02
-9.017118811607360840e-02
-1.227890625596046448e-01
-5.151002481579780579e-02
-1.004718318581581116e-01
-1.089911088347434998e-01
-8.487904071807861328e-02
-6.724061071872711182e-02
-3.080273605883121490e-02
-8.354478329420089722e-02
-8.679098449647426605e-03
-8.409739285707473755e-02
-4.619538411498069763e-02
-9.258444607257843018e-02
-1.652258262038230896e-02
-5.493944883346557617e-02
-7.953035086393356323e-02
-2.812500111758708954e-02
-8.538830280303955078e-02
-1.254881545901298523e-02
-1.664070039987564087e-02
-3.577180579304695129e-02
-5.737453326582908630e-02
-4.840477555990219116e-02
-2.506214939057826996e-02
-8.271238207817077637e-02
-1.131054982542991638e-01
-7.089066505432128906e-02
-5.184149369597434998e-02
-1.215563248842954636e-02
-8.031780272722244263e-02
-1.174337510019540787e-02
-7.148027420043945312e-02
-6.518293917179107666e-02
-7.467771321535110474e-02
-5.956992134451866150e-02
-5.571315065026283264e-02
-3.521935641765594482e-02
-7.534104585647583008e-02
-5.039617046713829041e-02
-4.283032193779945374e-02
-1.150304526090621948e-01
-2.420465461909770966e-02
1.362405065447092056e-02
-6.993856281042098999e-02
-6.958677619695663452e-02
-5.779729783535003662e-02
-8.039089292287826538e-02
-8.394033461809158325e-02
