7.171233883127570152e-04
1.379380817525088787e-03
1.026632264256477356e-03
8.687022491358220577e-04
9.441338479518890381e-04
1.461494830437004566e-03
1.057480578310787678e-03
1.313166227191686630e-03
8.209787192754447460e-04
7.626253063790500164e-04
2.418919757474213839e-04
7.507691625505685806e-04
1.151814940385520458e-03
1.939020585268735886e-03
8.417899371124804020e-04
1.438055187463760376e-03
1.022296841256320477e-03
3.612222499214112759e-04
6.359092076309025288e-04
6.679050275124609470e-04
5.383695242926478386e-04
1.121154637075960636e-03
1.008964725770056248e-03
8.213715627789497375e-04
1.180348102934658527e-03
1.298830378800630569e-03
1.029863138683140278e-03
8.295029983855783939e-04
1.085671829059720039e-03
9.152066195383667946e-04
7.076295441947877407e-04
7.886830135248601437e-04
8.505621226504445076e-04
9.265874978154897690e-04
1.526303007267415524e-03
1.261167577467858791e-03
8.074021898210048676e-04
8.139173733070492744e-04
3.791524213738739491e-04
1.762957661412656307e-03
8.730157278478145599e-04
9.025929612107574940e-04
4.581840476021170616e-04
8.180002914741635323e-04
4.917542100884020329e-04
1.229149173013865948e-03
7.901720236986875534e-04
9.713983163237571716e-04
5.389636498875916004e-04
1.376279047690331936e-03
9.685555705800652504e-04
1.051400788128376007e-03
1.454350072890520096e-03
1.438268227502703667e-03
1.609470811672508717e-03
9.888926288112998009e-04
8.603368187323212624e-04
8.242022013291716576e-04
1.091568032279610634e-03
8.789366693235933781e-04
9.636086178943514824e-04
5.112068611197173595e-04
1.672501675784587860e-03
9.805610170587897301e-04
6.830764468759298325e-04
1.520541729405522346e-03
8.340545464307069778e-04
7.639039540663361549e-04
7.566061685793101788e-04
7.593409973196685314e-04
1.244276878423988819e-03
7.639831746928393841e-04
1.127649331465363503e-03
9.435538668185472488e-04
1.096684718504548073e-03
5.248222732916474342e-04
6.185045349411666393e-04
1.158696948550641537e-03
9.877193951979279518e-04
1.081677502952516079e-03
3.197694604750722647e-04
8.403041283600032330e-04
1.826929510571062565e-03
8.155478863045573235e-04
1.069360063411295414e-03
1.341456780210137367e-03
1.072913291864097118e-03
9.286603890359401703e-04
1.423953101038932800e-03
1.684945193119347095e-03
8.820152143016457558e-04
6.305365241132676601e-04
9.841204155236482620e-04
1.106750918552279472e-03
7.469594711437821388e-04
1.068859593942761421e-03
1.398076186887919903e-03
1.573210814967751503e-03
5.753756267949938774e-04
1.050073420628905296e-03
4.919409984722733498e-04
1.189643051475286484e-03
6.812858628109097481e-04
1.085899886675179005e-03
1.096735592000186443e-03
1.089786645025014877e-03
1.023243530653417110e-03
9.174265433102846146e-04
7.981027010828256607e-04
8.630525553598999977e-04
1.625478849746286869e-03
1.406290801241993904e-03
5.283795180730521679e-04
1.812163391150534153e-04
6.641966756433248520e-04
8.596600964665412903e-04
8.823936805129051208e-04
1.083781127817928791e-03
5.328342667780816555e-04
8.639491279609501362e-04
1.648004981689155102e-03
8.277111919596791267e-04
5.293255089782178402e-04
1.554195536300539970e-03
7.280765566974878311e-04
6.151295383460819721e-04
3.058445581700652838e-04
8.702951017767190933e-04
1.237097778357565403e-03
1.542219659313559532e-03
1.115683349780738354e-03
9.823658037930727005e-04
8.866244461387395859e-04
1.401240937411785126e-03
1.697671134024858475e-03
1.442216220311820507e-03
6.439590360969305038e-04
9.976507863029837608e-04
1.237298944033682346e-03
1.214519608765840530e-03
1.210527843795716763e-03
6.215021130628883839e-04
7.492768927477300167e-04
1.053191837854683399e-03
7.491258438676595688e-04
6.364610744640231133e-04
7.636479567736387253e-04
5.944403237663209438e-04
7.967847050167620182e-04
1.525630708783864975e-03
1.181460334919393063e-03
4.813866980839520693e-04
1.683271955698728561e-03
8.244133787229657173e-04
7.266827160492539406e-04
1.640472095459699631e-03
1.250901026651263237e-03
1.721983542665839195e-03
9.343186393380165100e-04
1.143433852121233940e-03
8.325548260472714901e-04
3.575334267225116491e-04
1.335128326900303364e-03
8.750836132094264030e-04
5.552584188990294933e-04
6.171831628307700157e-04
1.239960896782577038e-03
1.031139632686972618e-03
5.220905295573174953e-04
3.607550461310893297e-04
2.060286933556199074e-03
6.252069142647087574e-04
8.488004095852375031e-04
1.842517638579010963e-03
1.382515067234635353e-03
8.481694385409355164e-04
1.070325262844562531e-03
6.575618172064423561e-04
9.091366664506494999e-04
1.606487901881337166e-03
4.117923963349312544e-04
6.186115788295865059e-04
1.356351422145962715e-03
1.310435123741626740e-03
7.770784432068467140e-04
7.072427542880177498e-04
1.033868524245917797e-03
8.997698896564543247e-04
4.819890309590846300e-04
1.096752705052495003e-03
6.368886679410934448e-04
6.257604109123349190e-04
8.066450827755033970e-04
1.205906737595796585e-03
1.309363404288887978e-03
1.461076200939714909e-03
1.135280239395797253e-03
9.695305489003658295e-04
9.851451031863689423e-04
3.575648879632353783e-04
9.215140598826110363e-04
8.185453480109572411e-04
8.851707680150866508e-04
1.262806821614503860e-03
4.922376247122883797e-04
1.672101672738790512e-03
5.103973671793937683e-04
1.045186771079897881e-03
1.113050850108265877e-03
9.631362045183777809e-04
7.472415454685688019e-04
5.017769872210919857e-04
1.263742567971348763e-03
6.667296984232962132e-04
8.763415389694273472e-04
1.201257226057350636e-03
1.080480637028813362e-03
2.069366455543786287e-04
1.020109397359192371e-03
6.245181430131196976e-04
1.941175141837447882e-04
9.937005816027522087e-04
1.050111255608499050e-03
1.533916103653609753e-03
7.922804797999560833e-04
1.019321149215102196e-03
1.155923004262149334e-03
9.212966542690992355e-04
1.256746589206159115e-03
8.855308406054973602e-04
8.229505037888884544e-04
1.336123445071280003e-03
1.015740795992314816e-03
3.091758117079734802e-04
1.101329224184155464e-03
8.076737867668271065e-04
9.301399695686995983e-04
1.577273476868867874e-03
7.075179601088166237e-04
6.554575520567595959e-04
6.027601193636655807e-04
8.278182940557599068e-04
1.166971167549490929e-03
9.971354156732559204e-04
6.794442888349294662e-04
1.259176991879940033e-03
1.123352209106087685e-03
1.183602027595043182e-03
1.072638784535229206e-03
7.969802245497703552e-04
1.045009586960077286e-03
7.238007965497672558e-04
1.115705468691885471e-03
6.569995894096791744e-04
6.899789441376924515e-04
5.820174701511859894e-04
9.024000610224902630e-04
1.055846340022981167e-03
9.238724014721810818e-04
1.057555433362722397e-03
8.168627391569316387e-04
8.893827907741069794e-04
7.932414882816374302e-04
3.898438299074769020e-04
1.118109445087611675e-03
1.278530224226415157e-03
6.910840747877955437e-04
9.909746004268527031e-04
7.437546737492084503e-04
1.453457865864038467e-03
7.193129858933389187e-04
9.017715346999466419e-04
1.094374805688858032e-03
7.146263378672301769e-04
1.781449886038899422e-03
2.134640963049605489e-04
9.035058901645243168e-04
6.789063336327672005e-04
1.891044084914028645e-03
1.519093406386673450e-03
1.241670805029571056e-03
8.806747500784695148e-04
6.652895826846361160e-04
4.744636244140565395e-04
6.731710745953023434e-04
1.036643632687628269e-03
7.451135898008942604e-04
6.414483068510890007e-04
9.078934090211987495e-04
1.661994378082454205e-03
9.589623077772557735e-04
9.889384964480996132e-04
8.553656516596674919e-04
1.205268781632184982e-03
7.536932826042175293e-04
1.636629225686192513e-03
8.575252722948789597e-04
6.596410530619323254e-04
7.304404280148446560e-04
7.497671176679432392e-04
1.499127363786101341e-03
1.247504027560353279e-03
1.222435268573462963e-03
8.988546906039118767e-04
9.985564975067973137e-04
1.221146550960838795e-03
8.865074487403035164e-04
9.605455561541020870e-04
9.636799804866313934e-04
3.669868165161460638e-04
1.551449386170133948e-04
1.026786165311932564e-03
6.930870586074888706e-04
1.213689218275249004e-03
5.139171262271702290e-04
6.651149014942348003e-04
7.445311057381331921e-04
1.151946838945150375e-03
9.512265678495168686e-04
1.470455434173345566e-03
1.223588129505515099e-03
1.097703236155211926e-03
8.677089354023337364e-04
9.860796853899955750e-04
8.886685827746987343e-04
5.889132735319435596e-04
2.661172766238451004e-04
1.183616579510271549e-03
8.117546094581484795e-04
1.976883504539728165e-03
5.787556292489171028e-04
1.775960554368793964e-03
7.648243336006999016e-04
7.818068843334913254e-04
8.422336541116237640e-04
1.033117063343524933e-03
1.269246684387326241e-03
7.173134363256394863e-04
5.443343543447554111e-04
1.053004059940576553e-03
1.141661661677062511e-03
5.667897057719528675e-04
8.285982767120003700e-04
1.808829372748732567e-03
7.593385525979101658e-04
1.217286568135023117e-03
8.587691700085997581e-04
6.769502651877701283e-04
6.933201802894473076e-04
1.632474130019545555e-03
9.585474035702645779e-04
5.904574645683169365e-04
6.902010645717382431e-04
1.426766742952167988e-03
8.303395006805658340e-04
1.030109124258160591e-03
8.043996640481054783e-04
8.257544250227510929e-04
6.016661063767969608e-04
7.543943938799202442e-04
8.623998146504163742e-04
2.202882023993879557e-04
9.013998205773532391e-04
6.767227314412593842e-04
7.668705657124519348e-04
8.138181874528527260e-04
5.651530809700489044e-04
6.185040110722184181e-04
1.682574162259697914e-03
1.310964580625295639e-03
1.704390975646674633e-03
6.923912442289292812e-04
5.883957492187619209e-04
9.999795584008097649e-04
6.784605793654918671e-04
3.215044562239199877e-04
5.842569516971707344e-04
8.582877344451844692e-04
7.019209442660212517e-04
1.451118965633213520e-03
1.103079295717179775e-03
8.501552511006593704e-04
1.254492555744946003e-03
1.767039997503161430e-03
6.973179406486451626e-04
6.673836032859981060e-04
7.082950323820114136e-04
1.050002290867269039e-03
1.757706515491008759e-03
1.312193111516535282e-03
7.447874522767961025e-04
8.657741127535700798e-04
5.126333562657237053e-04
1.597731490619480610e-03
1.118044950999319553e-03
8.266614750027656555e-04
1.068243291229009628e-03
5.385886761359870434e-04
3.515507269185036421e-04
6.197415641508996487e-04
4.953333409503102303e-04
5.470056203193962574e-04
1.277614734135568142e-03
1.032913220115005970e-03
9.828848997130990028e-04
9.987176163122057915e-04
6.711174501106142998e-04
1.013475586660206318e-03
1.021655974909663200e-03
1.351043349131941795e-03
8.244263590313494205e-04
9.371421765536069870e-04
1.039845054037868977e-03
1.081449096091091633e-03
1.568889128975570202e-03
6.940867751836776733e-04
9.834134252741932869e-04
8.698906749486923218e-04
1.089850091375410557e-03
9.358018869534134865e-04
1.106794225051999092e-03
6.457488052546977997e-04
4.433592548593878746e-04
6.799150141887366772e-04
8.156805997714400291e-04
7.914903690107166767e-04
7.642063428647816181e-04
1.485089422203600407e-03
6.445265607908368111e-04
3.490539093036204576e-04
1.314632012508809566e-03
1.625921577215194702e-03
9.147216915152966976e-04
1.453111064620316029e-03
1.360093010589480400e-03
1.345748198218643665e-03
8.115008822642266750e-04
7.096722256392240524e-04
7.353780092671513557e-04
1.067099859938025475e-03
5.644978373311460018e-04
1.174156204797327518e-03
1.640491100260987878e-04
6.060527521185576916e-04
9.110425598919391632e-04
8.728875545784831047e-04
4.380157333798706532e-04
6.949580856598913670e-04
6.388656911440193653e-04
1.190890208818018436e-03
7.560108788311481476e-04
8.714594878256320953e-04
7.877837633714079857e-04
1.017377595417201519e-03
8.138499688357114792e-04
9.104012860916554928e-04
6.993049173615872860e-04
9.047912317328155041e-04
1.343298354186117649e-03
2.886462025344371796e-04
1.351389102637767792e-03
8.925073198042809963e-04
1.504687010310590267e-03
1.337786321528255939e-03
6.343987188301980495e-04
1.184790045954287052e-03
9.478927822783589363e-04
6.559956818819046021e-04
9.606659878045320511e-04
5.914092762395739555e-04
1.022512442432343960e-03
1.128355856053531170e-03
1.023376360535621643e-03
1.353026251308619976e-03
1.349071506410837173e-03
1.244930084794759750e-03
4.651632334571331739e-04
8.951201452873647213e-04
1.210220507346093655e-03
1.187272835522890091e-03
9.069430525414645672e-04
5.315408925525844097e-04
2.851333119906485081e-04
3.702269459608942270e-04
1.635472639463841915e-03
1.623043324798345566e-03
5.405069096013903618e-04
8.237100555561482906e-04
7.261593127623200417e-04
7.111197919584810734e-04
9.068479412235319614e-04
8.572388323955237865e-04
1.593017514096572995e-04
1.003089244477450848e-03
5.805587279610335827e-04
1.088303280994296074e-03
1.179813290946185589e-03
1.014804583974182606e-03
7.613511988893151283e-04
6.500959862023591995e-04
1.156882848590612411e-03
1.099548884667456150e-03
8.752454887144267559e-04
1.335412031039595604e-03
1.109716482460498810e-03
7.253202493302524090e-04
8.108820766210556030e-04
1.254648435860872269e-03
5.926090525463223457e-04
9.693123865872621536e-04
6.755137001164257526e-04
8.588153286837041378e-04
9.532512049190700054e-04
8.131716749630868435e-04
1.174121629446744919e-03
9.969818638637661934e-04
1.283710589632391930e-03
8.799834758974611759e-04
8.724130457267165184e-04
8.997687837108969688e-04
1.246672007255256176e-03
7.624641293659806252e-04
1.233850023709237576e-03
1.027080230414867401e-03
1.173259690403938293e-03
9.044432663358747959e-04
1.276013208553195000e-03
5.697194137610495090e-04
1.215627882629632950e-03
8.969717891886830330e-04
1.472907257266342640e-03
1.279937336221337318e-03
8.338187471963465214e-04
7.505204994231462479e-04
8.967227768152952194e-04
5.189477233216166496e-04
9.505725465714931488e-04
1.083143753930926323e-03
9.819329716265201569e-04
1.057454850524663925e-03
1.034100190736353397e-03
8.517857058905065060e-04
9.103870834223926067e-04
1.107566291466355324e-03
6.266791024245321751e-04
5.887313163839280605e-04
1.343835028819739819e-03
9.816800011321902275e-04
1.068884506821632385e-03
6.251779850572347641e-04
9.297652286477386951e-04
9.476715931668877602e-04
1.107708434574306011e-03
7.061773212626576424e-04
6.669575232081115246e-04
6.778407841920852661e-04
1.250509405508637428e-03
4.891764256171882153e-04
9.295344934798777103e-04
7.791373645886778831e-04
8.328813128173351288e-04
1.542779617011547089e-03
5.319691263139247894e-04
5.197156569920480251e-04
2.199072157964110374e-03
1.424317248165607452e-03
6.150687113404273987e-04
7.105194963514804840e-04
2.151056687580421567e-04
1.395293045789003372e-03
9.626976680010557175e-04
1.180982333607971668e-03
1.058425637893378735e-03
6.798766553401947021e-04
1.169678871519863605e-03
9.866551263257861137e-04
9.148180834017693996e-04
1.027933671139180660e-03
5.577245028689503670e-04
6.873108795844018459e-04
1.418498228304088116e-03
5.443386617116630077e-04
5.417614593170583248e-04
1.148663694038987160e-03
9.573603747412562370e-04
1.144418725743889809e-03
9.513594559393823147e-04
5.229536909610033035e-04
1.331600127741694450e-03
1.091736601665616035e-03
8.422491955570876598e-04
8.063275017775595188e-04
9.519749437458813190e-04
1.154257566668093204e-03
6.050184019841253757e-04
1.124505302868783474e-03
8.331617573276162148e-04
1.316571724601089954e-03
8.889833115972578526e-04
2.123847370967268944e-03
1.169668510556221008e-03
7.851584814488887787e-04
8.494892390444874763e-04
4.922368098050355911e-04
1.077046152204275131e-03
1.003914745524525642e-03
1.391254598274827003e-03
7.873601862229406834e-04
5.112289800308644772e-04
6.558793247677385807e-04
8.822957752272486687e-04
6.291179452091455460e-04
9.458033018745481968e-04
1.028178259730339050e-03
7.361562456935644150e-04
8.345766109414398670e-04
6.945291534066200256e-04
2.355111530050635338e-03
4.960637306794524193e-04
9.664091048762202263e-04
1.186039531603455544e-03
1.049205777235329151e-03
9.623898076824843884e-04
1.280751544982194901e-03
1.630890998058021069e-03
9.501607273705303669e-04
8.628017385490238667e-04
8.131503127515316010e-04
8.653749828226864338e-04
8.882425609044730663e-04
8.481687400490045547e-04
1.291192485950887203e-03
1.078240922652184963e-03
9.745001443661749363e-04
8.952834759838879108e-04
1.250755623914301395e-03
8.769991109147667885e-04
1.099181477911770344e-03
5.329003906808793545e-04
1.057329471223056316e-03
8.067861199378967285e-04
6.065095658414065838e-04
5.800232756882905960e-04
5.719395703636109829e-04
8.278046734631061554e-04
6.362196872942149639e-04
1.397615764290094376e-03
1.079664682038128376e-03
6.558399181813001633e-04
8.120460552163422108e-04
7.094980101101100445e-04
3.222113300580531359e-04
1.276333117857575417e-03
1.089997589588165283e-03
6.823390140198171139e-04
1.566920196637511253e-03
9.542858460918068886e-04
1.219017547555267811e-03
9.937692666426301003e-04
9.885422186926007271e-04
8.804817334748804569e-04
9.006385807879269123e-04
9.003184968605637550e-04
1.744476612657308578e-03
9.942305041477084160e-04
8.607333293184638023e-04
1.874989829957485199e-03
1.915185013785958290e-03
8.377643534913659096e-04
5.428198492154479027e-04
1.377462525852024555e-03
9.488053619861602783e-04
6.350752664729952812e-04
1.166982227005064487e-03
1.035496708936989307e-03
1.208420842885971069e-03
9.001516154967248440e-04
6.271385936997830868e-04
9.499203879386186600e-04
8.144724415615200996e-04
6.096985307522118092e-04
7.038476760499179363e-04
8.493362693116068840e-04
1.423211069777607918e-03
8.753510774113237858e-04
1.165248570032417774e-03
9.681159863248467445e-04
1.464382861740887165e-03
8.983925799839198589e-04
6.123678176663815975e-04
1.427336130291223526e-03
5.148642230778932571e-04
8.575672982260584831e-04
9.955810382962226868e-04
1.160214887931942940e-03
1.267451094463467598e-03
7.205111905932426453e-04
9.619888151064515114e-04
3.994775470346212387e-04
1.786960172466933727e-03
8.867842552717775106e-05
5.672960542142391205e-04
8.225488709285855293e-04
1.153641962446272373e-03
1.369228848489001393e-04
8.256219443865120411e-04
1.337253954261541367e-03
6.693867180729284883e-05
1.507554436102509499e-03
5.060597322881221771e-04
1.011965330690145493e-03
1.165947876870632172e-03
1.301228418014943600e-03
6.449093925766646862e-04
8.750077686272561550e-04
7.702204748056828976e-04
3.879313881043344736e-04
1.122213085182011127e-03
5.594213725998997688e-04
1.147009781561791897e-03
9.073164546862244606e-04
7.566297426819801331e-04
7.536067860201001167e-04
8.144234307110309601e-04
1.246443134732544422e-03
1.087981043383479118e-03
9.373032953590154648e-04
1.125618931837379932e-03
3.118449531029909849e-04
3.998673637397587299e-04
8.160346187651157379e-04
7.657536189071834087e-04
1.451399177312850952e-03
9.204961825162172318e-04
1.303221215493977070e-03
7.770252996124327183e-04
1.302077900618314743e-03
1.112492172978818417e-03
5.616379785351455212e-04
1.406065537594258785e-03
6.395706441253423691e-04
7.814040291123092175e-04
6.077229627408087254e-04
1.090856851078569889e-03
1.121039502322673798e-03
9.380106348544359207e-04
1.030438230372965336e-03
6.828088080510497093e-04
3.536531876306980848e-04
6.931934040039777756e-04
1.292924862354993820e-03
6.709445733577013016e-04
1.103835995309054852e-03
1.262014498934149742e-03
1.051340368576347828e-03
6.178388139232993126e-04
9.412696235813200474e-04
5.977325490675866604e-04
2.040563616901636124e-03
7.467218092642724514e-04
1.084444811567664146e-03
1.033957931213080883e-03
6.859339191578328609e-04
1.146790222264826298e-03
1.166471745818853378e-03
1.492928015068173409e-03
8.713774732314050198e-04
1.119706314057111740e-03
1.416303799487650394e-03
1.066697761416435242e-03
9.179958142340183258e-04
1.014811103232204914e-03
1.247838139533996582e-03
5.491591873578727245e-04
1.176112680695950985e-03
8.910319302231073380e-04
1.183939399197697639e-03
1.682179718045517802e-04
7.247532485052943230e-04
6.499286973848938942e-04
6.428619963116943836e-04
9.557436569593846798e-04
1.086908741854131222e-03
1.573861343786120415e-03
9.121738257817924023e-04
5.880130920559167862e-04
8.709623944014310837e-04
8.829076541587710381e-04
7.330477237701416016e-04
7.359465234912931919e-04
1.453091390430927277e-03
1.032559084706008434e-03
1.140689128078520298e-03
2.146667102351784706e-04
7.099727517925202847e-04
8.738606120459735394e-04
7.127854623831808567e-04
8.217642898671329021e-04
1.140095700975507498e-04
1.289208303205668926e-03
1.233397284522652626e-03
8.332820725627243519e-04
2.256074803881347179e-04
5.115414969623088837e-04
1.358963665552437305e-03
1.935254549607634544e-03
1.413875375874340534e-03
6.891626399010419846e-04
9.050199296325445175e-04
1.161205233074724674e-03
1.201976789161562920e-03
7.877192692831158638e-04
6.107909139245748520e-04
9.597801254130899906e-04
7.046927930787205696e-04
6.785764708183705807e-04
1.137169427238404751e-03
9.628215921111404896e-04
1.213493742397986352e-04
1.169721363112330437e-03
5.338721675798296928e-04
1.221992773935198784e-03
8.515673689544200897e-04
1.534531591460108757e-03
9.379003895446658134e-04
1.130593591369688511e-03
4.569662269204854965e-04
2.828433644026517868e-04
1.231634407304227352e-03
5.220809835009276867e-04
4.486099060159176588e-04
1.428965711966156960e-03
5.037165828980505466e-04
9.131409460678696632e-04
8.972270297817885876e-04
8.009285083971917629e-04
8.378404309041798115e-04
1.028232858516275883e-03
8.264642092399299145e-04
1.200182712636888027e-03
9.212081204168498516e-04
9.265153785236179829e-04
1.123435795307159424e-03
1.373266568407416344e-03
8.663506596349179745e-04
7.430954137817025185e-04
1.015363610349595547e-03
7.835893193259835243e-04
7.008792017586529255e-04
1.255345996469259262e-03
9.086238569580018520e-04
1.487465575337409973e-03
7.623882847838103771e-04
5.387761630117893219e-04
1.085739117115736008e-03
6.433171802200376987e-04
1.049568410962820053e-03
5.693401326425373554e-04
1.055253553204238415e-03
9.979590540751814842e-04
1.569050247780978680e-03
8.047938463278114796e-04
5.426680436357855797e-04
1.069378224201500416e-03
1.094571314752101898e-03
9.072127868421375751e-04
2.714319271035492420e-04
1.379962777718901634e-03
1.025457982905209064e-03
6.377499084919691086e-04
8.437733049504458904e-04
9.488868527114391327e-04
6.699620862491428852e-04
1.140325679443776608e-03
1.865406753495335579e-03
1.319626229815185070e-03
8.107004105113446712e-04
1.141676330007612705e-03
1.230409252457320690e-03
1.345910015515983105e-03
1.103139715269207954e-03
1.264421385712921619e-03
1.489892951212823391e-03
7.190645555965602398e-04
1.544972066767513752e-03
1.103507354855537415e-03
1.035083434544503689e-03
6.203235243447124958e-04
7.820613100193440914e-04
7.933835149742662907e-04
7.695895619690418243e-04
9.526143549010157585e-04
1.020870520733296871e-03
1.573627116158604622e-03
4.619980172719806433e-04
2.172889420762658119e-03
5.496274679899215698e-04
5.675312713719904423e-04
1.236798125319182873e-03
6.587622337974607944e-04
3.368521283846348524e-04
1.201817183755338192e-03
1.244520186446607113e-03
7.632721099071204662e-04
1.042893622070550919e-03
1.343994052149355412e-03
6.319228559732437134e-04
1.087519689463078976e-03
9.556275908835232258e-04
1.362919108942151070e-03
1.244245795533061028e-03
8.017719956114888191e-04
9.931293316185474396e-04
8.532276260666549206e-04
7.298403070308268070e-04
6.316864164546132088e-04
1.167862210422754288e-03
5.961818969808518887e-04
8.564220042899250984e-04
1.217490178532898426e-03
6.143249338492751122e-04
1.313640503212809563e-03
1.093249302357435226e-03
4.685901512857526541e-04
2.125043189153075218e-03
2.261953661218285561e-03
1.470458810217678547e-03
8.013889892026782036e-04
9.998005116358399391e-04
1.230695750564336777e-03
1.017376314848661423e-03
1.571488683111965656e-03
1.155853155069053173e-03
6.139258039183914661e-04
1.181496889330446720e-03
9.372630156576633453e-04
1.611390034668147564e-03
1.045133918523788452e-03
9.067563805729150772e-04
5.899906973354518414e-04
1.181340659968554974e-03
3.297868825029581785e-04
1.530631328932940960e-03
1.210680115036666393e-03
1.357468310743570328e-03
2.167577622458338737e-03
4.784582415595650673e-04
9.157052263617515564e-04
1.417026272974908352e-03
1.402808935381472111e-03
7.795214769430458546e-04
1.277831383049488068e-03
1.601564814336597919e-03
1.055410597473382950e-03
8.324681548401713371e-04
7.493316079489886761e-04
1.167362555861473083e-03
8.665453060530126095e-04
7.373003172688186169e-04
1.090322621166706085e-03
7.618907839059829712e-04
9.963673073798418045e-04
7.248104666359722614e-04
1.030583633109927177e-03
1.060242764651775360e-03
5.693398416042327881e-04
9.519411833025515079e-04
1.263784710317850113e-03
5.926992162130773067e-04
1.451145159080624580e-03
1.119861262850463390e-03
8.092274656519293785e-04
1.092515769414603710e-03
8.564202580600976944e-04
8.833555039018392563e-04
6.765818106941878796e-04
3.465189947746694088e-04
8.839521906338632107e-04
1.062032300978899002e-03
6.698032375425100327e-04
1.152483397163450718e-03
7.710547070018947124e-04
4.775364359375089407e-04
7.388416561298072338e-04
1.063742791302502155e-03
1.089921453967690468e-03
7.573493057861924171e-04
1.626667915843427181e-03
8.539021946489810944e-04
9.196006576530635357e-04
7.660568808205425739e-04
9.950726525858044624e-04
6.775024812668561935e-04
8.952968637458980083e-04
1.267257262952625751e-03
1.329424092546105385e-03
1.178337144665420055e-03
8.614842081442475319e-04
1.217112760059535503e-03
2.484982542227953672e-04
9.252473246306180954e-04
7.672572974115610123e-04
9.992105187848210335e-04
7.091767620295286179e-04
5.511246854439377785e-04
5.629390361718833447e-04
1.676657004281878471e-03
1.342047355137765408e-03
6.241168011911213398e-04
1.115110819227993488e-03
1.205363427288830280e-03
7.297659176401793957e-04
7.700691930949687958e-04
1.000698655843734741e-03
5.939286784268915653e-04
8.167452760972082615e-04
9.219716303050518036e-04
6.952798576094210148e-04
4.296902625355869532e-04
9.666502010077238083e-04
1.172277145087718964e-03
7.603901904076337814e-04
5.933697684668004513e-04
1.664708019234240055e-03
1.209512469358742237e-03
8.987045730464160442e-04
4.809319216292351484e-04
6.341118132695555687e-04
7.817705045454204082e-04
5.278584430925548077e-04
7.575007621198892593e-04
1.059181988239288330e-03
1.227760221809148788e-03
1.262477366253733635e-03
1.031646039336919785e-03
1.146228401921689510e-03
9.977417066693305969e-04
6.641104700975120068e-04
6.179172778502106667e-04
3.683874674607068300e-04
8.214080007746815681e-04
2.697763557080179453e-04
5.314756417647004128e-04
1.142242224887013435e-03
1.250326866284012794e-03
1.021028496325016022e-03
1.114915008656680584e-03
5.732122226618230343e-04
2.158204792067408562e-03
1.171570969745516777e-03
1.784206018783152103e-03
1.596193178556859493e-03
1.076089334674179554e-03
4.122757527511566877e-04
7.286625332199037075e-04
6.715028430335223675e-04
6.841128342784941196e-04
9.650076972320675850e-04
1.217297627590596676e-03
1.005834201350808144e-03
5.143992020748555660e-04
1.608287799172103405e-03
1.848533982411026955e-03
7.067598635330796242e-04
3.693148028105497360e-03
8.809627033770084381e-04
8.786548278294503689e-04
8.942578569985926151e-04
7.174793863669037819e-04
1.069263089448213577e-03
1.777482568286359310e-03
9.318895754404366016e-04
5.465794820338487625e-04
1.340306829661130905e-03
1.098291482776403427e-03
1.369679463095963001e-03
2.328753034817054868e-04
1.148856827057898045e-03
7.805934292264282703e-04
1.929105725139379501e-03
8.666823850944638252e-04
6.805381854064762592e-04
1.850793953053653240e-03
8.908825111575424671e-04
9.498686413280665874e-04
6.834985688328742981e-04
6.985889631323516369e-04
1.221266109496355057e-03
7.350894156843423843e-04
1.264580292627215385e-03
1.021544565446674824e-03
1.289795269258320332e-03
1.090850913897156715e-03
1.458263606764376163e-03
7.780928863212466240e-04
1.463663065806031227e-03
1.608497579582035542e-03
1.011957647278904915e-03
1.034841174259781837e-03
1.491956645622849464e-03
8.067939197644591331e-04
7.122381357476115227e-04
1.006232574582099915e-03
3.416063555050641298e-04
8.492795168422162533e-04
6.589419208467006683e-04
2.712432295083999634e-03
9.713415056467056274e-04
8.366684196516871452e-04
1.415044069290161133e-03
1.056919922120869160e-03
1.893114531412720680e-03
3.216362092643976212e-04
1.080455491319298744e-03
1.013796194456517696e-03
8.161434670910239220e-04
1.165659399703145027e-03
1.073040417395532131e-03
1.122861518524587154e-03
8.963068248704075813e-04
1.125297276303172112e-03
9.574143332429230213e-04
1.273612258955836296e-03
8.240832248702645302e-04
1.066475175321102142e-03
6.071012467145919800e-04
1.248808694072067738e-03
1.297938521020114422e-03
6.478682626038789749e-04
1.040242961607873440e-03
1.062383293174207211e-03
1.535106566734611988e-03
1.129433745518326759e-03
9.984973585233092308e-04
1.135186641477048397e-03
7.503484957851469517e-04
1.014930079691112041e-03
6.246619741432368755e-04
7.838528836145997047e-04
1.055422239005565643e-03
8.308854303322732449e-04
9.201409411616623402e-04
7.542735547758638859e-04
1.146310009062290192e-03
1.414567348547279835e-03
1.270513632334768772e-03
1.051358180120587349e-03
1.089978148229420185e-03
7.803375483490526676e-04
5.924323340877890587e-04
1.387284602969884872e-03
9.458415443077683449e-04
3.805525193456560373e-04
1.172611257061362267e-03
1.097742351703345776e-03
5.665425560437142849e-04
7.632658816874027252e-04
1.083148643374443054e-03
1.215606695041060448e-03
6.348120514303445816e-04
1.243788399733603001e-03
8.400190272368490696e-04
7.751308730803430080e-04
2.996299299411475658e-04
8.915280923247337341e-04
1.553182839415967464e-03
8.173432433977723122e-04
1.028019585646688938e-03
1.116849365644156933e-03
4.584009002428501844e-05
8.592193480581045151e-04
5.529886693693697453e-04
1.166557543911039829e-03
8.872327161952853203e-04
1.808711909689009190e-03
9.672602755017578602e-04
9.954426204785704613e-04
8.997014374472200871e-04
1.020391355268657207e-03
1.539872842840850353e-03
1.040192670188844204e-03
2.743954828474670649e-04
8.018251974135637283e-04
6.743209087289869785e-04
8.811902953311800957e-04
1.943769748322665691e-03
1.001435681246221066e-03
1.221035956405103207e-03
7.427250384353101254e-04
1.975480932742357254e-03
1.320589217357337475e-03
1.099735265597701073e-03
1.125291688367724419e-03
5.878653610125184059e-04
8.708463865332305431e-04
1.041342620737850666e-03
1.518884790129959583e-03
1.213056384585797787e-03
1.317510847002267838e-03
8.816070039756596088e-04
8.081054547801613808e-04
1.070941449142992496e-03
1.104192575439810753e-03
6.359395920298993587e-04
6.805487792007625103e-04
7.810445968061685562e-04
8.933300268836319447e-04
1.277652685530483723e-03
6.363638094626367092e-04
1.265822211280465126e-03
1.061238115653395653e-03
1.002823817543685436e-03
1.260018441826105118e-03
8.404155960306525230e-04
5.755131132900714874e-04
8.999400888569653034e-04
1.084732590243220329e-03
5.592266679741442204e-04
6.436236435547471046e-04
1.445483183488249779e-03
5.868771113455295563e-04
4.516156332101672888e-04
4.232442588545382023e-04
1.234571333043277264e-03
6.856360123492777348e-04
1.079381792806088924e-03
1.737701706588268280e-03
1.052948064170777798e-03
9.510309319011867046e-04
1.233098562806844711e-03
7.975904736667871475e-04
1.746596535667777061e-03
1.218133489601314068e-03
7.762042805552482605e-04
1.156512531451880932e-03
9.509567753411829472e-04
1.378004672005772591e-03
1.365086529403924942e-03
1.166518195532262325e-03
1.055623288266360760e-03
8.439561934210360050e-04
1.039341557770967484e-03
8.398453355766832829e-04
1.559517695568501949e-03
1.150168478488922119e-03
1.007975544780492783e-03
9.381371783092617989e-04
8.284897194243967533e-04
1.037238747812807560e-03
9.372663917019963264e-04
8.976350654847919941e-04
1.066348748281598091e-03
7.634790963493287563e-04
7.680285489186644554e-04
1.316700596362352371e-03
5.522270221263170242e-04
7.269700290635228157e-04
1.209890819154679775e-03
8.235834538936614990e-04
8.947888272814452648e-04
8.519634720869362354e-04
1.654453517403453588e-04
7.110481383278965950e-04
8.734783623367547989e-04
6.761847180314362049e-04
8.452967158518731594e-04
1.689621713012456894e-03
1.428225077688694000e-03
1.089394092559814453e-03
7.921616197563707829e-04
8.735830779187381268e-04
6.416594842448830605e-04
9.778979001566767693e-04
1.520153600722551346e-03
6.409413763321936131e-04
6.087034707888960838e-04
8.694225107319653034e-04
9.862874867394566536e-04
9.911396773532032967e-04
6.621944485232234001e-04
5.996490945108234882e-04
9.543548803776502609e-04
1.298080082051455975e-03
7.795598357915878296e-04
1.458137645386159420e-03
9.645477402955293655e-04
8.104071603156626225e-04
8.509252802468836308e-04
8.393502794206142426e-04
5.674372077919542789e-04
7.625722791999578476e-04
6.431456422433257103e-04
4.999410593882203102e-04
2.569012576714158058e-04
5.326983518898487091e-04
7.032934809103608131e-04
5.801436782348901033e-05
1.359392073936760426e-03
1.167829963378608227e-03
9.715873165987432003e-04
4.429543623700737953e-04
1.462005311623215675e-03
9.943637996912002563e-04
5.807453999295830727e-04
8.458751253783702850e-04
7.153991027735173702e-04
8.576499531045556068e-04
1.404395559802651405e-03
6.414304953068494797e-04
9.904787875711917877e-04
6.937993457540869713e-04
1.205957145430147648e-03
1.270363456569612026e-03
1.216658158227801323e-03
1.181267434731125832e-03
8.536389796063303947e-04
5.323140067048370838e-04
7.177710649557411671e-04
6.369780167005956173e-04
1.340236514806747437e-03
1.137249055318534374e-03
9.371954365633428097e-04
1.783838844858109951e-03
9.215767495334148407e-04
1.784527325071394444e-03
1.074044266715645790e-03
8.774343295954167843e-04
1.245152903720736504e-03
1.193920848891139030e-03
6.492980173788964748e-04
7.788184448145329952e-04
1.245631603524088860e-03
6.715476629324257374e-04
1.197659526951611042e-03
1.254715840332210064e-03
7.461401983164250851e-04
1.123516471125185490e-03
1.548925531096756458e-03
1.233692164532840252e-03
9.589862893335521221e-04
1.217594020999968052e-03
8.428136352449655533e-04
4.404631326906383038e-04
6.551911355927586555e-04
3.420298453420400620e-04
1.124031492508947849e-03
6.634808378294110298e-04
1.011441228911280632e-03
1.109500648453831673e-03
1.690217060968279839e-03
7.319102878682315350e-04
2.051461488008499146e-03
5.400354857556521893e-04
7.821532199159264565e-04
9.041359880939126015e-04
1.225167186930775642e-03
1.103141577914357185e-03
1.054115709848701954e-03
1.165117137134075165e-03
9.211443830281496048e-05
7.978730136528611183e-04
1.101606292650103569e-03
1.056692330166697502e-03
8.285746444016695023e-04
1.162140048108994961e-03
7.903866353444755077e-04
5.317593459039926529e-04
4.931236617267131805e-04
9.908241918310523033e-04
1.014238689094781876e-03
6.899954169057309628e-04
8.681508479639887810e-04
1.399161410517990589e-03
5.620121373794972897e-04
5.811071605421602726e-04
1.126051414757966995e-03
5.784221575595438480e-04
1.350420527160167694e-03
9.559585596434772015e-04
1.140597276389598846e-03
8.495709043927490711e-04
1.104963128454983234e-03
7.476886385120451450e-04
9.697558125481009483e-04
8.335016318596899509e-04
1.203294610604643822e-03
8.136475225910544395e-04
8.189745130948722363e-04
1.202541403472423553e-03
7.500583888031542301e-04
7.919881027191877365e-04
1.296648755669593811e-03
1.004230580292642117e-03
1.066656201146543026e-03
1.056201872415840626e-03
8.278408204205334187e-04
1.033154665492475033e-03
1.058678491972386837e-03
1.238183816894888878e-03
9.860332356765866280e-04
9.230580762960016727e-04
7.657818496227264404e-04
1.152773620560765266e-03
9.667305857874453068e-04
1.367413089610636234e-03
7.800122257322072983e-04
1.363125047646462917e-03
9.894106769934296608e-04
1.078423811122775078e-03
4.951539449393749237e-04
6.573330610990524292e-04
1.538310665637254715e-03
9.869178757071495056e-04
6.843211012892425060e-04
1.086962292902171612e-03
1.552940579131245613e-03
1.156145590357482433e-03
1.641663606278598309e-03
7.615177892148494720e-04
5.635271081700921059e-04
1.197157078422605991e-03
1.580270123668015003e-03
1.508836285211145878e-03
8.146162726916372776e-04
9.733670740388333797e-04
1.290985033847391605e-03
1.145213609561324120e-03
8.927888120524585247e-04
1.289967913180589676e-03
8.598874555900692940e-04
1.390179269947111607e-03
9.731687023304402828e-04
8.885615970939397812e-04
8.847651770338416100e-04
1.259668613784015179e-03
9.138224413618445396e-04
6.867098272778093815e-04
1.324189594015479088e-03
7.806710782460868359e-04
1.651567057706415653e-03
8.990700589492917061e-04
8.307435782626271248e-04
1.100083463825285435e-03
8.779497002251446247e-04
1.315491273999214172e-03
6.426454056054353714e-04
6.818538531661033630e-04
7.715994142927229404e-04
6.970571703277528286e-04
1.007956685498356819e-03
1.097266795113682747e-03
1.090841717086732388e-03
1.247143838554620743e-03
8.646557689644396305e-04
9.969614911824464798e-04
1.588337239809334278e-03
8.449993329122662544e-04
7.044373196549713612e-04
1.093911472707986832e-03
5.090767517685890198e-04
1.267626415938138962e-03
7.699895650148391724e-04
2.179987961426377296e-03
1.048923935741186142e-03
5.891892942599952221e-04
1.247372012585401535e-03
6.525380886159837246e-04
1.874950132332742214e-03
8.531914791092276573e-04
1.329944236204028130e-03
1.036257948726415634e-03
5.100721609778702259e-04
9.212022996507585049e-04
1.189800910651683807e-03
1.085149822756648064e-03
7.316861301660537720e-04
8.309455588459968567e-04
7.019698387011885643e-04
8.920764084905385971e-04
7.395375287160277367e-04
8.416707860305905342e-04
1.513663330115377903e-03
9.945840574800968170e-04
7.963053649291396141e-04
6.030968506820499897e-04
1.034806249663233757e-03
1.041262526996433735e-03
5.091408384032547474e-04
6.566712982021272182e-04
9.637515177018940449e-04
5.175719852559268475e-04
1.231878646649420261e-03
1.130137592554092407e-03
6.487621576525270939e-04
9.262492530979216099e-04
7.264948799274861813e-04
7.201569969765841961e-04
1.128783915191888809e-03
7.301203440874814987e-04
1.021426054649055004e-03
1.284177415072917938e-03
2.537405351176857948e-03
9.782193228602409363e-04
8.445720886811614037e-04
1.133694662712514400e-03
5.451778997667133808e-04
9.930055821314454079e-04
9.339297539554536343e-04
1.166443806141614914e-03
5.303345387801527977e-04
1.552799018099904060e-03
1.136969731305725873e-04
3.914125554729253054e-04
6.392130744643509388e-04
8.255259017460048199e-04
8.179565775208175182e-04
8.805749239400029182e-04
6.308403681032359600e-04
6.596867460757493973e-04
1.235462375916540623e-03
4.877880855929106474e-04
8.308066171593964100e-04
8.141178986988961697e-04
8.269203244708478451e-04
1.292025437578558922e-03
8.916860679164528847e-04
6.017761770635843277e-04
9.175540762953460217e-04
9.811308700591325760e-04
1.141125685535371304e-03
9.706435375846922398e-04
1.272688154131174088e-03
1.681292895227670670e-03
9.273131727240979671e-04
9.159125038422644138e-04
4.250897909514605999e-04
7.745363400317728519e-04
7.514319149777293205e-04
1.269693486392498016e-03
1.926183467730879784e-04
1.849467982538044453e-03
1.599702984094619751e-03
9.350798791274428368e-04
7.834365242160856724e-04
1.426468254067003727e-03
6.199759664013981819e-04
1.749980263411998749e-03
6.575898150913417339e-04
3.693043836392462254e-04
8.593346574343740940e-04
7.467411342076957226e-04
2.250163088319823146e-04
1.034100074321031570e-03
9.145718067884445190e-04
9.766326984390616417e-04
6.785711739212274551e-04
1.797653036192059517e-03
9.653545566834509373e-04
6.704262341372668743e-04
7.977999630384147167e-04
8.271130500361323357e-04
1.350974664092063904e-03
1.220149453729391098e-03
7.105584372766315937e-04
6.601256900466978550e-04
4.880294436588883400e-04
7.671699859201908112e-04
6.781964330002665520e-04
6.992494454607367516e-04
9.058342548087239265e-04
1.288397936150431633e-03
1.224485691636800766e-03
2.971861104015260935e-04
7.861890480853617191e-04
1.154830912128090858e-03
1.001198892481625080e-03
9.569707326591014862e-04
9.661013027653098106e-04
7.105597760528326035e-04
8.141800644807517529e-04
8.614143007434904575e-04
1.136865001171827316e-03
6.058410508558154106e-04
1.032860251143574715e-03
5.155271501280367374e-04
1.517819706350564957e-03
7.945488905534148216e-04
1.327229198068380356e-03
1.301312237046658993e-03
7.245264132507145405e-04
8.452322217635810375e-04
7.982316892594099045e-04
8.102399297058582306e-04
8.565505850128829479e-04
7.377384463325142860e-04
1.248915330506861210e-03
6.749259191565215588e-04
8.000379311852157116e-04
8.966595050878822803e-04
5.862813559360802174e-04
1.865597558207809925e-03
8.873880724422633648e-04
2.022417495027184486e-03
1.121654408052563667e-03
1.011623535305261612e-03
9.991474216803908348e-04
9.721374954096972942e-04
1.134777441620826721e-03
1.019279123283922672e-03
7.172245532274246216e-04
1.208642846904695034e-03
9.726757416501641273e-04
1.559924217872321606e-03
9.351578773930668831e-04
8.202518802136182785e-04
7.665047305636107922e-04
4.772115207742899656e-04
9.070521336980164051e-04
6.691653397865593433e-04
1.000036136247217655e-03
9.585566003806889057e-04
7.879482000134885311e-04
1.249320455826818943e-03
6.114236894063651562e-04
1.191780902445316315e-03
6.349374889396131039e-04
4.934927565045654774e-04
9.357701637782156467e-04
1.747310743667185307e-03
1.500381622463464737e-03
6.683256360702216625e-04
6.429243367165327072e-04
6.085117929615080357e-04
1.180000253953039646e-03
1.345830271020531654e-03
7.980664959177374840e-04
8.251636754721403122e-04
1.234220340847969055e-03
1.270550186745822430e-03
1.197242294438183308e-03
8.298272732645273209e-04
7.586237625218927860e-04
1.702020061202347279e-03
1.516543910838663578e-03
5.689584068022668362e-04
9.817747632041573524e-04
8.279338944703340530e-04
9.576619486324489117e-04
6.195795140229165554e-04
9.720883099362254143e-04
1.300286734476685524e-03
8.914883364923298359e-04
1.077857683412730694e-03
6.301861722022294998e-04
8.894126513041555882e-04
1.042449381202459335e-03
5.336420144885778427e-04
1.320120994932949543e-03
6.761401891708374023e-04
9.733725455589592457e-04
8.556000539101660252e-04
8.404778200201690197e-04
1.407188479788601398e-03
1.759026199579238892e-03
1.099069952033460140e-03
7.438848842866718769e-04
7.630963809788227081e-04
1.332782441750168800e-03
1.218329998664557934e-03
8.031948236748576164e-04
9.030493674799799919e-04
1.155971316620707512e-03
8.861100650392472744e-04
1.252382993698120117e-03
1.025758800096809864e-03
1.151609001681208611e-03
1.250005909241735935e-03
8.691569673828780651e-04
1.750129740685224533e-03
8.576965774409472942e-04
8.392970776185393333e-04
1.045415294356644154e-03
9.993907297030091286e-04
7.823191117495298386e-04
7.499569328501820564e-04
6.658147904090583324e-04
1.125771319493651390e-03
1.251202309504151344e-03
7.628903840668499470e-04
7.768640061840415001e-04
7.209136674646288157e-05
9.164267685264348984e-04
1.095877029001712799e-03
9.414277737960219383e-04
4.221133422106504440e-04
8.773552835918962955e-04
4.907372640445828438e-04
7.191558252088725567e-04
1.902712974697351456e-03
8.826390258036553860e-04
7.886895909905433655e-04
1.215419964864850044e-03
9.233471355400979519e-04
1.191230257973074913e-03
6.651852745562791824e-04
6.899104337207973003e-04
2.023110166192054749e-03
5.887009319849312305e-04
1.529395347461104393e-03
9.633394074626266956e-04
7.753537502139806747e-04
2.034648321568965912e-03
1.071678125299513340e-03
5.861462559551000595e-04
7.675259839743375778e-04
9.400835260748863220e-04
1.027795136906206608e-03
1.068992656655609608e-03
8.526609162800014019e-04
6.315396167337894440e-04
7.330223452299833298e-04
1.039792201481759548e-03
1.073159626685082912e-03
8.660197490826249123e-04
1.085889642126858234e-03
1.106968731619417667e-03
9.491441887803375721e-04
4.802166076842695475e-04
1.025661244057118893e-03
1.223145285621285439e-03
1.291650929488241673e-03
4.387547669466584921e-04
1.782119972631335258e-03
7.032318972051143646e-04
1.125721144489943981e-03
4.937479388900101185e-04
7.717545959167182446e-04
1.567009458085522056e-04
1.464882283471524715e-03
4.469622508622705936e-04
6.762997945770621300e-04
1.163377193734049797e-03
1.054721535183489323e-03
8.014903287403285503e-04
8.382727392017841339e-04
7.753891404718160629e-04
7.708149496465921402e-04
9.166013333015143871e-04
9.336372022517025471e-04
1.473076292313635349e-03
1.332879532128572464e-03
1.184007734991610050e-03
1.027158810757100582e-03
1.185031840577721596e-03
9.531826945021748543e-04
1.095176092348992825e-03
9.421650902368128300e-04
1.042042276822030544e-03
6.146630039438605309e-04
7.209947216324508190e-04
1.112415804527699947e-03
8.950338815338909626e-04
1.082256087101995945e-03
1.094042672775685787e-03
9.844186715781688690e-04
7.195317302830517292e-04
7.952520973049104214e-04
9.060163865797221661e-04
8.723490172997117043e-04
6.323099369183182716e-04
1.079920912161469460e-03
1.379068358801305294e-03
8.080000407062470913e-04
9.595221490599215031e-04
1.045885263010859489e-03
8.121909340843558311e-04
9.828503243625164032e-04
1.175969140604138374e-03
9.019477292895317078e-04
6.620355998165905476e-04
7.502898806706070900e-04
1.070742495357990265e-03
7.892927387729287148e-04
1.029245555400848389e-03
2.585264388471841812e-03
6.430309731513261795e-04
1.030912040732800961e-03
2.912972413469105959e-04
6.377539248205721378e-04
8.425519336014986038e-04
5.049430765211582184e-04
8.066421723924577236e-04
6.890002405270934105e-04
5.056078662164509296e-04
1.231370726600289345e-03
9.212144068442285061e-04
1.348320161923766136e-03
1.509315683506429195e-03
1.110923709347844124e-03
1.147181610576808453e-03
1.784433145076036453e-03
1.409179647453129292e-03
9.774884674698114395e-04
9.041684097610414028e-04
1.082254922948777676e-03
4.730568616650998592e-04
1.019998104311525822e-03
8.385061519220471382e-04
9.094999986700713634e-04
4.232492065057158470e-04
6.935705896466970444e-04
6.518987938761711121e-04
8.209382649511098862e-04
7.890859851613640785e-04
1.150477095507085323e-03
7.140190573409199715e-04
1.088093966245651245e-03
8.678576559759676456e-04
8.810612780507653952e-05
1.557888579554855824e-03
5.451697506941854954e-04
8.408051216974854469e-04
9.369020117446780205e-04
2.197654219344258308e-03
1.059839501976966858e-03
6.384335574693977833e-04
1.047964324243366718e-03
9.315307252109050751e-04
9.887039195746183395e-04
5.901634576730430126e-04
9.696902707219123840e-04
7.902580546215176582e-04
1.431785407476127148e-03
5.871938774362206459e-04
8.078794344328343868e-04
7.537858327850699425e-04
1.323838834650814533e-03
1.272851251997053623e-03
8.828892605379223824e-04
1.535431365482509136e-03
8.955514640547335148e-04
1.009937492199242115e-03
1.478414749726653099e-03
1.092174439691007137e-03
1.085459254682064056e-03
8.802774827927350998e-04
1.481532468460500240e-03
1.377124805003404617e-03
1.250405446626245975e-03
1.593367895111441612e-03
3.887858765665441751e-04
9.287918219342827797e-04
1.303835073485970497e-03
9.927268838509917259e-04
1.383728929795324802e-03
7.387186633422970772e-04
5.467188893817365170e-04
5.302066565491259098e-04
1.017134054563939571e-03
5.378854693844914436e-04
1.114954939112067223e-03
1.170419622212648392e-03
7.579089724458754063e-04
9.330863249488174915e-04
1.742544118314981461e-03
6.518559530377388000e-04
1.336437999270856380e-03
6.916783167980611324e-04
1.443136832676827908e-03
7.885084487497806549e-04
7.676625391468405724e-04
6.756728980690240860e-04
1.034063752740621567e-03
1.013202941976487637e-03
4.550827143248170614e-04
9.550863760523498058e-04
1.085944939404726028e-03
1.115475781261920929e-03
5.056124646216630936e-04
1.028283732011914253e-03
5.535434465855360031e-04
8.960082777775824070e-04
6.008219206705689430e-04
9.920600568875670433e-04
1.169153605587780476e-03
1.124879810959100723e-03
2.503196708858013153e-03
7.336842245422303677e-04
7.354925619438290596e-04
1.509464927949011326e-03
1.299370429478585720e-03
6.253446335904300213e-04
8.105635643005371094e-04
1.516152056865394115e-03
6.442281883209943771e-04
7.658787071704864502e-04
7.539325160905718803e-04
8.018887019716203213e-04
8.711622795090079308e-04
6.715888739563524723e-04
9.653083398006856441e-04
6.803041906096041203e-04
7.893743459135293961e-04
1.691969926469027996e-03
6.565059884451329708e-04
1.200131140649318695e-03
2.783453091979026794e-04
9.847906185314059258e-04
1.267508836463093758e-03
8.259246242232620716e-04
1.077829278074204922e-03
1.012882450595498085e-03
4.544603580143302679e-04
1.416162820532917976e-03
9.816965321078896523e-04
8.637831779196858406e-04
7.390921819023787975e-04
8.808148559182882309e-04
1.523304963484406471e-03
7.846088265068829060e-04
8.278234745375812054e-04
4.481046635191887617e-04
1.098435837775468826e-03
3.123932692687958479e-04
2.533310034777969122e-04
5.325668025761842728e-04
8.033053600229322910e-04
5.913297063671052456e-04
5.195974954403936863e-04
1.395824132487177849e-03
1.589383231475949287e-03
6.283894181251525879e-04
9.140470065176486969e-04
1.216067932546138763e-03
7.783664623275399208e-04
1.444948022253811359e-03
5.527335451915860176e-04
8.557375404052436352e-04
7.340917945839464664e-04
5.461581167764961720e-04
7.212350028567016125e-04
1.485544140450656414e-03
7.935794419609010220e-04
6.185075617395341396e-04
4.009069234598428011e-04
9.983262280002236366e-04
1.237654709257185459e-03
6.376243545673787594e-04
7.022743811830878258e-04
6.109477253630757332e-04
5.338216433301568031e-04
8.300147601403295994e-05
1.244268962182104588e-03
6.865306640975177288e-04
1.259712153114378452e-03
8.426575222983956337e-04
1.201465842314064503e-03
1.368919911328703165e-04
1.281574252061545849e-03
1.323167583905160427e-03
8.544427109882235527e-04
3.918182919733226299e-04
9.242365485988557339e-04
5.952180363237857819e-04
7.555919582955539227e-04
7.982272072695195675e-04
9.204491507261991501e-04
7.461742497980594635e-04
6.471590604633092880e-04
4.657182144001126289e-04
1.559085794724524021e-03
8.408112335018813610e-04
1.484754378907382488e-03
7.678777328692376614e-04
5.977301625534892082e-04
9.551159455440938473e-04
7.766488706693053246e-04
4.717904084827750921e-04
8.111988427117466927e-04
9.212088189087808132e-04
7.313695386983454227e-04
9.956338908523321152e-04
3.838139236904680729e-04
9.183706715703010559e-04
8.512203348800539970e-04
8.487824816256761551e-04
1.493589021265506744e-03
7.950622821226716042e-04
9.291344322264194489e-04
7.503645610995590687e-04
8.874697959981858730e-04
6.226352415978908539e-04
7.890951237641274929e-04
1.295857247896492481e-03
1.162020489573478699e-03
9.785273578017950058e-04
9.480715380050241947e-04
9.934819536283612251e-04
6.276232888922095299e-04
8.821127121336758137e-04
1.169534749351441860e-03
1.469998504035174847e-03
8.726313244551420212e-04
3.952996921725571156e-04
1.753505668602883816e-03
7.029922562651336193e-04
6.731766043230891228e-04
1.417120569385588169e-03
5.481705302372574806e-04
8.383946842513978481e-04
9.390361956320703030e-04
3.124087234027683735e-04
7.756917038932442665e-04
1.087836222723126411e-03
8.053762721829116344e-04
1.273816305911168456e-04
9.371052728965878487e-04
1.873278990387916565e-03
3.297052811831235886e-03
7.680182461626827717e-04
7.694670930504798889e-04
3.541707701515406370e-04
1.083846669644117355e-03
7.632453925907611847e-04
4.102778329979628325e-04
1.041342620737850666e-03
7.800659514032304287e-04
8.738941396586596966e-04
1.149577787145972252e-03
9.437085245735943317e-04
1.257574651390314102e-03
6.111126858741044998e-04
1.248402753844857216e-03
8.853808976709842682e-04
7.768358336761593819e-04
1.636257395148277283e-03
7.511911680921912193e-04
1.230034278705716133e-03
8.941029664129018784e-04
1.142455497756600380e-03
1.087580109015107155e-03
6.931397947482764721e-04
1.224793144501745701e-03
1.212432252941653132e-04
1.077447435818612576e-03
5.486283334903419018e-04
1.090170582756400108e-03
5.967868492007255554e-04
