2.251703408546745777e-04
6.164564401842653751e-04
2.618604805320501328e-03
1.991245080716907978e-04
1.814139424823224545e-03
1.578521769260987639e-04
2.167319646105170250e-03
1.142012071795761585e-03
2.450025640428066254e-04
2.342493680771440268e-04
2.463766431901603937e-04
1.349195023067295551e-03
3.847755491733551025e-03
3.246125415898859501e-04
2.601173007860779762e-03
1.794526353478431702e-03
1.334454136667773128e-04
1.854833564721047878e-03
6.277683860389515758e-05
3.119954199064522982e-04
1.311709405854344368e-03
8.110905182547867298e-04
1.641206792555749416e-03
9.768052259460091591e-04
2.057556062936782837e-03
1.635930850170552731e-03
1.494526950409635901e-04
7.226584712043404579e-04
1.860058400779962540e-04
1.245356979779899120e-04
1.359389862045645714e-04
2.046774170594289899e-04
1.829030079534277320e-04
4.839455941691994667e-04
1.427300507202744484e-03
1.157283695647493005e-04
1.661204587435349822e-04
1.397931773681193590e-04
5.398601642809808254e-04
2.826226118486374617e-04
6.086759734898805618e-03
3.669100988190621138e-04
1.873849658295512199e-03
1.998786465264856815e-04
6.646825931966304779e-05
2.121782861649990082e-03
9.381212294101715088e-05
1.807357883080840111e-03
2.746341051533818245e-03
3.411882789805531502e-03
2.240990434074774384e-04
6.421157740987837315e-04
2.811005339026451111e-03
1.475018099881708622e-03
1.220401318278163671e-04
1.585870777489617467e-04
1.660659181652590632e-04
1.443701097741723061e-03
1.307093189097940922e-04
1.111598830902948976e-04
1.677276013651862741e-04
1.519826910225674510e-04
1.117468709708191454e-04
6.571835547219961882e-05
4.760525655001401901e-03
4.507198464125394821e-04
2.762771677225828171e-03
1.857409079093486071e-04
2.895610232371836901e-04
1.375604624627158046e-04
1.272296532988548279e-03
4.480175673961639404e-03
1.212181756272912025e-03
4.796230059582740068e-04
1.829189423006027937e-04
7.407196681015193462e-04
1.970899058505892754e-03
1.345000200672075152e-04
1.006578968372195959e-04
3.200930077582597733e-04
1.242694706888869405e-04
1.950140140252187848e-04
1.507602282799780369e-04
3.603757359087467194e-03
1.236060634255409241e-03
3.330081235617399216e-03
2.048765774816274643e-03
2.566854236647486687e-03
2.428966108709573746e-04
3.555218689143657684e-03
7.978301146067678928e-04
3.887063940055668354e-04
2.192618849221616983e-04
3.373293438926339149e-03
1.490958966314792633e-03
5.161383305676281452e-04
1.780800084816291928e-04
1.065465970896184444e-03
7.834468851797282696e-05
8.145677275024354458e-04
3.760634281206876040e-04
3.993582911789417267e-03
2.453846391290426254e-03
1.080570145859383047e-04
8.957459940575063229e-04
1.406313385814428329e-03
1.426979433745145798e-03
2.804521005600690842e-03
1.253833179362118244e-04
1.897583424579352140e-04
3.727175935637205839e-04
8.030495519051328301e-05
2.305505331605672836e-04
2.045184955932199955e-04
6.007150514051318169e-04
1.162975211627781391e-03
2.488073660060763359e-04
1.643587253056466579e-03
3.678144654259085655e-03
6.574562285095453262e-04
4.475783498492091894e-04
5.384442047215998173e-04
1.419145410181954503e-04
5.332497414201498032e-03
1.548131695017218590e-04
1.104677576222456992e-04
9.437519474886357784e-04
5.244073458015918732e-03
2.380380406975746155e-03
2.091808477416634560e-03
3.874139627441763878e-03
6.714093615300953388e-04
2.240740461274981499e-03
2.390230307355523109e-03
2.160717500373721123e-03
1.018683251459151506e-04
1.175966695882380009e-03
2.263011876493692398e-03
1.533759932499378920e-04
1.850384403951466084e-03
1.724013360217213631e-03
1.225984597112983465e-04
5.044894642196595669e-04
1.307908212766051292e-03
8.981257269624620676e-05
1.308133505517616868e-04
2.230473328381776810e-04
5.752847646363079548e-04
5.020175012759864330e-04
8.743496146053075790e-04
1.969498116523027420e-04
1.620428520254790783e-03
1.869276748038828373e-03
1.405674149282276630e-03
5.853642505826428533e-05
9.029723005369305611e-04
9.702867828309535980e-05
1.019893214106559753e-03
1.339053851552307606e-04
1.315476984018459916e-04
2.065868611680343747e-04
1.417505671270191669e-03
7.421519694617018104e-05
5.806586705148220062e-04
1.381312496960163116e-03
7.893129077274352312e-05
7.938618073239922523e-04
2.038863021880388260e-04
1.173728611320257187e-03
3.220314392820000648e-03
1.440180465579032898e-03
8.077685197349637747e-05
1.116383937187492847e-03
1.735293073579668999e-03
1.447577960789203644e-03
1.983111491426825523e-03
6.931500975042581558e-04
2.336301404284313321e-04
1.050269580446183681e-03
1.513396855443716049e-03
2.291778801009058952e-03
9.888643398880958557e-05
6.076843710616230965e-04
9.604987571947276592e-04
1.779859303496778011e-04
2.593615325167775154e-03
1.268137275474146008e-04
1.498482888564467430e-03
1.250878267455846071e-04
8.410528535023331642e-04
2.398749202257022262e-04
1.837580784922465682e-04
4.760109586641192436e-04
2.190138766309246421e-04
2.286992035806179047e-03
1.200495098601095378e-04
1.102810958400368690e-03
3.520116151776164770e-04
9.472606325289234519e-05
1.999219413846731186e-03
3.155330778099596500e-04
6.350798648782074451e-04
2.468194812536239624e-03
1.812813279684633017e-04
2.084271516650915146e-03
1.328999642282724380e-04
1.437424798496067524e-03
1.418947940692305565e-03
3.882838063873350620e-04
5.039267707616090775e-04
1.440837862901389599e-03
2.606333931908011436e-03
9.065816993825137615e-04
7.700918358750641346e-04
2.542113070376217365e-04
1.439025509171187878e-04
1.230435329489409924e-03
1.379581866785883904e-03
1.283959369175136089e-03
1.260760007426142693e-03
1.453110249713063240e-03
1.773199997842311859e-03
2.021586056798696518e-03
4.318963037803769112e-04
5.683993731508962810e-05
7.814894779585301876e-04
4.713555390480905771e-04
8.301733760163187981e-05
3.536738804541528225e-04
1.250828383490443230e-03
2.798964502289891243e-03
2.266915107611566782e-04
8.404699619859457016e-04
1.705206377664580941e-04
1.018945768009871244e-04
1.085952608264051378e-04
8.563547744415700436e-04
1.921607530675828457e-03
2.557952539063990116e-04
5.570187204284593463e-05
5.833201576024293900e-04
1.389459357596933842e-04
4.577576182782649994e-04
1.657152170082554221e-04
3.431358782108873129e-04
1.085887488443404436e-04
2.930078888311982155e-03
8.652526885271072388e-04
1.809758367016911507e-03
1.650469028390944004e-03
1.041116338456049562e-04
5.499301478266716003e-04
3.143007052130997181e-04
2.986697363667190075e-04
3.482202300801873207e-04
1.634248415939509869e-03
