1.044168719090521336e-03
1.560779870487749577e-03
1.706998911686241627e-03
1.232689479365944862e-03
2.037914935499429703e-03
2.104492159560322762e-03
1.454591751098632812e-03
1.839492819271981716e-03
1.263996120542287827e-03
1.317126443609595299e-03
5.609808140434324741e-04
1.317397109232842922e-03
1.977288397029042244e-03
2.241018461063504219e-03
1.287019113078713417e-03
1.979651860892772675e-03
1.275936956517398357e-03
5.486640147864818573e-04
1.042587799020111561e-03
1.904587028548121452e-03
1.119551248848438263e-03
1.735069672577083111e-03
1.242321450263261795e-03
1.415506121702492237e-03
1.934745581820607185e-03
1.567029277794063091e-03
9.520575404167175293e-04
1.003559678792953491e-03
1.577547285705804825e-03
1.261341036297380924e-03
1.139775966294109821e-03
1.209304551593959332e-03
1.315266592428088188e-03
1.132770441472530365e-03
1.987958326935768127e-03
1.573164714500308037e-03
1.272502704523503780e-03
1.504174899309873581e-03
2.829664619639515877e-03
1.633078441955149174e-03
1.397065236233174801e-03
2.052181167528033257e-03
1.028824131935834885e-03
1.535722869448363781e-03
8.941065170802175999e-04
1.660414156503975391e-03
1.123266760259866714e-03
1.619890565052628517e-03
1.039890688844025135e-03
1.674519153311848640e-03
1.259587472304701805e-03
1.650240505114197731e-03
1.364714116789400578e-03
1.719207735732197762e-03
1.908578677102923393e-03
1.269126893021166325e-03
1.319080241955816746e-03
8.263618219643831253e-04
1.130799180828034878e-03
1.753374235704541206e-03
1.046491088345646858e-03
9.843797888606786728e-04
2.349548973143100739e-03
1.211892114952206612e-03
8.199562435038387775e-04
2.413400914520025253e-03
1.460254192352294922e-03
1.695238403044641018e-03
1.172354328446090221e-03
1.459119725041091442e-03
1.513258670456707478e-03
1.721460721455514431e-03
1.535261166281998158e-03
1.462210551835596561e-03
1.264760503545403481e-03
1.060917740687727928e-03
9.885780746117234230e-04
1.325648743659257889e-03
1.153561635874211788e-03
1.364952069707214832e-03
6.844979361630976200e-04
9.509651572443544865e-04
1.760395010933279991e-03
8.081819396466016769e-04
1.315985806286334991e-03
1.348682679235935211e-03
1.240676618181169033e-03
1.352739287540316582e-03
1.656262553296983242e-03
1.216757227666676044e-03
1.347777550108730793e-03
6.721033714711666107e-04
1.263325451873242855e-03
1.280137919820845127e-03
8.767168037593364716e-04
1.440410502254962921e-03
1.802486600354313850e-03
1.834476599469780922e-03
1.021567848511040211e-03
1.800477039068937302e-03
9.138012537732720375e-04
1.127608586102724075e-03
1.364149968139827251e-03
2.200569724664092064e-03
1.507806009612977505e-03
1.085051684640347958e-03
1.773128984495997429e-03
9.976238943636417389e-04
1.014567678794264793e-03
1.421289984136819839e-03
2.080584177747368813e-03
1.558683579787611961e-03
8.736446034163236618e-04
1.683193724602460861e-03
1.425766968168318272e-03
1.405338756740093231e-03
1.693787402473390102e-03
1.328422222286462784e-03
9.659977513365447521e-04
1.729227951727807522e-03
1.851867302320897579e-03
1.295661320909857750e-03
1.076667103916406631e-03
1.993694342672824860e-03
1.248747576028108597e-03
9.550612303428351879e-04
5.806437693536281586e-04
1.728794188238680363e-03
1.668548560701310635e-03
1.538358046673238277e-03
1.020899391733109951e-03
2.044114051386713982e-03
1.337821944616734982e-03
2.057438250631093979e-03
2.055621007457375526e-03
1.457896549254655838e-03
5.640096496790647507e-04
1.683705952018499374e-03
1.406151335686445236e-03
2.309452742338180542e-03
1.460526837036013603e-03
9.101429022848606110e-04
1.272603869438171387e-03
1.908867503516376019e-03
1.170807634480297565e-03
1.599658629857003689e-03
1.115093706175684929e-03
1.401625573635101318e-03
1.153027173131704330e-03
2.133756875991821289e-03
1.132383826188743114e-03
1.310557476244866848e-03
2.543109701946377754e-03
1.010169973596930504e-03
1.041057403199374676e-03
2.451186999678611755e-03
1.766985515132546425e-03
1.983808120712637901e-03
1.421315362676978111e-03
1.929191406816244125e-03
1.097648404538631439e-03
7.032750872895121574e-04
1.457276986911892891e-03
1.752081559970974922e-03
1.278787269257009029e-03
8.461022516712546349e-04
1.486752647906541824e-03
1.868650084361433983e-03
1.357821747660636902e-03
4.761222517117857933e-04
2.356525044888257980e-03
1.662952243350446224e-03
1.224827603437006474e-03
2.451185137033462524e-03
1.572405337356030941e-03
9.920572629198431969e-04
1.429081079550087452e-03
1.157803693786263466e-03
1.308539300225675106e-03
1.812513452023267746e-03
1.344481133855879307e-03
1.567261409945785999e-03
1.972177065908908844e-03
1.819636789150536060e-03
1.087348908185958862e-03
1.519638113677501678e-03
7.938709459267556667e-04
1.041739480569958687e-03
5.753855220973491669e-04
1.495440490543842316e-03
8.648862713016569614e-04
1.109889941290020943e-03
1.546097570098936558e-03
1.444048946723341942e-03
1.639551133848726749e-03
1.174233271740376949e-03
1.535956165753304958e-03
1.195703051052987576e-03
1.928170444443821907e-03
9.149484685622155666e-04
1.268229098059237003e-03
1.325945835560560226e-03
1.685728668235242367e-03
1.336120883934199810e-03
7.317206473089754581e-04
1.382959657348692417e-03
1.151249976828694344e-03
1.230715773999691010e-03
1.217881334014236927e-03
1.197234145365655422e-03
1.284357160329818726e-03
1.015895279124379158e-03
1.649389974772930145e-03
1.616206951439380646e-03
8.943901630118489265e-04
1.427196548320353031e-03
1.736346282996237278e-03
6.959124002605676651e-04
1.590132480487227440e-03
1.096986932680010796e-03
7.953924359753727913e-04
1.765686669386923313e-03
1.722336164675652981e-03
1.399047323502600193e-03
1.610613311640918255e-03
1.364289433695375919e-03
1.127155963331460953e-03
2.269065240398049355e-03
1.495957374572753906e-03
1.031679334118962288e-03
1.322603668086230755e-03
1.832168432883918285e-03
1.383420545607805252e-03
7.321736775338649750e-04
1.230565481819212437e-03
9.955076966434717178e-04
1.444524270482361317e-03
1.556839561089873314e-03
1.335176057182252407e-03
1.018030918203294277e-03
1.048706006258726120e-03
7.211141055449843407e-04
1.175633398815989494e-03
1.436017104424536228e-03
9.792720666155219078e-04
1.379649038426578045e-03
2.088009379804134369e-03
1.442855922505259514e-03
1.679081236943602562e-03
1.210495945997536182e-03
1.422917935997247696e-03
8.709761896170675755e-04
1.476652338169515133e-03
1.100203022360801697e-03
1.171206473372876644e-03
7.319010910578072071e-04
1.288045314140617847e-03
1.141269458457827568e-03
1.365239964798092842e-03
9.903211612254381180e-04
1.215166063047945499e-03
1.713205594569444656e-03
9.376117959618568420e-04
9.568852256052196026e-04
1.694014528766274452e-03
1.906318706460297108e-03
1.311811851337552071e-03
2.817683620378375053e-03
1.132354955188930035e-03
1.697221770882606506e-03
1.289915642701089382e-03
1.242492347955703735e-03
1.308951294049620628e-03
1.233940594829618931e-03
2.057299949228763580e-03
2.510910271666944027e-04
1.259640674106776714e-03
8.837791974656283855e-04
1.882095821201801300e-03
2.702041296288371086e-03
1.413242542184889317e-03
1.071264035999774933e-03
1.026752172037959099e-03
8.226853096857666969e-04
9.027077467180788517e-04
1.363076269626617432e-03
1.410717726685106754e-03
1.162604661658406258e-03
9.360962430946528912e-04
1.873186905868351460e-03
1.470860210247337818e-03
1.344063901342451572e-03
1.241058809682726860e-03
2.449803287163376808e-03
9.415053646080195904e-04
2.184742130339145660e-03
1.202336046844720840e-03
1.078316359780728817e-03
8.722692145965993404e-04
9.524557390250265598e-04
1.361402915790677071e-03
1.746290130540728569e-03
1.085024559870362282e-03
1.218237564899027348e-03
1.286374055780470371e-03
1.252146670594811440e-03
1.245605060830712318e-03
1.266798586584627628e-03
1.208060188218951225e-03
6.652316078543663025e-04
1.148662297055125237e-03
1.158660626970231533e-03
1.419861335307359695e-03
1.583578297868371010e-03
8.019051747396588326e-04
1.406886149197816849e-03
1.387624419294297695e-03
1.364028779789805412e-03
1.869036233983933926e-03
1.559923402965068817e-03
1.845517661422491074e-03
1.280022668652236462e-03
1.555291819386184216e-03
1.414734637364745140e-03
1.050026272423565388e-03
8.245498756878077984e-04
6.363508873619139194e-04
1.447167829610407352e-03
1.334112137556076050e-03
3.191054798662662506e-03
6.813223008066415787e-04
1.288839732296764851e-03
1.721920096315443516e-03
1.274817157536745071e-03
1.844711368903517723e-03
1.160000450909137726e-03
1.661338610574603081e-03
1.466700457967817783e-03
1.056573120877146721e-03
1.400303561240434647e-03
1.023391960188746452e-03
9.901889134198427200e-04
1.028896775096654892e-03
2.043067477643489838e-03
1.064274227246642113e-03
2.043304499238729477e-03
1.537462696433067322e-03
1.210333430208265781e-03
1.197937875986099243e-03
2.170711522921919823e-03
1.597122289240360260e-03
9.454439859837293625e-04
1.132736215367913246e-03
2.267969539389014244e-03
1.080208807252347469e-03
1.461092149838805199e-03
1.677707652561366558e-03
1.123789115808904171e-03
1.062762457877397537e-03
1.195890246890485287e-03
1.359114772640168667e-03
7.716520340181887150e-04
9.436686523258686066e-04
1.337192603386938572e-03
1.077363616786897182e-03
1.061870949342846870e-03
9.750081226229667664e-04
1.057647983543574810e-03
2.101661404594779015e-03
1.639850670471787453e-03
1.988778123632073402e-03
1.653269631788134575e-03
8.101257844828069210e-04
1.510808011516928673e-03
1.105152652598917484e-03
8.337849285453557968e-04
8.915584767237305641e-04
1.114738755859434605e-03
1.443405635654926300e-03
1.519564073532819748e-03
1.794409472495317459e-03
2.090409863740205765e-03
9.112242842093110085e-04
1.999932341277599335e-03
1.061787479557096958e-03
1.026069978252053261e-03
1.119842054322361946e-03
1.574548077769577503e-03
1.698119915090501308e-03
2.060712082311511040e-03
1.142712775617837906e-03
1.289950101636350155e-03
1.017707167193293571e-03
1.923948992043733597e-03
1.767307869158685207e-03
8.416458149440586567e-04
1.355675514787435532e-03
1.506806351244449615e-03
1.141918939538300037e-03
1.086913165636360645e-03
1.056944136507809162e-03
1.250887638889253139e-03
2.053655916824936867e-03
1.250976696610450745e-03
1.679079607129096985e-03
1.146710710600018501e-03
9.138034074567258358e-04
1.449820701964199543e-03
1.537988893687725067e-03
1.115969731472432613e-03
9.724137489683926105e-04
1.425490365363657475e-03
1.556831528432667255e-03
1.474769669584929943e-03
1.791115151718258858e-03
1.275149290449917316e-03
1.263350946828722954e-03
1.374899991787970066e-03
1.793502829968929291e-03
1.095229410566389561e-03
1.209461945109069347e-03
1.130109070800244808e-03
8.386123809032142162e-04
1.028100959956645966e-03
1.469306880608201027e-03
1.285274978727102280e-03
1.372702303342521191e-03
1.415869919583201408e-03
1.007246668450534344e-03
1.195240416564047337e-03
1.911753439344465733e-03
1.672342419624328613e-03
9.486043709330260754e-04
2.205117838457226753e-03
1.544736907817423344e-03
1.524398336187005043e-03
1.291735330596566200e-03
9.893772657960653305e-04
1.118495245464146137e-03
1.401220681145787239e-03
7.739430293440818787e-04
1.570394844748079777e-03
1.860907883383333683e-03
1.371629536151885986e-03
1.558615011163055897e-03
1.405256683938205242e-03
1.264525577425956726e-03
1.569472718983888626e-03
1.089678844437003136e-03
1.174636534415185452e-03
1.386258983984589577e-03
1.157745835371315479e-03
1.335710054263472557e-03
1.288902829401195049e-03
1.112278550863265991e-03
8.505765581503510475e-04
1.064879470504820347e-03
1.541525474749505520e-03
1.533940667286515236e-03
2.267054980620741844e-03
1.912464620545506477e-03
8.390829316340386868e-04
2.737121656537055969e-03
1.963920891284942627e-03
9.568579262122511864e-04
2.412511035799980164e-03
1.356544322334229946e-03
1.251508481800556183e-03
1.674184226430952549e-03
1.005902886390686035e-03
1.583737321197986603e-03
1.623378018848598003e-03
1.374453189782798290e-03
1.381541485898196697e-03
1.714540529064834118e-03
1.448722439818084240e-03
1.880927942693233490e-02
1.089441706426441669e-03
1.182746491394937038e-03
1.522178761661052704e-03
9.417362743988633156e-04
9.000496356748044491e-04
5.312146968208253384e-04
9.181504137814044952e-04
1.762890489771962166e-03
2.098606666550040245e-03
9.723791154101490974e-04
1.054864260368049145e-03
1.157182850874960423e-03
1.390408026054501534e-03
2.513439394533634186e-03
1.157778897322714329e-03
3.882618620991706848e-04
1.087869284674525261e-03
1.181370578706264496e-03
1.281023840419948101e-03
2.145152073353528976e-03
1.116097206249833107e-03
1.113144564442336559e-03
1.502790371887385845e-03
1.792110153473913670e-03
1.870687934570014477e-03
1.459489925764501095e-03
1.563365338370203972e-03
2.499299123883247375e-03
1.166515867225825787e-03
1.440888619981706142e-03
1.236143987625837326e-03
9.877186967059969902e-04
1.059960341081023216e-03
1.003314158879220486e-03
1.589130843058228493e-03
1.112386118620634079e-03
1.028652186505496502e-03
1.173842116259038448e-03
1.131652039475739002e-03
1.866224803961813450e-03
1.172261894680559635e-03
1.119072199799120426e-03
1.777549972757697105e-03
1.342651783488690853e-03
1.056190929375588894e-03
1.173125347122550011e-03
2.002515364438295364e-03
1.331141567789018154e-03
1.558408373966813087e-03
1.663506263867020607e-03
8.876524516381323338e-04
1.123804016970098019e-03
1.200479455292224884e-03
1.589821185916662216e-03
1.519034150987863541e-03
1.270436448976397514e-03
1.882185926660895348e-03
1.515218522399663925e-03
8.006229181773960590e-04
1.367039280012249947e-03
1.441392698325216770e-03
1.791543094441294670e-03
1.914844848215579987e-03
1.548476284369826317e-03
1.402898342348635197e-03
1.280580181628465652e-03
1.533393631689250469e-03
1.372709288261830807e-03
1.104008872061967850e-03
1.353781437501311302e-03
9.319964447058737278e-04
1.178181730210781097e-03
8.995706448331475258e-04
1.432196353562176228e-03
1.687021111138164997e-03
1.999186119064688683e-03
1.281647011637687683e-03
1.274315989576280117e-03
1.561863347887992859e-03
1.990766962990164757e-03
1.220217207446694374e-03
1.214412041008472443e-03
1.110830926336348057e-03
1.134149613790214062e-03
1.519393292255699635e-03
1.266624778509140015e-03
7.507836562581360340e-04
2.755843102931976318e-03
1.478096703067421913e-03
1.025167643092572689e-03
1.407592091709375381e-03
1.662570517510175705e-03
1.498214667662978172e-03
1.630144892260432243e-03
1.490077935159206390e-03
1.715411548502743244e-03
1.606703386642038822e-03
1.450733048841357231e-03
1.370465848594903946e-03
1.267978572286665440e-03
1.307749655097723007e-03
1.103506539948284626e-03
1.396298874169588089e-03
2.186752157285809517e-03
1.090708654373884201e-03
1.057580462656915188e-03
1.403181464411318302e-03
1.741694170050323009e-03
1.715913997031748295e-03
1.467291731387376785e-03
6.458926363848149776e-04
2.307207556441426277e-03
1.425630296580493450e-03
1.490052905865013599e-03
1.282734097912907600e-03
8.801962831057608128e-04
1.334587112069129944e-03
9.859143756330013275e-04
1.215924508869647980e-03
1.402723253704607487e-03
1.816723379306495190e-03
1.368617173284292221e-03
2.641826402395963669e-03
1.411665114574134350e-03
1.076140091754496098e-03
9.297012584283947945e-04
1.024775672703981400e-03
1.047552563250064850e-03
1.485985587351024151e-03
1.869736704975366592e-03
1.663027447648346424e-03
9.998341556638479233e-04
1.192206400446593761e-03
1.653853920288383961e-03
1.158515457063913345e-03
1.823376165702939034e-03
1.186241745017468929e-03
9.702913812361657619e-04
1.117029227316379547e-03
1.094411825761198997e-03
5.593763664364814758e-03
1.039339578710496426e-03
1.561480457894504070e-03
1.797435455955564976e-03
1.919588656164705753e-03
1.084529445506632328e-03
2.448635874316096306e-03
1.658904948271811008e-03
9.049467043951153755e-04
1.454764045774936676e-03
1.032370724715292454e-03
1.604383927769958973e-03
1.367153599858283997e-03
1.590713975019752979e-03
1.582521712407469749e-03
1.926110591739416122e-03
8.956728270277380943e-04
1.415833947248756886e-03
1.253200112842023373e-03
1.201378414407372475e-03
1.479807542636990547e-03
1.257285359315574169e-03
1.265129540115594864e-03
1.317209098488092422e-03
9.768273448571562767e-04
9.899722645059227943e-04
9.314941125921905041e-04
1.415464910678565502e-03
1.041279057972133160e-03
2.150393323972821236e-03
1.367518445476889610e-03
1.037849462591111660e-03
1.233051763847470284e-03
1.441577682271599770e-03
7.538488134741783142e-04
1.582507742568850517e-03
1.484140870161354542e-03
1.044955221004784107e-03
1.760244835168123245e-03
1.472892472520470619e-03
1.290056155994534492e-03
1.471139490604400635e-03
1.294587273150682449e-03
8.992272196337580681e-04
9.622880606912076473e-04
1.101672998629510403e-03
1.758133643306791782e-03
1.079414621926844120e-03
9.153646533377468586e-04
1.777181983925402164e-03
2.233344828709959984e-03
1.622051931917667389e-03
9.852973744273185730e-04
1.855955459177494049e-03
1.857309835031628609e-03
1.411486417055130005e-03
2.090106718242168427e-03
1.826132414862513542e-03
1.597249764017760754e-03
2.024580258876085281e-03
1.285747857764363289e-03
1.524911029264330864e-03
1.025934936478734016e-03
9.587400127202272415e-04
1.225479762069880962e-03
7.982786628417670727e-04
1.495829550549387932e-03
1.628540223464369774e-03
1.142994733527302742e-03
1.487714122049510479e-03
1.646606251597404480e-03
1.148812123574316502e-03
1.479193451814353466e-03
1.525277970358729362e-03
6.938311853446066380e-04
1.289647887460887432e-03
1.347129582427442074e-03
1.802289974875748158e-03
1.285258098505437374e-03
1.494612195529043674e-03
1.407426432706415653e-03
7.708434714004397392e-04
1.799888559617102146e-03
9.297998622059822083e-04
1.715809572488069534e-03
1.116864848881959915e-03
1.620876020751893520e-03
2.899523125961422920e-03
1.453411532565951347e-03
1.208432484418153763e-03
1.903655356727540493e-04
1.677803462371230125e-03
8.720631594769656658e-04
1.728144590742886066e-03
1.920350943692028522e-03
1.623108284547924995e-03
9.995989967137575150e-04
9.013631497509777546e-04
8.570960490033030510e-04
1.116077997721731663e-03
1.047567115165293217e-03
8.111301576718688011e-04
1.321963500231504440e-03
1.443761866539716721e-03
1.113350619561970234e-03
1.411753473803400993e-03
1.138687599450349808e-03
1.162685337476432323e-03
1.028295373544096947e-03
1.210089190863072872e-03
1.827864791266620159e-03
4.066871770191937685e-04
6.728064268827438354e-03
1.594002125784754753e-03
8.894138154573738575e-04
1.634585438296198845e-03
1.037574606016278267e-03
1.597594004124403000e-03
9.990965481847524643e-04
1.824695616960525513e-03
1.475631492212414742e-03
6.629250128753483295e-04
1.821089303120970726e-03
1.363866264000535011e-03
9.801135165616869926e-04
1.023765653371810913e-03
1.358611509203910828e-03
1.797902747057378292e-03
1.374954008497297764e-03
1.203806488774716854e-03
1.174526405520737171e-03
6.918099825270473957e-04
9.531271061860024929e-04
2.151679713279008865e-03
1.142794848419725895e-03
1.682384405285120010e-03
1.831321744248270988e-03
1.323281088843941689e-03
8.850948070175945759e-04
7.851683185435831547e-04
1.086531439796090126e-03
2.318295650184154510e-03
1.324371085502207279e-03
1.651106751523911953e-03
1.257276278920471668e-03
1.497283577919006348e-03
1.047419034875929356e-03
1.428764662705361843e-03
1.774734351783990860e-03
1.446183072403073311e-03
1.944235293194651604e-03
1.699296873994171619e-03
1.538484008051455021e-03
1.368394820019602776e-03
1.182681065984070301e-03
1.763368607498705387e-03
1.577830640599131584e-03
1.472874195314943790e-03
1.154844881966710091e-03
1.384144066832959652e-03
2.324346220120787621e-03
8.313926518894731998e-04
1.592181273736059666e-03
1.251228852197527885e-03
1.504224375821650028e-03
1.051520928740501404e-03
1.900777919217944145e-03
1.534620649181306362e-03
8.758510230109095573e-04
1.257391762919723988e-03
1.295448862947523594e-03
1.007043523713946342e-03
9.634727030061185360e-04
1.239525037817656994e-03
1.367377466522157192e-03
1.456127036362886429e-03
6.068800576031208038e-04
9.525395580567419529e-04
1.466440386138856411e-03
1.042349031195044518e-03
1.760507118888199329e-03
2.393184229731559753e-03
1.568972948007285595e-03
1.200797618366777897e-03
1.278256415389478207e-03
4.233568033669143915e-04
9.160909685306251049e-04
1.387794385664165020e-03
2.087702043354511261e-03
1.386244432069361210e-03
1.017363741993904114e-03
1.305485260672867298e-03
1.135272555984556675e-03
2.020091051235795021e-03
1.337573048658668995e-03
1.271246816031634808e-03
1.138917403295636177e-03
1.059055444784462452e-03
1.212181872688233852e-03
1.592023414559662342e-03
1.330862869508564472e-03
3.085392818320542574e-04
1.967933028936386108e-03
1.020169351249933243e-03
1.360561582259833813e-03
8.422955870628356934e-04
2.226934069767594337e-03
1.203882042318582535e-03
1.637428998947143555e-03
7.322474848479032516e-04
4.261634603608399630e-04
1.548867556266486645e-03
1.223356346599757671e-03
1.138334278948605061e-03
1.805955427698791027e-03
1.014140667393803596e-03
7.551372400484979153e-04
1.302767894230782986e-03
1.204916508868336678e-03
1.691462937742471695e-03
1.403183443471789360e-03
7.054341258481144905e-04
1.936938962899148464e-03
1.201757113449275494e-03
1.136677572503685951e-03
1.925130258314311504e-03
1.801687991246581078e-03
1.727920025587081909e-03
1.363688497804105282e-03
1.403051544912159443e-03
9.777696104720234871e-04
9.773558704182505608e-04
2.272354438900947571e-03
1.425185706466436386e-03
1.785667031072080135e-03
1.306344638578593731e-03
9.183039073832333088e-04
2.268843352794647217e-03
9.077809518203139305e-04
1.685443217866122723e-03
1.342882402241230011e-03
2.450600033625960350e-03
1.466325484216213226e-03
1.324430108070373535e-03
1.225746818818151951e-03
8.148165652528405190e-04
1.169936032965779305e-03
1.730763586238026619e-03
1.297564245760440826e-03
6.534786080010235310e-04
1.781857572495937347e-03
1.557968673296272755e-03
8.463875856250524521e-04
1.524561666883528233e-03
1.417746767401695251e-03
1.263372250832617283e-03
1.761487335897982121e-03
2.813965780660510063e-03
1.363879186101257801e-03
1.378083252348005772e-03
1.452334807254374027e-03
1.462133484892547131e-03
1.457499223761260509e-03
1.594340195879340172e-03
1.700030989013612270e-03
1.401020446792244911e-03
9.416697430424392223e-04
1.758067170158028603e-03
1.333318999968469143e-03
2.003719564527273178e-03
6.743410485796630383e-04
1.053904881700873375e-03
9.478190331719815731e-04
1.191742951050400734e-03
1.465740613639354706e-03
1.000119140371680260e-03
1.743504195474088192e-03
5.924889119341969490e-04
2.385407686233520508e-03
7.336708367802202702e-04
1.284552388824522495e-03
1.311955158598721027e-03
6.187001708894968033e-04
5.707461386919021606e-04
2.079664962366223335e-03
1.426946022547781467e-03
1.276336726732552052e-03
1.652997802011668682e-03
1.312088221311569214e-03
1.545078121125698090e-03
1.596319722011685371e-03
1.208928762935101986e-03
1.423329580575227737e-03
1.397519488818943501e-03
1.035638037137687206e-03
1.351029961369931698e-03
1.445239875465631485e-03
9.759091772139072418e-04
8.367061964236199856e-04
1.450629788450896740e-03
7.718318956904113293e-04
1.543746097013354301e-03
1.454239594750106335e-03
9.952312102541327477e-04
1.421432825736701488e-03
1.354112755507230759e-03
9.310311870649456978e-04
3.071342827752232552e-03
1.877641072496771812e-03
1.387442462146282196e-03
1.146610127761960030e-03
1.488845911808311939e-03
1.224061357788741589e-03
1.386252697557210922e-03
1.970705343410372734e-03
1.606829231604933739e-03
1.365410629659891129e-03
1.107420772314071655e-03
1.352090155705809593e-03
1.252627000212669373e-03
1.512973452918231487e-03
1.372711616568267345e-03
1.489769900217652321e-03
1.567351981066167355e-03
2.282500354340299964e-04
1.891954801976680756e-03
1.627875375561416149e-03
1.855430542491376400e-03
1.240060082636773586e-03
6.936374702490866184e-04
1.176714431494474411e-03
1.700236462056636810e-03
1.493138726800680161e-03
1.097831991501152515e-03
1.404491835273802280e-03
2.437831833958625793e-03
2.519282745197415352e-03
8.989126072265207767e-04
9.954246925190091133e-04
1.355199725367128849e-03
1.395545899868011475e-03
1.182180712930858135e-03
1.948903198353946209e-03
9.783532004803419113e-04
1.393295940943062305e-03
1.160325482487678528e-03
1.434028148651123047e-03
1.240415847860276699e-03
1.406574156135320663e-03
1.207709312438964844e-03
1.546942745335400105e-03
1.125809038057923317e-03
1.595189678482711315e-03
2.050096401944756508e-03
9.445695905014872551e-04
1.170842326246201992e-03
1.310158520936965942e-03
1.398885739035904408e-03
1.357556087896227837e-03
7.932494045235216618e-04
1.136781997047364712e-03
1.202766783535480499e-03
1.256261952221393585e-03
1.525337807834148407e-03
1.329967286437749863e-03
7.340119918808341026e-04
9.701573289930820465e-04
1.292864326387643814e-03
1.812942791730165482e-03
9.363146382384002209e-04
2.097639255225658417e-03
1.571191358380019665e-03
1.623968826606869698e-03
9.239990613423287868e-04
1.036979374475777149e-03
1.262676436454057693e-03
1.351286307908594608e-03
1.546471030451357365e-03
1.436510123312473297e-03
1.341676339507102966e-03
1.111651188693940639e-03
1.397203188389539719e-03
5.531955976039171219e-04
1.188240712508559227e-03
1.212203409522771835e-03
1.566480845212936401e-03
1.623321906663477421e-03
1.038375427015125751e-03
8.620052249170839787e-04
2.394158160313963890e-03
1.884191064164042473e-03
1.258426229469478130e-03
9.658968774601817131e-04
1.615199376828968525e-03
1.081677852198481560e-03
1.508115907199680805e-03
1.281467149965465069e-03
8.475298527628183365e-04
9.831058559939265251e-04
1.212436589412391186e-03
1.116370782256126404e-03
1.370468526147305965e-03
1.509341527707874775e-03
1.748407841660082340e-03
1.002651057206094265e-03
8.007810683920979500e-04
1.824446488171815872e-03
1.381772221066057682e-03
1.427338342182338238e-03
6.563842762261629105e-04
9.645612444728612900e-04
1.126275281421840191e-03
8.818667847663164139e-04
8.282053167931735516e-04
1.307180267758667469e-03
1.209826441481709480e-03
1.789959380403161049e-03
1.215949305333197117e-03
1.786298118531703949e-03
1.276377239264547825e-03
1.283414778299629688e-03
1.245867344550788403e-03
5.383425159379839897e-04
1.330533414147794247e-03
8.352816803380846977e-04
1.153856865130364895e-03
1.267271931283175945e-03
9.770935866981744766e-04
1.155312056653201580e-03
1.368386088870465755e-03
7.954572793096303940e-04
2.237153239548206329e-03
1.425594440661370754e-03
1.876183901913464069e-03
1.426948467269539833e-03
1.094754319638013840e-03
8.273106068372726440e-04
8.472279878333210945e-04
1.369337900541722775e-03
1.146610477007925510e-03
1.750158611685037613e-03
1.979036489501595497e-03
1.054630964063107967e-03
7.117664790712296963e-04
3.367229830473661423e-03
2.132630906999111176e-03
1.044050441123545170e-03
4.191662650555372238e-03
9.274680051021277905e-04
1.719918800517916679e-03
1.391029218211770058e-03
9.441046277061104774e-04
1.240761950612068176e-03
2.008095150813460350e-03
1.208303612656891346e-03
8.777718758210539818e-04
1.312548876740038395e-03
2.173187909647822380e-03
2.282464876770973206e-03
4.980856901966035366e-04
1.332724234089255333e-03
1.392379752360284328e-03
2.197811845690011978e-03
1.609836937859654427e-03
1.324466313235461712e-03
1.365665346384048462e-03
1.427575596608221531e-03
1.202626153826713562e-03
7.329160580411553383e-04
1.239743782207369804e-03
1.187898335047066212e-03
1.374625484459102154e-03
1.830553403124213219e-03
1.593480235897004604e-03
9.630098938941955566e-04
1.208323170430958271e-03
1.945611555129289627e-03
1.233514863997697830e-03
2.655368996784090996e-03
2.369811758399009705e-03
1.284343190491199493e-03
1.469616778194904327e-03
1.502655330114066601e-03
1.664255047217011452e-03
1.319564995355904102e-03
1.019533490762114525e-03
1.041758921928703785e-03
1.271520741283893585e-03
1.314340159296989441e-03
2.904736669734120369e-03
1.253350987099111080e-03
1.430260250344872475e-03
1.484795706346631050e-03
1.325788442045450211e-03
1.567220897413790226e-03
8.796827751211822033e-04
1.247219392098486423e-03
1.444430556148290634e-03
1.075142645277082920e-03
1.275646965950727463e-03
1.544871134683489799e-03
1.709718373604118824e-03
1.346309669315814972e-03
1.288173487409949303e-03
1.068736542947590351e-03
1.974954269826412201e-03
1.257910626009106636e-03
1.823565107770264149e-03
1.004011020995676517e-03
2.337506739422678947e-03
2.199212787672877312e-03
1.300627249293029308e-03
1.176708145067095757e-03
1.943754148669540882e-03
1.978364307433366776e-03
1.683058566413819790e-03
1.878630951978266239e-03
1.708903349936008453e-03
1.178355538286268711e-03
1.349386875517666340e-03
9.781293338164687157e-04
1.779749407432973385e-03
1.471178838983178139e-03
1.141569460742175579e-03
1.188764814287424088e-03
1.002652803435921669e-03
1.489439164288341999e-03
1.787079498171806335e-03
1.162347849458456039e-03
1.651312108151614666e-03
1.359823276288807392e-03
2.042777603492140770e-03
1.248371554538607597e-03
1.650489401072263718e-03
9.615005110390484333e-04
9.620871860533952713e-04
1.057239715009927750e-03
1.542395446449518204e-03
1.067720702849328518e-03
1.131773809902369976e-03
1.953242812305688858e-03
1.176946563646197319e-03
7.454127189703285694e-04
1.746150082908570766e-03
1.362296286970376968e-03
9.135691216215491295e-04
6.375236553139984608e-04
1.401784014888107777e-03
1.486709108576178551e-03
1.541162026114761829e-03
1.177977188490331173e-03
1.015473157167434692e-03
3.896915295626968145e-04
1.466998131945729256e-03
6.537529989145696163e-04
1.525030005723237991e-03
9.715280611999332905e-04
2.534197876229882240e-03
1.279005082324147224e-03
1.409031799994409084e-03
1.321247662417590618e-03
1.572718378156423569e-03
1.710644806735217571e-03
1.412680489011108875e-03
6.640198989771306515e-04
1.141168642789125443e-03
1.495086355134844780e-03
9.402319556102156639e-04
2.250013174489140511e-03
1.536064082756638527e-03
1.101939473301172256e-03
1.336759305559098721e-03
1.506907050497829914e-03
1.619190094061195850e-03
1.389750279486179352e-03
1.277373055927455425e-03
1.428137882612645626e-03
1.248453860171139240e-03
1.640754984691739082e-03
1.663167844526469707e-03
2.168977167457342148e-03
1.969880657270550728e-03
1.414237427525222301e-03
1.244955579750239849e-03
1.614397624507546425e-03
1.305988873355090618e-03
1.031235791742801666e-03
1.168774557299911976e-03
1.293463283218443394e-03
1.320538227446377277e-03
1.355649437755346298e-03
1.041923649609088898e-03
1.755143050104379654e-03
1.388614764437079430e-03
1.567048020660877228e-03
1.358815003186464310e-03
1.327292877249419689e-03
8.450703462585806847e-04
1.394605613313615322e-03
1.553257461637258530e-03
9.071502718143165112e-04
1.179417944513261318e-03
1.667462289333343506e-03
8.383217500522732735e-04
8.841438684612512589e-04
1.010553096421062946e-03
1.475792378187179565e-03
9.554384159855544567e-04
1.931734150275588036e-03
2.224429510533809662e-03
1.058709807693958282e-03
1.209575450047850609e-03
1.567813451401889324e-03
1.233767718076705933e-03
1.220904872752726078e-03
1.226142281666398048e-03
1.053648767992854118e-03
1.647359109483659267e-03
1.223734696395695210e-03
1.547223539091646671e-03
1.670305966399610043e-03
1.236589741893112659e-03
1.393887796439230442e-03
9.569394751451909542e-04
1.285512349568307400e-03
1.177784753963351250e-03
1.648896257393062115e-03
9.892646921798586845e-04
1.122555579058825970e-03
1.293896697461605072e-03
1.367202843539416790e-03
1.552472356706857681e-03
1.219746191054582596e-03
1.102335052564740181e-03
1.122469780966639519e-03
9.337121155112981796e-04
1.262473291717469692e-03
1.550558721646666527e-03
1.306965714320540428e-03
1.502529485151171684e-03
1.217210665345191956e-03
1.517608412541449070e-03
2.412425586953759193e-03
1.392969628795981407e-03
3.720614826306700706e-03
1.421100110746920109e-03
8.289786637760698795e-04
1.232478185556828976e-03
1.266089733690023422e-03
2.155116060748696327e-03
1.741382293403148651e-03
7.399707101285457611e-04
1.422985689714550972e-03
1.032084692269563675e-03
1.058190013282001019e-03
1.171149080619215965e-03
1.897561480291187763e-03
7.218325044959783554e-04
9.040671866387128830e-04
9.108005324378609657e-04
1.256504328921437263e-03
1.272470573894679546e-03
1.107007614336907864e-03
8.255573920905590057e-04
1.099257264286279678e-03
2.148265251889824867e-03
1.888375845737755299e-03
1.375326886773109436e-03
1.000066287815570831e-03
1.089662313461303711e-03
1.195555902086198330e-03
1.160971703939139843e-03
1.018709386698901653e-03
1.664312323555350304e-03
1.209335750900208950e-03
7.612399640493094921e-04
8.751534041948616505e-04
1.382580725476145744e-03
1.061833230778574944e-03
2.537332475185394287e-04
1.502830185927450657e-03
1.948491786606609821e-03
1.147814793512225151e-03
8.202365133911371231e-04
1.792343682609498501e-03
1.624412136152386665e-03
1.200662110932171345e-03
1.006615580990910530e-03
9.036082774400711060e-04
1.024905359372496605e-03
1.871898770332336426e-03
1.272205961868166924e-03
1.456280704587697983e-03
1.090203411877155304e-03
1.142594497650861740e-03
2.740133553743362427e-03
1.702945330180227757e-03
1.213463721796870232e-03
1.215956406667828560e-03
9.485008777119219303e-04
1.744267879985272884e-03
1.017998321913182735e-03
1.773580559529364109e-03
1.309432904236018658e-03
1.238361117430031300e-03
2.258543856441974640e-03
1.229591318406164646e-03
1.656754757277667522e-03
1.282077282667160034e-03
9.885585168376564980e-04
1.486555906012654305e-03
1.336464891210198402e-03
9.115448337979614735e-04
1.087104668840765953e-03
2.195701468735933304e-03
6.620113272219896317e-04
1.958881039172410965e-03
1.548753120005130768e-03
9.329810854978859425e-04
1.432379242032766342e-03
3.796185366809368134e-03
1.325987861491739750e-03
1.557013136334717274e-03
1.626698067411780357e-03
9.643162484280765057e-04
8.580150897614657879e-04
8.676009601913392544e-04
5.771216237917542458e-04
1.497351913712918758e-03
1.337427296675741673e-03
1.410408644005656242e-03
1.590154366567730904e-03
2.157858340069651604e-03
1.159560983069241047e-03
2.874979050830006599e-03
1.129156444221735001e-03
1.087806769646704197e-03
1.508523011580109596e-03
1.838000374846160412e-03
8.998194825835525990e-04
1.169171766377985477e-03
1.068078330717980862e-03
2.716591814532876015e-03
8.865066920407116413e-04
1.283264136873185635e-03
1.142640598118305206e-03
1.104104681871831417e-03
1.114716520532965660e-03
1.355973770841956139e-03
9.159369510598480701e-04
1.172553282231092453e-03
1.384590519592165947e-03
1.457991427741944790e-03
9.645427344366908073e-04
9.962656768038868904e-04
1.718480139970779419e-03
8.902751142159104347e-04
9.717331267893314362e-04
9.784987196326255798e-04
1.458775368519127369e-03
2.487102290615439415e-03
1.471122843213379383e-03
1.442654756829142570e-03
1.033862121403217316e-03
1.241292455233633518e-03
1.232736045494675636e-03
9.890546789392828941e-04
1.448485185392200947e-03
1.586657366715371609e-03
1.267176703549921513e-03
1.290224259719252586e-03
1.121233566664159298e-03
1.175864483229815960e-03
1.697907457128167152e-03
2.789225429296493530e-03
1.424747984856367111e-03
1.813371665775775909e-03
1.276643248274922371e-03
1.059033325873315334e-03
1.660316367633640766e-03
1.494533149525523186e-03
1.434218720532953739e-03
1.367987715639173985e-03
1.380074187181890011e-03
1.076846616342663765e-03
1.265076571144163609e-03
1.579503528773784637e-03
1.657461747527122498e-03
1.014356850646436214e-03
1.014334149658679962e-03
1.167431008070707321e-03
1.691626617684960365e-03
8.356478065252304077e-04
1.135799568146467209e-03
1.527487882412970066e-03
1.341815921477973461e-03
1.068142242729663849e-03
9.008068009279668331e-04
1.554085523821413517e-03
2.005415735766291618e-03
2.328517846763134003e-03
1.490142545662820339e-03
8.712295675650238991e-04
2.054256387054920197e-03
2.834580838680267334e-03
1.721051172353327274e-03
9.961852338165044785e-04
1.404719776473939419e-03
1.521957106888294220e-03
1.422052970156073570e-03
1.202787738293409348e-03
9.149297256954014301e-04
1.171414623968303204e-03
2.190926810726523399e-03
1.807220047339797020e-03
2.229694277048110962e-03
1.302501885220408440e-03
1.627671997994184494e-03
1.038247486576437950e-03
9.220833890140056610e-04
1.472926465794444084e-03
1.395515399053692818e-03
1.762847765348851681e-03
1.107962336391210556e-03
1.285258680582046509e-03
1.581547665409743786e-03
1.186310197226703167e-03
1.304446836002171040e-03
1.728769158944487572e-03
1.069107325747609138e-03
1.740524894557893276e-03
1.351872459053993225e-03
1.214766991324722767e-03
1.749185961671173573e-03
1.094664796255528927e-03
1.250449102371931076e-03
1.052672043442726135e-03
1.381115755066275597e-03
1.659443951211869717e-03
1.106981770135462284e-03
1.279096934013068676e-03
1.449254574254155159e-03
1.023170887492597103e-03
1.346381148323416710e-03
1.691843499429523945e-03
2.234573476016521454e-03
1.773158204741775990e-03
8.490019245073199272e-04
1.139699714258313179e-03
8.816494955681264400e-04
2.058241283521056175e-03
1.092711230739951134e-03
1.540905330330133438e-03
1.533306436613202095e-03
1.048363628797233105e-03
1.708226394839584827e-03
1.281929085962474346e-03
1.180814579129219055e-03
1.287124701775610447e-03
1.202462124638259411e-03
1.288635190576314926e-03
1.168802380561828613e-03
1.167667796835303307e-03
1.205391716212034225e-03
2.076928736642003059e-03
1.439107232727110386e-03
7.919747149571776390e-04
8.131256909109652042e-04
8.512100321240723133e-04
2.307469025254249573e-03
1.325507299043238163e-03
8.856593049131333828e-04
1.678277505561709404e-03
1.012217137031257153e-03
1.455116202123463154e-03
1.420051208697259426e-03
1.143153058364987373e-03
1.153278280980885029e-03
1.254909322597086430e-03
1.047195750288665295e-03
1.514333416707813740e-03
1.331059844233095646e-03
1.121469889767467976e-03
1.898110844194889069e-03
4.288548603653907776e-03
1.777784666046500206e-03
1.452290569432079792e-03
1.447153161279857159e-03
1.017542555928230286e-03
1.127166440710425377e-03
1.603954704478383064e-03
1.467879046685993671e-03
8.523749420419335365e-04
1.849227119237184525e-03
1.056723296642303467e-03
7.721121655777096748e-04
1.010383712127804756e-03
1.618252834305167198e-03
8.282841299660503864e-04
1.513146329671144485e-03
1.461278414353728294e-03
9.279956575483083725e-04
1.194617594592273235e-03
8.213475812226533890e-04
1.056504901498556137e-03
8.357797632925212383e-04
1.123491674661636353e-03
1.263704616576433182e-03
1.271936111152172089e-03
1.232226262800395489e-03
1.112076570279896259e-03
1.185090746730566025e-03
1.192182418890297413e-03
1.333245658315718174e-03
1.161791849881410599e-03
1.425870461389422417e-03
1.198524492792785168e-03
1.163710840046405792e-03
8.860694942995905876e-04
1.094233128242194653e-03
9.655072935856878757e-04
1.613394822925329208e-03
4.773144610226154327e-04
1.930507831275463104e-03
1.908400095999240875e-03
1.222189050167798996e-03
1.340193208307027817e-03
2.449502469971776009e-03
8.304390357807278633e-04
1.614292152225971222e-03
6.895454716868698597e-04
8.134516538120806217e-04
1.255080685950815678e-03
1.063107745721936226e-03
3.640448849182575941e-04
1.681524794548749924e-03
9.165933588519692421e-04
9.746083524078130722e-04
1.332227722741663456e-03
1.685246941633522511e-03
1.961390953510999680e-03
8.398506906814873219e-04
1.013369765132665634e-03
1.543651218526065350e-03
1.699712243862450123e-03
1.530395704321563244e-03
8.990638307295739651e-04
9.117913432419300079e-04
6.715626223012804985e-04
1.372652011923491955e-03
1.029851380735635757e-03
1.241903984919190407e-03
1.216941280290484428e-03
1.633653882890939713e-03
1.511962036602199078e-03
7.455510203726589680e-04
1.053450861945748329e-03
2.380189951509237289e-03
1.019519171677529812e-03
9.727976866997778416e-04
1.243657898157835007e-03
1.102189533412456512e-03
1.127549214288592339e-03
1.556684379465878010e-03
2.029970055446028709e-03
5.935130175203084946e-04
1.281350152567028999e-03
9.284889092668890953e-04
2.155279740691184998e-03
1.164212124422192574e-03
1.802187296561896801e-03
1.448389608412981033e-03
1.441142405383288860e-03
1.095205079764127731e-03
1.513932598754763603e-03
9.175489540211856365e-04
1.311132917180657387e-03
1.173216965980827808e-03
1.161948661319911480e-03
1.094615552574396133e-03
1.772633520886301994e-03
1.119433436542749405e-03
1.112663187086582184e-03
2.962130587548017502e-03
1.214533927850425243e-03
2.456773770973086357e-03
1.737940823659300804e-03
1.288272091187536716e-03
1.269011409021914005e-03
9.390554623678326607e-04
2.205208176746964455e-03
1.258689328096807003e-03
1.264007994905114174e-03
1.505816006101667881e-03
1.313687185756862164e-03
2.750167855992913246e-03
1.527258544228971004e-03
1.170719042420387268e-03
9.635363821871578693e-04
1.127053867094218731e-03
8.872256730683147907e-04
1.070244819857180119e-03
1.149089541286230087e-03
1.434922218322753906e-03
9.729294688440859318e-04
1.646350952796638012e-03
8.668164373375475407e-04
2.007748233154416084e-03
1.625630073249340057e-03
1.296217902563512325e-03
1.458481303416192532e-03
1.676713814958930016e-03
1.426514121703803539e-03
1.081409631296992302e-03
8.662085747346282005e-04
1.385025563649833202e-03
1.504396437667310238e-03
2.196091692894697189e-03
1.499415142461657524e-03
1.326945377513766289e-03
1.831978326663374901e-03
2.178673399612307549e-03
1.956637715920805931e-03
1.081858528777956963e-03
1.253533875569701195e-03
2.058612648397684097e-03
2.677940996363759041e-03
1.218899735249578953e-03
1.052893232554197311e-03
1.439725398086011410e-03
1.488269655965268612e-03
9.327094303444027901e-04
1.458780025132000446e-03
1.966598909348249435e-03
1.186067936941981316e-03
1.943962415680289268e-03
6.882329471409320831e-04
1.272730994969606400e-03
1.067935838364064693e-03
8.258036687038838863e-04
1.548665692098438740e-03
1.001572934910655022e-03
1.850533415563404560e-03
1.209662412293255329e-03
2.062365412712097168e-03
1.656682929024100304e-03
1.761515741236507893e-03
1.742771943099796772e-03
9.123596246354281902e-04
1.384338131174445152e-03
1.937324879691004753e-03
1.376742613501846790e-03
1.381050678901374340e-03
1.455896650440990925e-03
1.618866110220551491e-03
1.211255788803100586e-03
1.791470916941761971e-03
1.357971690595149994e-03
1.318753114901483059e-03
1.196349388919770718e-03
1.648203120566904545e-03
2.080172067508101463e-03
1.194330630823969841e-03
1.192520139738917351e-03
1.084222458302974701e-03
1.749900984577834606e-03
1.153239514678716660e-03
8.157278061844408512e-04
1.354085165075957775e-03
1.299625961109995842e-03
1.332976273261010647e-03
1.094238599762320518e-03
1.594712375663220882e-03
7.093215826898813248e-04
1.137124723754823208e-03
1.549417618662118912e-03
1.815328025259077549e-03
1.043300260789692402e-03
1.063081901520490646e-03
7.684119045734405518e-04
1.361432252451777458e-03
1.941855996847152710e-03
1.124212751165032387e-03
1.337799127213656902e-03
1.652884646318852901e-03
9.774577338248491287e-04
1.596456160768866539e-03
1.175295910798013210e-03
1.195847638882696629e-03
2.353824675083160400e-03
9.541038889437913895e-04
1.735727302730083466e-03
1.168107846751809120e-03
1.065182266756892204e-03
1.866691862232983112e-03
1.305945450440049171e-03
7.831658003851771355e-04
1.502543338574469090e-03
1.639465335756540298e-03
8.973272633738815784e-04
1.159288105554878712e-03
1.747632515616714954e-03
1.047000754624605179e-03
1.053298823535442352e-03
1.075265347026288509e-03
1.369152450934052467e-03
1.371831400319933891e-03
1.377690350636839867e-03
2.462929580360651016e-03
1.437343657016754150e-03
1.051585539244115353e-03
2.067411318421363831e-03
2.350968541577458382e-03
2.031468320637941360e-03
9.788671741262078285e-04
2.098859753459692001e-03
1.316939014941453934e-03
1.400985755026340485e-03
1.006382051855325699e-03
1.273943227715790272e-03
3.844799648504704237e-04
1.596118789166212082e-03
7.477728067897260189e-04
9.555727010592818260e-04
1.648974139243364334e-03
1.779785496182739735e-03
1.097642583772540092e-03
1.226142048835754395e-03
1.163426903076469898e-03
1.250857370905578136e-03
8.808806305751204491e-04
1.332895597442984581e-03
1.860017422586679459e-03
2.178329974412918091e-03
1.695084967650473118e-03
1.999104628339409828e-03
1.999443164095282555e-03
1.295649446547031403e-03
1.140450360253453255e-03
1.501584192737936974e-03
1.502074766904115677e-03
1.299827126786112785e-03
1.709193340502679348e-03
1.426843227818608284e-03
1.889502862468361855e-03
1.730955671519041061e-03
1.509718480519950390e-03
1.690049539320170879e-03
1.232535811141133308e-03
1.155748381279408932e-03
1.156925107352435589e-03
1.073520397767424583e-03
1.127953408285975456e-03
1.474296441301703453e-03
1.825344865210354328e-03
1.522000296972692013e-03
1.660599140450358391e-03
1.329034217633306980e-03
1.198530546389520168e-03
1.469390233978629112e-03
1.428702147677540779e-03
1.604363089427351952e-03
1.301195938140153885e-03
2.006121212616562843e-03
1.182579551823437214e-03
1.170646050013601780e-03
1.545824808999896049e-03
2.896992722526192665e-03
9.764808928593993187e-04
1.401691348291933537e-03
8.980802958831191063e-04
1.151839038357138634e-03
8.270122343674302101e-04
1.423621200956404209e-03
1.376408617943525314e-03
1.162824570201337337e-03
1.351363956928253174e-03
1.368030905723571777e-03
1.235891832038760185e-03
1.437621307559311390e-03
1.246448722667992115e-03
1.781383180059492588e-03
1.649170648306608200e-03
1.690424978733062744e-03
2.121686236932873726e-03
1.208588364534080029e-03
1.613116706721484661e-03
1.206736778840422630e-03
2.489239443093538284e-03
1.272551948204636574e-03
1.219557831063866615e-03
8.963221916928887367e-04
7.881990168243646622e-04
6.765977595932781696e-04
1.136257313191890717e-03
1.236503478139638901e-03
1.469312002882361412e-03
1.990797696635127068e-03
1.219269004650413990e-03
1.670280820690095425e-03
1.175238634459674358e-03
2.111462963512167335e-04
1.171284937299787998e-03
1.100378693081438541e-03
1.554728019982576370e-03
7.725800387561321259e-04
3.099790541455149651e-03
2.047805581241846085e-03
8.544210577383637428e-04
1.270313980057835579e-03
1.251446083188056946e-03
1.014278386719524860e-03
7.079101051203906536e-04
1.087080803699791431e-03
1.239339006133377552e-03
1.972509548068046570e-03
1.338036381639540195e-03
1.260122982785105705e-03
1.627930090762674809e-03
1.259815529920160770e-03
2.011360367760062218e-03
9.967302903532981873e-04
1.689658733084797859e-03
8.808030397631227970e-04
1.230603549629449844e-03
1.690679811872541904e-03
1.094520674087107182e-03
1.231434289366006851e-03
1.277545816265046597e-03
1.652690581977367401e-03
1.786601846106350422e-03
2.287458628416061401e-03
1.472542178817093372e-03
4.899768973700702190e-04
1.239958335645496845e-03
2.155351685360074043e-03
1.171560958027839661e-03
1.580272102728486061e-03
1.651654951274394989e-03
8.992117946036159992e-04
1.137590152211487293e-03
1.782745821401476860e-03
9.566577500663697720e-04
1.532793627120554447e-03
1.277681556530296803e-03
1.581086893565952778e-03
1.111234421841800213e-03
1.931473729200661182e-03
8.593339589424431324e-04
1.780575490556657314e-03
1.131345867179334164e-03
1.379496767185628414e-03
1.168443472124636173e-03
7.819131133146584034e-04
9.652895387262105942e-04
1.842123456299304962e-03
1.900395378470420837e-03
1.220177859067916870e-03
1.580163021571934223e-03
1.029773382470011711e-03
1.287647406570613384e-03
1.154181314632296562e-03
1.336982473731040955e-03
1.192536205053329468e-03
1.399578410200774670e-03
1.163998153060674667e-03
1.475010882131755352e-03
1.244519487954676151e-03
1.413504709489643574e-03
1.888749888166785240e-03
1.377690816298127174e-03
7.880610064603388309e-04
1.869535655714571476e-03
1.194339594803750515e-03
1.125500071793794632e-03
1.400056062266230583e-03
1.388047356158494949e-03
8.962734136730432510e-04
1.271476270630955696e-03
1.606215140782296658e-03
1.564057427458465099e-03
1.368706929497420788e-03
1.196680124849081039e-03
8.204937330447137356e-04
9.827956091612577438e-04
9.748748270794749260e-04
1.975565683096647263e-03
8.810840081423521042e-04
2.628431655466556549e-03
4.187373851891607046e-04
1.240917481482028961e-03
1.542432233691215515e-03
1.204586355015635490e-03
1.509306137450039387e-03
1.044349861331284046e-03
7.377178990282118320e-04
1.837808522395789623e-03
2.220488153398036957e-03
1.716642407700419426e-03
1.181851723231375217e-03
1.443054061383008957e-03
1.742258900776505470e-03
1.367244403809309006e-03
1.221884391270577908e-03
8.273649727925658226e-04
1.661750255152583122e-03
3.508501395117491484e-04
1.340573304332792759e-03
7.510869763791561127e-04
1.513241673819720745e-03
1.127780880779027939e-03
9.031270747072994709e-04
1.873843371868133545e-03
1.333287451416254044e-03
1.176893012598156929e-03
1.129214186221361160e-03
1.751225441694259644e-03
1.133333658799529076e-03
1.615340937860310078e-03
8.569546625949442387e-04
1.465262612327933311e-03
1.225335290655493736e-03
1.106335665099322796e-03
1.281958422623574734e-03
1.243261736817657948e-03
1.589963794685900211e-03
8.413505274802446365e-04
1.020908239297568798e-03
9.742140537127852440e-04
1.805088948458433151e-03
1.129212672822177410e-03
1.580683048814535141e-03
1.086635165847837925e-03
9.845005115494132042e-04
7.066226680763065815e-04
1.366633106954395771e-03
1.364903175272047520e-03
1.825896673835813999e-03
1.030717976391315460e-03
1.564890029840171337e-03
2.603569300845265388e-03
1.425984548404812813e-03
1.984085422009229660e-03
1.415866659954190254e-03
5.566809559240937233e-04
1.322788652032613754e-03
1.128870528191328049e-03
1.254377886652946472e-03
1.022419426590204239e-03
1.499068108387291431e-03
8.980598649941384792e-04
1.681771012954413891e-03
6.746940780431032181e-04
1.857540337368845940e-03
8.101540151983499527e-04
1.838349504396319389e-03
1.722724409773945808e-03
7.738313870504498482e-04
1.524860155768692493e-03
1.012498745694756508e-03
9.151187841780483723e-04
1.209413167089223862e-03
1.569862593896687031e-03
1.219914993271231651e-03
1.267212908715009689e-03
1.004436984658241272e-03
1.438096631318330765e-03
1.349325524643063545e-03
1.754859345965087414e-03
1.800100319087505341e-03
1.396186300553381443e-03
1.208643894642591476e-03
1.026279525831341743e-03
1.324383076280355453e-03
9.468918433412909508e-04
9.975171415135264397e-04
1.212105271406471729e-03
1.922951196320354939e-03
1.878758659586310387e-03
1.286224462091922760e-03
1.390705117955803871e-03
1.211223076097667217e-03
9.199744090437889099e-04
1.928093261085450649e-03
1.274019945412874222e-03
1.460059313103556633e-03
9.903232567012310028e-04
2.683253725990653038e-03
8.310263510793447495e-04
1.019466784782707691e-03
1.965459669008851051e-03
8.028739830479025841e-04
8.184688049368560314e-04
1.277372939512133598e-03
1.207696390338242054e-03
1.004907884635031223e-03
1.039145397953689098e-03
1.765268039889633656e-03
6.094225100241601467e-04
1.826805761083960533e-03
2.293149475008249283e-03
4.822817165404558182e-03
1.241563702933490276e-03
1.176735269837081432e-03
6.569138495251536369e-04
1.405997667461633682e-03
1.335641834884881973e-03
1.074013183824717999e-03
9.307997534051537514e-04
1.481159823015332222e-03
1.328527112491428852e-03
1.482580439187586308e-03
1.460887026041746140e-03
1.384014380164444447e-03
9.383250726386904716e-04
2.381885657086968422e-03
1.368760131299495697e-03
1.707797404378652573e-03
2.313568489626049995e-03
1.447804505005478859e-03
1.441429834812879562e-03
9.426319156773388386e-04
1.060157665051519871e-03
1.380442758090794086e-03
9.928524959832429886e-04
1.464748987928032875e-03
2.545706229284405708e-04
1.135601662099361420e-03
9.273267351090908051e-04
1.417472958564758301e-03
1.030174549669027328e-03
