2.085647284984588623e-01
-6.664483249187469482e-02
-5.299606174230575562e-02
-1.281739175319671631e-01
-7.484405487775802612e-02
-2.682426199316978455e-02
1.286146640777587891e-01
6.998262554407119751e-02
-9.230346977710723877e-02
1.372750699520111084e-01
-1.122470200061798096e-01
-2.084770053625106812e-01
9.829491376876831055e-02
4.113784059882164001e-02
-6.688877940177917480e-02
-7.239846140146255493e-02
1.376686990261077881e-01
-1.664906442165374756e-01
-3.210590220987796783e-03
1.077793762087821960e-01
-1.006990112364292145e-02
1.320752315223217010e-03
3.978588804602622986e-02
-5.046332255005836487e-02
-1.409223973751068115e-01
6.424377858638763428e-02
-1.087041851133108139e-02
-2.976568415760993958e-02
-1.177319735288619995e-01
-6.297688186168670654e-02
-2.420740900561213493e-03
-3.108583763241767883e-02
1.356175839900970459e-01
6.162462010979652405e-02
-2.162500843405723572e-02
2.213342487812042236e-01
-1.300705224275588989e-01
1.984016746282577515e-01
-8.343641646206378937e-03
-1.261741816997528076e-01
-1.582479476928710938e-02
4.105218872427940369e-02
8.779785782098770142e-02
7.076010853052139282e-02
8.270233869552612305e-02
-1.712585985660552979e-01
-5.475685745477676392e-02
-8.494555205106735229e-02
6.048733368515968323e-02
6.133295223116874695e-02
1.239794027060270309e-02
-9.265633672475814819e-02
1.220750343054533005e-02
-4.245842248201370239e-02
-1.196483243256807327e-02
2.556465938687324524e-02
-6.085469201207160950e-02
1.303905993700027466e-01
-9.861662238836288452e-02
8.465157449245452881e-02
-9.254220128059387207e-02
-1.877750158309936523e-01
5.315821990370750427e-02
-1.158898696303367615e-02
1.312671005725860596e-01
1.100679021328687668e-02
1.687640696763992310e-01
4.996503889560699463e-02
-1.075477153062820435e-01
-4.021063074469566345e-02
8.364156633615493774e-02
-1.489471178501844406e-02
3.072468750178813934e-02
2.523375153541564941e-01
-1.522040925920009613e-02
5.485894903540611267e-02
7.705620676279067993e-02
-5.353153124451637268e-02
-3.468124568462371826e-02
-6.846579164266586304e-02
-1.396893803030252457e-02
-9.925416111946105957e-02
-7.982411980628967285e-02
-1.198234036564826965e-01
3.388043865561485291e-02
-6.690801680088043213e-02
-6.132731959223747253e-02
-2.090889215469360352e-02
-5.326671898365020752e-02
-3.246606141328811646e-02
2.518731728196144104e-02
1.560266911983489990e-01
3.067746162414550781e-01
-3.589867800474166870e-02
6.253052502870559692e-02
-6.730254739522933960e-02
6.031833216547966003e-02
5.407717823982238770e-02
1.743119060993194580e-01
1.214473787695169449e-02
7.316800206899642944e-02
-3.353637456893920898e-02
5.410550162196159363e-03
6.153715774416923523e-02
-3.225829005241394043e-01
3.996670618653297424e-02
4.544840380549430847e-02
-9.831341914832592010e-03
6.094161421060562134e-03
-1.310886591672897339e-01
-2.091021984815597534e-01
-9.188988059759140015e-02
-3.017850518226623535e-01
4.224042221903800964e-02
-5.026080086827278137e-02
1.460271179676055908e-01
-4.868425801396369934e-02
1.493896823376417160e-02
1.319654732942581177e-01
8.699292689561843872e-02
-3.980807587504386902e-02
7.554898038506507874e-03
3.140379115939140320e-02
-1.372018828988075256e-02
-8.573742583394050598e-03
-1.474177539348602295e-01
1.369874626398086548e-01
2.481036074459552765e-02
