2.738088928163051605e-02
2.711998298764228821e-02
1.598120853304862976e-02
1.959471777081489563e-02
1.256164722144603729e-02
1.695334538817405701e-02
3.820845857262611389e-02
5.339527875185012817e-02
1.627550460398197174e-02
1.877280883491039276e-02
2.541989274322986603e-02
8.487569168210029602e-03
2.959467284381389618e-02
1.787070371210575104e-02
1.645811088383197784e-02
1.252777129411697388e-02
3.419133648276329041e-02
2.244118787348270416e-02
1.639515347778797150e-02
2.639577351510524750e-02
2.027801424264907837e-02
2.093086205422878265e-02
5.766345188021659851e-02
2.144113183021545410e-02
2.544691972434520721e-02
2.042947337031364441e-02
2.075243927538394928e-02
1.784569956362247467e-02
1.616502180695533752e-02
4.171834886074066162e-02
1.538749784231185913e-02
3.536542132496833801e-02
2.285499125719070435e-02
4.226166754961013794e-02
1.725689880549907684e-02
2.023579180240631104e-02
2.304271049797534943e-02
2.382027730345726013e-02
2.840376459062099457e-02
2.817278355360031128e-02
2.014092914760112762e-02
3.100249357521533966e-02
1.694878749549388885e-02
3.227476030588150024e-02
1.391588430851697922e-02
1.830907724797725677e-02
1.992686279118061066e-02
1.855604350566864014e-02
2.725962363183498383e-02
2.520350366830825806e-02
2.250339649617671967e-02
2.087085321545600891e-02
1.937715150415897369e-02
2.198144234716892242e-02
1.398287340998649597e-02
2.225977927446365356e-02
1.886662840843200684e-02
1.955339871346950531e-02
2.409722097218036652e-02
1.594713889062404633e-02
2.232839167118072510e-02
1.507389917969703674e-02
7.437013834714889526e-02
1.581395603716373444e-02
2.167539298534393311e-02
1.315413508564233780e-02
1.636025123298168182e-02
3.451139107346534729e-02
1.300312299281358719e-02
1.986420340836048126e-02
1.223133690655231476e-02
1.904564164578914642e-02
1.595000736415386200e-02
1.226190105080604553e-02
1.909519359469413757e-02
1.753704249858856201e-02
1.321848947554826736e-02
1.380481850355863571e-02
1.699220761656761169e-02
1.993202418088912964e-02
2.146377414464950562e-02
2.006055042147636414e-02
3.010795637965202332e-02
2.361425198614597321e-02
1.816855184733867645e-02
2.555999904870986938e-02
1.459095627069473267e-02
1.337779685854911804e-02
2.297684364020824432e-02
3.428751230239868164e-02
2.056602574884891510e-02
1.504210941493511200e-02
1.723351702094078064e-02
1.219573710113763809e-02
1.524095237255096436e-02
2.198157273232936859e-02
1.471594534814357758e-02
1.630066335201263428e-02
1.146826148033142090e-02
2.459558658301830292e-02
3.457280248403549194e-02
1.436422113329172134e-02
1.230078190565109253e-02
2.824506349861621857e-02
1.582671515643596649e-02
1.675966195762157440e-02
2.657213620841503143e-02
3.335256874561309814e-02
1.945680379867553711e-02
1.502421125769615173e-02
1.619672216475009918e-02
2.817021124064922333e-02
1.682187058031558990e-02
1.508896797895431519e-02
1.792896911501884460e-02
3.023562021553516388e-02
3.678232058882713318e-02
1.760523207485675812e-02
1.485107745975255966e-02
2.184636890888214111e-02
2.756240963935852051e-02
1.934782415628433228e-02
1.710952445864677429e-02
1.916869357228279114e-02
4.890139400959014893e-02
2.062153071165084839e-02
4.406686499714851379e-02
2.373987063765525818e-02
2.285312302410602570e-02
1.879322901368141174e-02
1.962411589920520782e-02
2.431836538016796112e-02
2.437197789549827576e-02
1.928064599633216858e-02
3.718158230185508728e-02
2.223941683769226074e-02
1.985458843410015106e-02
1.655002683401107788e-02
2.140344306826591492e-02
2.549936436116695404e-02
2.819312363862991333e-02
2.353766933083534241e-02
1.400301419198513031e-02
2.386733330786228180e-02
2.180070430040359497e-02
3.752085566520690918e-02
3.481354936957359314e-02
2.389246970415115356e-02
3.451582416892051697e-02
3.372067958116531372e-02
2.094137109816074371e-02
1.303919311612844467e-02
1.279028225690126419e-02
1.556553877890110016e-02
1.918656751513481140e-02
2.768007107079029083e-02
1.767240837216377258e-02
2.280881255865097046e-02
1.727557741105556488e-02
1.674010232090950012e-02
1.516027562320232391e-02
1.897137239575386047e-02
1.996680349111557007e-02
1.225929241627454758e-02
1.974753104150295258e-02
1.534167211502790451e-02
1.876352354884147644e-02
1.841131597757339478e-02
1.705976575613021851e-02
1.735342107713222504e-02
3.134420514106750488e-02
1.809706538915634155e-02
2.311150170862674713e-02
1.896205544471740723e-02
1.488812454044818878e-02
2.637553960084915161e-02
2.060147747397422791e-02
3.412059694528579712e-02
2.582490816712379456e-02
1.135091669857501984e-02
1.421245280653238297e-02
2.012680098414421082e-02
2.339655719697475433e-02
2.478409372270107269e-02
1.788225211203098297e-02
2.463097497820854187e-02
2.154711820185184479e-02
1.541460677981376648e-02
1.426381431519985199e-02
1.897280104458332062e-02
2.078817225992679596e-02
1.751602999866008759e-02
2.110924385488033295e-02
1.585114747285842896e-02
2.716790698468685150e-02
1.909057982265949249e-02
1.975596882402896881e-02
1.616820320487022400e-02
2.932612597942352295e-02
1.426361408084630966e-02
1.778745651245117188e-02
1.805873960256576538e-02
3.474076092243194580e-02
2.806752175092697144e-02
5.016412585973739624e-02
2.958658523857593536e-02
3.597621992230415344e-02
2.731273137032985687e-02
2.929106540977954865e-02
2.763705700635910034e-02
2.265293151140213013e-02
1.768914423882961273e-02
3.625422343611717224e-02
2.272696234285831451e-02
1.704100146889686584e-02
1.344495359808206558e-02
1.967125944793224335e-02
1.466785650700330734e-02
1.695977523922920227e-02
2.116821147501468658e-02
1.258379686623811722e-02
1.230936590582132339e-02
2.162061259150505066e-02
1.417075563222169876e-02
3.243457525968551636e-02
2.189322188496589661e-02
2.723572030663490295e-02
1.774265058338642120e-02
1.474698539823293686e-02
1.726160198450088501e-02
1.466165576130151749e-02
2.143483422696590424e-02
1.906963251531124115e-02
1.838493160903453827e-02
1.746303588151931763e-02
1.705963350832462311e-02
1.169544458389282227e-02
2.193870767951011658e-02
1.838990300893783569e-02
1.662570424377918243e-02
2.043159864842891693e-02
2.260343916714191437e-02
1.424082648009061813e-02
1.877316646277904510e-02
2.003541588783264160e-02
2.062578499317169189e-02
2.628512866795063019e-02
1.341278105974197388e-02
2.677797712385654449e-02
1.841732114553451538e-02
1.441667042672634125e-02
1.461824122816324234e-02
2.029431052505970001e-02
1.789359003305435181e-02
1.776607893407344818e-02
2.769081667065620422e-02
