1.048032864928245544e-01
9.462554007768630981e-02
6.684980541467666626e-02
1.363211721181869507e-01
6.991714984178543091e-02
5.135856941342353821e-02
1.246029958128929138e-01
7.305097533389925957e-04
9.657729417085647583e-02
7.284794747829437256e-02
7.461953908205032349e-02
5.217076465487480164e-02
1.047031655907630920e-01
1.098097711801528931e-01
1.326384544372558594e-01
1.078919619321823120e-01
2.210286855697631836e-01
1.525037735700607300e-02
1.219778284430503845e-01
7.576753944158554077e-02
8.461504429578781128e-02
8.319833129644393921e-02
2.135413885116577148e-01
5.378774181008338928e-02
2.422226965427398682e-02
1.031934693455696106e-01
1.536671817302703857e-01
9.919497370719909668e-02
1.222742050886154175e-01
2.314689159393310547e-01
1.220378428697586060e-01
6.740309298038482666e-02
1.060116067528724670e-01
1.431917101144790649e-01
6.830870360136032104e-02
7.167565822601318359e-02
9.386689960956573486e-02
1.349802315235137939e-01
1.277194172143936157e-01
6.471529603004455566e-02
1.535092592239379883e-01
1.264946907758712769e-01
2.318175882101058960e-01
5.223487317562103271e-02
7.888054102659225464e-02
2.411120384931564331e-01
7.158423960208892822e-02
1.388966292142868042e-01
4.654383286833763123e-02
1.374717056751251221e-01
1.569693684577941895e-01
1.073212772607803345e-01
-1.958264596760272980e-02
4.519281908869743347e-02
1.227734312415122986e-01
1.398752927780151367e-01
9.076809138059616089e-02
1.027112752199172974e-01
2.007165253162384033e-01
5.820707976818084717e-02
7.118702679872512817e-02
1.137986257672309875e-01
1.123439520597457886e-01
5.236875638365745544e-02
1.228466928005218506e-01
8.258485794067382812e-02
1.135309115052223206e-01
7.558765262365341187e-02
6.814605742692947388e-02
1.266399025917053223e-01
1.412895619869232178e-01
2.377083897590637207e-01
1.162571012973785400e-01
2.976652085781097412e-01
1.461247354745864868e-01
1.854936033487319946e-01
7.912384717201348394e-06
8.879295736551284790e-02
1.156766563653945923e-01
1.014847382903099060e-01
1.495401561260223389e-01
7.759200781583786011e-02
2.831019163131713867e-01
7.012633979320526123e-02
2.201528400182723999e-01
2.063753345282748342e-05
9.942235797643661499e-02
6.849983334541320801e-02
6.102138385176658630e-02
1.116599068045616150e-01
1.396577507257461548e-01
1.269994229078292847e-01
1.236819252371788025e-01
9.971502423286437988e-02
1.333406120538711548e-01
8.323490619659423828e-02
1.089223399758338928e-01
1.943140923976898193e-01
1.013048216700553894e-01
9.700329601764678955e-02
2.202075421810150146e-01
4.392829537391662598e-02
6.693546473979949951e-02
7.974491268396377563e-02
1.534248590469360352e-01
1.314180344343185425e-01
8.589260280132293701e-02
7.548212260007858276e-02
1.051440313458442688e-01
1.059183925390243530e-01
9.237608313560485840e-02
6.549331545829772949e-02
7.995977252721786499e-02
1.995274424552917480e-01
1.697009056806564331e-01
9.202224761247634888e-02
4.844945296645164490e-02
1.074531897902488708e-01
8.104337006807327271e-02
1.009780615568161011e-01
9.400951117277145386e-02
1.488411575555801392e-01
1.624032109975814819e-01
1.446377187967300415e-01
2.123711705207824707e-01
8.182417601346969604e-02
2.578860335052013397e-02
7.569567114114761353e-02
1.699810177087783813e-01
8.215135335922241211e-02
1.393412649631500244e-01
1.608328223228454590e-01
2.388262152671813965e-01
7.933889329433441162e-02
1.411449760198593140e-01
4.643683508038520813e-02
6.511885672807693481e-02
1.709572076797485352e-01
2.124976366758346558e-01
1.740208417177200317e-01
1.554511487483978271e-01
1.626956760883331299e-01
8.076907694339752197e-02
6.997624039649963379e-02
4.533837363123893738e-02
1.786133348941802979e-01
6.293932348489761353e-02
2.133942507498431951e-05
8.878113329410552979e-02
1.391416341066360474e-01
1.351713836193084717e-01
1.576277166604995728e-01
9.108851850032806396e-02
1.691471934318542480e-01
6.663953512907028198e-02
7.558612525463104248e-02
4.240477085113525391e-02
1.073072198778390884e-04
1.658862382173538208e-01
5.777077376842498779e-02
1.054996624588966370e-01
6.118303164839744568e-02
2.811229228973388672e-01
1.142658069729804993e-01
2.117325812578201294e-01
1.072518527507781982e-01
1.513543128967285156e-01
8.212607353925704956e-02
8.056589961051940918e-02
1.608986705541610718e-01
8.535082638263702393e-02
7.665030658245086670e-02
8.550182729959487915e-02
1.185981556773185730e-01
5.691220983862876892e-02
1.322543323040008545e-01
6.673973053693771362e-02
1.200485154986381531e-01
1.616846472024917603e-01
1.244118511676788330e-01
1.164693757891654968e-01
1.695377081632614136e-01
1.133052185177803040e-01
1.887074261903762817e-01
6.893400847911834717e-02
2.489211559295654297e-01
1.538587212562561035e-01
2.225337475538253784e-01
3.403478115797042847e-02
6.777586787939071655e-02
1.177512556314468384e-01
1.182995066046714783e-01
1.423002779483795166e-01
4.400726035237312317e-02
5.602265521883964539e-02
1.186110973358154297e-01
1.710039526224136353e-01
1.637333184480667114e-01
9.801208972930908203e-02
1.099618747830390930e-01
7.653333246707916260e-02
6.207373189681675285e-06
1.619793772697448730e-01
2.561196684837341309e-01
1.359459161758422852e-01
5.056771636009216309e-02
1.803031414747238159e-01
1.170018017292022705e-01
2.245088666677474976e-02
1.016924784380535129e-06
8.479645848274230957e-02
6.719696521759033203e-02
2.119120508432388306e-01
6.877738982439041138e-02
1.188306659460067749e-01
1.017753109335899353e-01
3.887486085295677185e-02
8.544236421585083008e-02
6.475204229354858398e-02
6.597711890935897827e-02
1.529568135738372803e-01
5.195517092943191528e-02
9.726811945438385010e-02
8.963487297296524048e-02
1.205151006579399109e-01
1.495193839073181152e-01
5.975599586963653564e-02
3.415073379642308282e-08
1.180608868598937988e-01
7.928922027349472046e-02
1.228364333510398865e-01
9.576722234487533569e-02
5.240769311785697937e-02
4.409030452370643616e-02
9.274348616600036621e-02
1.036769971251487732e-01
8.615961670875549316e-02
1.762173622846603394e-01
5.049773678183555603e-02
6.632192432880401611e-02
8.125143498182296753e-02
1.316355019807815552e-01
1.320310533046722412e-01
1.097771227359771729e-01
1.225704476237297058e-01
8.977458626031875610e-02
1.353675574064254761e-01
1.188489198684692383e-01
1.805676519870758057e-01
1.443186551332473755e-01
6.422024220228195190e-02
6.145155429840087891e-02
8.910733461380004883e-02
9.147131443023681641e-02
1.024105548858642578e-01
1.457644402980804443e-01
8.305198699235916138e-02
1.100448071956634521e-01
1.154403463006019592e-01
5.884057283401489258e-02
1.344089210033416748e-01
9.495729207992553711e-02
8.746667206287384033e-02
9.907455742359161377e-02
7.188697904348373413e-02
1.973437219858169556e-01
2.022506445646286011e-01
1.206476613879203796e-01
1.935961544513702393e-01
2.305662184953689575e-01
9.556440263986587524e-02
1.197490543127059937e-01
7.702343165874481201e-02
9.399078041315078735e-02
2.075035125017166138e-01
1.129435226321220398e-01
1.337141394615173340e-01
9.824090451002120972e-02
1.096433177590370178e-01
1.727446466684341431e-01
6.349492818117141724e-02
1.586141288280487061e-01
1.077007949352264404e-01
1.320800632238388062e-01
1.532076001167297363e-01
-8.024790138006210327e-02
6.653445214033126831e-02
1.570410177009762265e-06
1.555391997098922729e-01
1.706431955099105835e-01
6.720269471406936646e-02
1.378881279379129410e-06
1.694703549146652222e-01
1.037758588790893555e-01
7.566992193460464478e-02
1.055062338709831238e-01
9.792237728834152222e-02
1.339411437511444092e-01
1.721267402172088623e-01
-1.060891710221767426e-02
7.932506501674652100e-02
2.501717582345008850e-02
6.576677411794662476e-02
1.748336255550384521e-01
1.255491375923156738e-01
9.714182466268539429e-02
6.215732544660568237e-02
9.354084730148315430e-02
-1.058214184013195336e-05
8.068654686212539673e-02
1.717701405286788940e-01
5.510388687252998352e-02
1.575543135404586792e-01
5.310075357556343079e-02
2.241816073656082153e-01
1.047346889972686768e-01
8.546000458409253042e-07
6.643557548522949219e-02
4.173307865858078003e-02
8.320293575525283813e-02
1.179674938321113586e-01
5.172906816005706787e-02
3.909136285074055195e-05
4.135707393288612366e-02
7.186061888933181763e-02
7.829932123422622681e-02
7.334685325622558594e-02
7.819201052188873291e-02
7.235237210988998413e-02
5.407337471842765808e-02
2.011157423257827759e-01
1.197631135582923889e-01
1.501162648200988770e-01
2.088546305894851685e-01
1.532416194677352905e-01
7.886924594640731812e-02
1.001411899924278259e-01
1.046167165040969849e-01
8.212075382471084595e-02
2.581119537353515625e-01
5.512188747525215149e-02
1.262064427137374878e-01
3.819483754341490567e-05
8.002826689335051924e-06
1.069019660353660583e-01
8.246869593858718872e-02
1.654030233621597290e-01
1.942317783832550049e-01
7.275768369436264038e-02
7.335902750492095947e-02
8.069659024477005005e-02
6.084440648555755615e-02
1.831989884376525879e-01
1.415515542030334473e-01
5.475914478302001953e-02
4.763822630047798157e-02
5.092876777052879333e-02
9.340755641460418701e-02
6.326806545257568359e-02
5.406728386878967285e-02
3.316846117377281189e-02
2.422432750463485718e-01
2.394353151321411133e-01
9.723474830389022827e-02
6.694196164608001709e-02
1.096247509121894836e-01
1.154984980821609497e-01
-6.276035946939373389e-06
2.348779439926147461e-01
6.261620670557022095e-02
1.655772477388381958e-01
8.599118888378143311e-02
7.436980307102203369e-02
7.649567723274230957e-02
1.943134963512420654e-01
1.664783656597137451e-01
7.893183082342147827e-02
8.150778710842132568e-02
1.873209029436111450e-01
4.127929732203483582e-02
1.306852847337722778e-01
6.338524818420410156e-02
7.123424857854843140e-02
8.620398491621017456e-02
6.969567388296127319e-02
1.954492181539535522e-01
1.044650301337242126e-01
1.112891882658004761e-01
2.507193386554718018e-01
1.592807024717330933e-01
1.729097366333007812e-01
1.102180108428001404e-01
4.437600448727607727e-02
-1.150128897279500961e-02
6.860995292663574219e-02
2.722664177417755127e-01
9.266776591539382935e-02
1.352268882328644395e-04
9.390959143638610840e-02
1.757057011127471924e-01
5.401888489723205566e-02
5.445746332406997681e-02
1.348997354507446289e-01
1.129728183150291443e-01
1.544615030288696289e-01
1.390016336699773092e-06
7.388707250356674194e-02
1.162497028708457947e-01
2.054684907197952271e-01
1.090113893151283264e-01
7.000169903039932251e-02
1.171102672815322876e-01
8.142291009426116943e-02
8.576627075672149658e-02
1.594594866037368774e-01
1.122852414846420288e-01
1.157388240098953247e-01
7.320884615182876587e-02
1.122084707021713257e-01
1.789238303899765015e-01
1.378360241651535034e-01
7.299400120973587036e-02
1.004515439271926880e-01
1.223395466804504395e-01
1.345928311347961426e-01
1.195664778351783752e-01
9.210816770792007446e-02
1.202210411429405212e-01
8.725080639123916626e-02
1.406170874834060669e-01
1.219370737671852112e-01
1.158512309193611145e-01
5.034217610955238342e-02
1.422083228826522827e-01
1.232665479183197021e-01
2.400093674659729004e-01
1.069696769118309021e-01
3.434266091062454507e-06
6.808467954397201538e-02
1.271998286247253418e-01
2.079271525144577026e-01
6.227986514568328857e-02
4.232503101229667664e-02
6.176274642348289490e-02
2.158189117908477783e-01
1.441565155982971191e-01
1.195232868194580078e-01
1.867296695709228516e-01
1.846861690282821655e-01
7.341865450143814087e-02
1.767481714487075806e-01
5.871257558465003967e-02
1.516120731830596924e-01
7.366909831762313843e-02
1.210260093212127686e-01
1.109420061111450195e-01
8.722203224897384644e-02
6.558109074831008911e-02
6.393271632987307385e-06
1.360376626253128052e-01
7.740475237369537354e-02
7.923386245965957642e-02
1.158452704548835754e-01
4.868021607398986816e-02
1.979389935731887817e-01
1.166258156299591064e-01
8.102083206176757812e-02
2.255738824605941772e-01
1.246200650930404663e-01
1.290171146392822266e-01
1.190139155369251966e-04
1.158891320228576660e-01
4.336748272180557251e-02
1.858887076377868652e-01
2.619360387325286865e-01
1.677729785442352295e-01
7.358395308256149292e-02
8.274663239717483521e-02
2.061492949724197388e-01
1.034310534596443176e-01
1.433844268321990967e-01
7.090643793344497681e-02
9.311329573392868042e-02
5.116456001996994019e-02
6.581074744462966919e-02
7.682757824659347534e-02
7.131047546863555908e-02
1.702439039945602417e-01
1.629497110843658447e-01
8.101636171340942383e-02
9.429741650819778442e-02
8.795039355754852295e-02
2.107928991317749023e-01
6.187169626355171204e-02
1.987423300743103027e-01
1.395859420299530029e-01
1.047650948166847229e-01
1.840419173240661621e-01
1.591963618993759155e-01
1.083861365914344788e-01
9.593012183904647827e-02
1.013000905513763428e-01
1.188568174839019775e-01
1.470634490251541138e-01
3.290807455778121948e-02
1.762802749872207642e-01
3.694976121187210083e-02
9.378948062658309937e-02
1.431393474340438843e-01
2.098734974861145020e-01
1.179547458887100220e-01
8.076329529285430908e-02
9.814509749412536621e-02
8.431845158338546753e-02
2.030093520879745483e-01
5.884031206369400024e-02
4.655769839882850647e-02
7.003484666347503662e-02
1.930165290832519531e-01
5.969760194420814514e-02
5.440553650259971619e-02
2.574641704559326172e-01
6.433717161417007446e-02
5.724763497710227966e-02
8.384324610233306885e-02
1.126029714941978455e-01
8.428078144788742065e-02
1.056996732950210571e-01
1.324798017740249634e-01
8.513796329498291016e-02
1.178383976221084595e-01
4.039122536778450012e-02
9.983658790588378906e-02
1.181701421737670898e-01
6.977305561304092407e-02
1.129101589322090149e-01
8.497462421655654907e-02
5.708966776728630066e-02
7.986289262771606445e-02
7.033904641866683960e-02
6.550265103578567505e-02
1.237429901957511902e-01
3.910717368125915527e-02
5.423422530293464661e-02
1.132488697767257690e-01
1.036190763115882874e-01
9.650181978940963745e-02
1.286199092864990234e-01
9.812396019697189331e-02
7.843703031539916992e-02
6.147485971450805664e-02
6.303596496582031250e-02
1.577159464359283447e-01
1.530968695878982544e-01
7.667636871337890625e-02
1.775126308202743530e-01
1.364770382642745972e-01
1.451789289712905884e-01
9.510752558708190918e-02
6.498184800148010254e-02
1.392498612403869629e-01
1.510645896196365356e-01
7.396139204502105713e-02
1.102876514196395874e-01
9.622204303741455078e-02
9.042795747518539429e-02
1.609001755714416504e-01
1.288348436355590820e-01
6.921134889125823975e-02
1.481423079967498779e-01
1.616961658000946045e-01
8.726799488067626953e-02
1.529953181743621826e-01
8.030593395233154297e-02
4.661408066749572754e-02
9.201797842979431152e-02
8.636313676834106445e-02
8.722363412380218506e-02
1.727344989776611328e-01
1.360144913196563721e-01
1.675870269536972046e-01
5.348756164312362671e-02
4.540580883622169495e-02
7.540665566921234131e-02
7.007708400487899780e-02
1.172767356038093567e-01
2.925247140228748322e-02
8.529652655124664307e-02
1.000804305076599121e-01
1.526426374912261963e-01
2.056436538696289062e-01
1.761072576045989990e-01
1.566323190927505493e-01
2.266752123832702637e-01
8.757428079843521118e-02
1.094234213232994080e-01
2.614859044551849365e-01
1.900726705789566040e-01
7.928908616304397583e-02
9.625902771949768066e-02
6.812562793493270874e-02
1.083861216902732849e-01
1.427821367979049683e-01
7.556916773319244385e-02
1.503051668405532837e-01
3.064200864173471928e-04
1.200237721204757690e-01
8.289168030023574829e-02
2.458429634571075439e-01
5.323091521859169006e-02
8.989997208118438721e-02
1.200215816497802734e-01
1.032023653388023376e-01
1.202737465500831604e-01
8.727846294641494751e-02
7.182943075895309448e-02
6.244501844048500061e-02
1.764520257711410522e-01
1.817774325609207153e-01
1.670356690883636475e-01
7.916115224361419678e-02
1.005089208483695984e-01
1.285514831542968750e-01
3.866437509714160115e-06
1.185984015464782715e-01
1.218798756599426270e-01
2.471109628677368164e-01
9.526804834604263306e-02
1.359683573246002197e-01
1.760626137256622314e-01
1.234158948063850403e-01
9.552402049303054810e-02
9.846942871809005737e-02
1.482730507850646973e-01
1.376758962869644165e-01
1.485638767480850220e-01
5.314302816987037659e-02
1.381429582834243774e-01
1.226896792650222778e-01
4.244175553321838379e-02
1.249826401472091675e-01
1.047869324684143066e-01
1.403085142374038696e-01
9.195607900619506836e-02
1.691373139619827271e-01
9.156373143196105957e-02
1.506936103105545044e-01
9.192458540201187134e-02
4.500448703765869141e-02
1.327821314334869385e-01
1.227588132023811340e-01
9.629601985216140747e-02
4.113062098622322083e-02
1.022175624966621399e-01
2.353833317756652832e-01
1.102972552180290222e-01
1.818806231021881104e-01
2.104653865098953247e-01
8.643258363008499146e-02
9.358800947666168213e-02
1.385885030031204224e-01
2.338860332965850830e-01
1.217011436820030212e-01
1.145566627383232117e-01
1.473191976547241211e-01
1.078183203935623169e-01
6.988918781280517578e-02
6.343866139650344849e-02
5.802293866872787476e-02
1.216476708650588989e-01
1.005252450704574585e-01
3.884657099843025208e-02
6.220612674951553345e-02
6.978357583284378052e-02
9.487278014421463013e-02
7.847282290458679199e-02
9.037914872169494629e-02
5.205017700791358948e-02
1.755229830741882324e-01
9.799820929765701294e-02
1.124017387628555298e-01
5.809942632913589478e-02
1.446632742881774902e-01
9.218625724315643311e-02
2.148259580135345459e-01
1.385838985443115234e-01
1.387587040662765503e-01
7.896368950605392456e-02
2.536161541938781738e-01
1.105166003108024597e-01
6.866038590669631958e-02
9.419338405132293701e-02
5.003292113542556763e-02
1.109114363789558411e-01
1.045019850134849548e-01
6.310074776411056519e-02
1.057055369019508362e-01
1.598472148180007935e-01
1.654327809810638428e-01
4.931585118174552917e-02
2.148152887821197510e-01
9.221747517585754395e-02
9.076017141342163086e-02
6.815172731876373291e-02
6.857698410749435425e-02
1.435211896896362305e-01
8.531273156404495239e-02
8.003547042608261108e-02
7.158905267715454102e-02
1.459947675466537476e-01
1.010516658425331116e-01
1.169598251581192017e-01
1.609401851892471313e-01
1.469383686780929565e-01
4.957927390933036804e-02
3.115995042026042938e-02
1.828044652938842773e-01
1.039797291159629822e-01
7.783608883619308472e-02
1.992837339639663696e-01
8.032732456922531128e-02
7.225642353296279907e-02
6.193590536713600159e-02
5.202446132898330688e-02
2.036865800619125366e-01
1.262471675872802734e-01
1.726340800523757935e-01
9.964286535978317261e-02
1.164588555693626404e-01
2.080702632665634155e-01
5.791893228888511658e-02
1.686744391918182373e-01
1.444476991891860962e-01
6.374377012252807617e-02
2.108525335788726807e-01
1.035485565662384033e-01
8.708335459232330322e-02
1.731139421463012695e-01
1.969316452741622925e-01
6.141788884997367859e-02
1.506573753431439400e-04
1.730636507272720337e-01
8.585469424724578857e-02
1.174769997596740723e-01
1.021170988678932190e-01
2.229903638362884521e-01
8.058557659387588501e-02
8.840481936931610107e-02
8.956461399793624878e-02
1.430123448371887207e-01
-1.774205738911405206e-04
8.907664567232131958e-02
1.761181652545928955e-01
2.251091003417968750e-01
7.349542528390884399e-02
6.050545722246170044e-02
2.118292450904846191e-01
1.338357031345367432e-01
1.350361108779907227e-01
1.441211402416229248e-01
1.045190617442131042e-01
1.169352456927299500e-01
1.004784181714057922e-01
8.428961038589477539e-02
9.923738241195678711e-02
1.071049645543098450e-01
8.993534743785858154e-02
9.993599355220794678e-02
8.564293384552001953e-02
1.700060218572616577e-01
1.712599694728851318e-01
1.063568294048309326e-01
2.201569676399230957e-01
9.368257969617843628e-02
4.670950770378112793e-02
9.544122964143753052e-02
1.227449476718902588e-01
3.644974902272224426e-02
2.268172651529312134e-01
1.068473905324935913e-01
1.443626880645751953e-01
6.757741421461105347e-02
1.281856596469879150e-01
7.064386457204818726e-02
1.438810974359512329e-01
9.875848144292831421e-02
1.765959411859512329e-01
2.838482260704040527e-01
1.922806352376937866e-01
4.438863322138786316e-02
9.295073896646499634e-02
7.626099884510040283e-02
1.230454817414283752e-01
1.287155598402023315e-01
1.094006076455116272e-01
6.610547751188278198e-02
1.103997752070426941e-01
1.246237807208672166e-04
8.648145198822021484e-02
1.459033489227294922e-01
9.524396806955337524e-02
1.215786710381507874e-01
6.033139675855636597e-02
1.882885843515396118e-01
1.088267639279365540e-01
9.027193486690521240e-02
1.291330903768539429e-01
1.034239381551742554e-01
5.897054076194763184e-02
5.373762175440788269e-02
1.385798752307891846e-01
1.317016314715147018e-02
2.074486464262008667e-01
7.555902004241943359e-02
7.282561063766479492e-02
5.099036544561386108e-02
8.137848228216171265e-02
1.707257777452468872e-01
2.200379371643066406e-01
1.013332009315490723e-01
6.560534238815307617e-02
9.919604659080505371e-02
1.126207336783409119e-01
8.802033960819244385e-02
1.288596093654632568e-01
1.809536516666412354e-01
5.886246636509895325e-02
2.351301588987553259e-07
6.480400264263153076e-02
7.559263706207275391e-02
1.108169332146644592e-01
1.957974135875701904e-01
1.763424128293991089e-01
8.759920299053192139e-02
1.915745139122009277e-01
8.520527184009552002e-02
1.205718815326690674e-01
1.000356078147888184e-01
1.184927970170974731e-01
4.768242069985717535e-04
1.092130616307258606e-01
1.005342304706573486e-01
9.449344128370285034e-02
1.356043815612792969e-01
8.527225255966186523e-02
2.901309542357921600e-02
9.259361028671264648e-02
2.036915719509124756e-01
7.178163528442382812e-02
1.500555276870727539e-01
7.476469874382019043e-02
6.342151761054992676e-02
8.991301059722900391e-02
1.868245750665664673e-01
-2.995511295011965558e-06
9.392376244068145752e-02
1.625345796346664429e-01
1.395039111375808716e-01
1.052648499608039856e-01
1.307760477066040039e-01
1.537138819694519043e-01
7.085285335779190063e-02
6.891221553087234497e-02
2.296960204839706421e-01
1.641234457492828369e-01
1.680049151182174683e-01
6.985489162616431713e-04
7.304662466049194336e-02
7.231657207012176514e-02
1.419793665409088135e-01
5.099832266569137573e-02
1.942024976015090942e-01
1.198569312691688538e-01
1.433118654858844820e-06
1.105974242091178894e-01
1.987094134092330933e-01
1.848061084747314453e-01
1.056067198514938354e-01
1.790694147348403931e-01
1.617201119661331177e-01
1.683940142393112183e-01
1.610518097877502441e-01
1.219232308358186856e-05
6.709268689155578613e-02
1.942150294780731201e-01
1.712266206741333008e-01
2.977695465087890625e-01
1.067841574549674988e-01
9.010983258485794067e-02
1.924724876880645752e-01
9.770458191633224487e-02
1.433435082435607910e-01
6.016363948583602905e-02
3.750500828027725220e-02
8.401477336883544922e-02
8.824994415044784546e-02
8.340585976839065552e-02
6.155222281813621521e-02
8.814812451601028442e-02
1.742531508207321167e-01
9.004876017570495605e-02
5.990973860025405884e-02
2.206589281558990479e-01
7.763650268316268921e-02
1.011734828352928162e-01
1.144549921154975891e-01
6.224878504872322083e-02
8.825512975454330444e-02
1.101538315415382385e-01
1.834626048803329468e-01
9.388649463653564453e-02
5.688857659697532654e-02
1.719807535409927368e-01
5.011799186468124390e-02
9.863522648811340332e-02
1.212351776302966755e-06
9.416473039891570807e-05
9.391155838966369629e-02
1.794712543487548828e-01
9.594768285751342773e-02
1.376643478870391846e-01
9.706391394138336182e-02
1.198556050658226013e-01
8.174275606870651245e-02
5.323403820511884987e-05
3.973415866494178772e-02
5.195795372128486633e-02
8.420508354902267456e-02
1.174435317516326904e-01
6.965818256139755249e-02
1.724661737680435181e-01
8.763691037893295288e-02
4.464773833751678467e-02
1.052156910300254822e-01
1.271940916776657104e-01
3.596946597099304199e-02
7.134863608371233568e-06
7.763303816318511963e-02
6.709317862987518311e-02
5.176782235503196716e-02
1.991961151361465454e-01
4.564177288557402790e-05
9.410212188959121704e-02
5.747868493199348450e-02
1.393650174140930176e-01
5.072246864438056946e-02
6.535223126411437988e-02
7.652333378791809082e-02
5.971235036849975586e-02
2.182817906141281128e-01
6.848295778036117554e-02
9.340750426054000854e-02
6.048818305134773254e-02
1.927393674850463867e-01
1.431112587451934814e-01
1.062850356101989746e-01
1.185650750994682312e-01
1.099349260330200195e-01
1.293767690658569336e-01
1.411064267158508301e-01
1.099138781428337097e-01
1.011269986629486084e-01
1.463727504014968872e-01
1.722526401281356812e-01
4.520790651440620422e-02
1.002325341105461121e-01
1.000972837209701538e-01
5.257856473326683044e-02
1.106115207076072693e-01
3.713417484618730668e-08
7.604689896106719971e-02
1.774144917726516724e-01
9.079290181398391724e-02
1.820197552442550659e-01
3.933452442288398743e-02
9.977187216281890869e-02
1.204779148101806641e-01
2.480844557285308838e-01
8.837627619504928589e-02
7.447633147239685059e-02
1.953622698783874512e-01
8.383492380380630493e-02
8.694362640380859375e-02
1.019726842641830444e-01
1.221853047609329224e-01
-2.051402958613834926e-08
6.566205620765686035e-02
6.085956841707229614e-02
1.969769299030303955e-01
4.628401249647140503e-02
1.745125204324722290e-01
1.298412978649139404e-01
1.067095920443534851e-01
6.508065760135650635e-02
6.866863369941711426e-02
8.682511746883392334e-02
1.347458511590957642e-01
9.341762959957122803e-02
1.318370252847671509e-01
3.766099736094474792e-02
1.988674700260162354e-01
7.168460637331008911e-02
6.545361975440755486e-05
7.762287557125091553e-02
2.123997509479522705e-01
1.047012954950332642e-01
5.852110311388969421e-02
2.149833291769027710e-01
9.576383978128433228e-02
1.028458848595619202e-01
3.633942455053329468e-02
1.277558505535125732e-01
1.472974568605422974e-01
6.440085917711257935e-02
1.729466617107391357e-01
7.139259576797485352e-02
6.632371991872787476e-02
1.832973659038543701e-01
1.062678620219230652e-01
2.242197394371032715e-01
9.358738362789154053e-02
9.304580092430114746e-02
8.484559506177902222e-02
1.768854856491088867e-01
