-7.160919904708862305e-02
-2.117989212274551392e-01
-7.757926732301712036e-02
1.969585940241813660e-02
-1.608852893114089966e-01
-2.182777784764766693e-02
-2.533575296401977539e-01
-1.075935885310173035e-01
-1.575651466846466064e-01
-1.818889938294887543e-02
-1.506143510341644287e-01
-2.263448834419250488e-01
-1.674447953701019287e-01
-1.874651163816452026e-01
-1.415599584579467773e-01
-2.482175081968307495e-01
1.201113802380859852e-03
-1.473160386085510254e-01
-1.853803098201751709e-01
-9.326319396495819092e-02
-1.391929686069488525e-01
-1.026950031518936157e-01
-2.084430158138275146e-01
-1.890150904655456543e-01
-2.250495254993438721e-01
-2.307623326778411865e-01
-1.629844307899475098e-01
-1.421699076890945435e-01
-9.656822308897972107e-03
-7.636922597885131836e-02
-1.342701017856597900e-01
-9.197287261486053467e-02
-5.341916158795356750e-02
-1.272680759429931641e-01
1.987135596573352814e-02
-8.575760573148727417e-02
-1.192850023508071899e-01
-1.170461624860763550e-01
-1.612221747636795044e-01
-8.049406111240386963e-02
-4.228260740637779236e-02
-5.780122056603431702e-02
-1.411813348531723022e-01
-3.560896264389157295e-03
-8.923456072807312012e-02
-3.740266710519790649e-02
-1.476427912712097168e-01
-2.481796406209468842e-02
-1.620818674564361572e-01
-8.865449577569961548e-02
-2.155749052762985229e-01
-7.485151290893554688e-02
-1.689978092908859253e-01
-9.490197151899337769e-02
-1.377137601375579834e-01
-1.693599373102188110e-01
-7.065576314926147461e-02
-8.704440295696258545e-02
-1.092632561922073364e-01
-4.388612508773803711e-02
-2.400984615087509155e-01
8.378882706165313721e-02
-2.995359897613525391e-01
-1.608669906854629517e-01
-2.264764346182346344e-02
-3.787456452846527100e-01
-1.111657470464706421e-01
-8.904156833887100220e-02
-1.770784892141819000e-02
-2.452126145362854004e-01
-1.449414789676666260e-01
-1.050388589501380920e-01
-2.006322443485260010e-01
-7.874889671802520752e-02
-3.329544663429260254e-01
-8.273166418075561523e-02
-1.361435502767562866e-01
-2.433044612407684326e-01
-3.134616650640964508e-03
-1.533246934413909912e-01
-3.330942690372467041e-01
-5.726666375994682312e-02
-1.027481481432914734e-01
-1.138187572360038757e-01
-4.366143047809600830e-02
-1.727952212095260620e-01
-2.564215660095214844e-01
-1.505803018808364868e-01
-1.109353899955749512e-01
-1.361406147480010986e-01
-1.180572658777236938e-01
-1.117140725255012512e-01
-1.007597595453262329e-01
-1.589604020118713379e-01
9.119407273828983307e-03
-2.118312567472457886e-01
-5.681391432881355286e-02
-2.090552598237991333e-01
-7.037226110696792603e-02
-8.417226374149322510e-02
-9.060569852590560913e-02
-2.343974858522415161e-01
6.995362043380737305e-02
-1.869089156389236450e-01
-1.732909530401229858e-01
-2.587377727031707764e-01
-6.611358374357223511e-02
-7.169657200574874878e-02
1.134710311889648438e-01
-1.572844535112380981e-01
-1.956837624311447144e-01
-8.043415844440460205e-02
-1.211053952574729919e-01
-6.961072236299514771e-02
-1.197736710309982300e-01
-1.328710764646530151e-01
-8.877653628587722778e-03
-1.254016607999801636e-01
-3.596809133887290955e-02
-1.139447018504142761e-01
-5.148231983184814453e-02
-8.221928775310516357e-02
1.033871527761220932e-02
-1.617299020290374756e-01
-1.541476100683212280e-01
-3.764263689517974854e-01
-1.627023816108703613e-01
2.546351170167326927e-03
-1.051867604255676270e-01
-1.416044235229492188e-01
-1.432206630706787109e-01
-1.131668537855148315e-01
-1.150445640087127686e-01
-3.810502588748931885e-02
-3.602280914783477783e-01
-1.301643997430801392e-01
-9.515693783760070801e-02
-1.754368543624877930e-01
-2.268123626708984375e-01
-1.264621168375015259e-01
-8.408777415752410889e-02
-1.243610680103302002e-01
-5.763397365808486938e-02
-6.645050644874572754e-02
-1.428026109933853149e-01
-1.168795824050903320e-01
-1.088962703943252563e-01
-3.248037695884704590e-01
-1.755993962287902832e-01
-2.728829979896545410e-01
-1.995733529329299927e-01
-1.321538537740707397e-01
-3.657307624816894531e-01
-2.219327539205551147e-01
-3.053948283195495605e-01
-7.751975208520889282e-02
-2.189697921276092529e-01
-1.458128541707992554e-01
-1.151540428400039673e-01
-1.374878287315368652e-01
-1.436347216367721558e-01
-7.924453914165496826e-02
-1.508473157882690430e-01
-6.573984771966934204e-02
-5.400699377059936523e-02
-1.350066512823104858e-01
-1.441140621900558472e-01
-1.499225199222564697e-01
-9.705315530300140381e-02
-4.197818040847778320e-02
-1.492054760456085205e-01
-2.272515445947647095e-01
-2.077828943729400635e-01
-1.288064569234848022e-01
-1.163500100374221802e-01
1.051868423819541931e-01
-9.691599011421203613e-02
9.377734735608100891e-03
-1.471202969551086426e-01
-1.288106888532638550e-01
1.193239074200391769e-02
-1.491565909236669540e-02
1.037585735321044922e-02
-8.555604517459869385e-02
-1.134446635842323303e-01
-7.323426008224487305e-02
-9.713317453861236572e-02
-1.658379733562469482e-01
-1.940387189388275146e-01
-1.230539530515670776e-01
-1.382690221071243286e-01
-1.640258282423019409e-01
-2.866446077823638916e-01
-1.966609209775924683e-01
-2.092315405607223511e-01
-1.383917778730392456e-01
-1.585598886013031006e-01
-1.383722424507141113e-01
3.113032877445220947e-02
-9.952156245708465576e-02
-6.455185264348983765e-02
-1.402396708726882935e-01
-5.418265983462333679e-02
-3.341539949178695679e-02
-1.147653609514236450e-01
-2.482554912567138672e-01
-1.024600416421890259e-01
-1.562784761190414429e-01
-3.715597838163375854e-02
-1.716720312833786011e-01
-1.893388032913208008e-01
-2.048305273056030273e-01
-1.561384052038192749e-01
-1.682271659374237061e-01
-1.151178628206253052e-01
-8.311548084020614624e-02
-1.566919982433319092e-01
-2.252283096313476562e-01
-3.127555176615715027e-02
-1.225580498576164246e-01
-2.395916432142257690e-01
4.190041217952966690e-03
-1.188512295484542847e-01
-2.004049159586429596e-02
-1.776803880929946899e-01
-1.839498430490493774e-01
-5.205139052122831345e-03
-1.076582539826631546e-02
-1.689242720603942871e-01
-3.387851119041442871e-01
-1.543677449226379395e-01
-2.196141928434371948e-01
-1.544122546911239624e-01
-5.876830592751502991e-02
-1.284353882074356079e-01
-3.398594260215759277e-01
-1.008278951048851013e-01
-1.639014035463333130e-01
-1.698021441698074341e-01
-1.327939480543136597e-01
-2.455152869224548340e-01
-1.519705355167388916e-01
-4.799517989158630371e-02
-1.431870311498641968e-01
-1.242270171642303467e-01
-1.071194782853126526e-01
-1.742078810930252075e-01
-9.795527905225753784e-02
-3.204330429434776306e-02
-7.085829973220825195e-02
-1.540158241987228394e-01
-4.095338657498359680e-02
-9.484360367059707642e-02
-1.573411375284194946e-01
-2.218324840068817139e-01
-1.687780916690826416e-01
