1.312634267378598452e-04
1.706505077891051769e-03
2.584605535957962275e-04
6.282847025431692600e-04
4.924210370518267155e-04
1.417933090124279261e-04
1.797059085220098495e-04
4.536776395980268717e-04
1.685603288933634758e-03
1.456784317269921303e-03
6.016588304191827774e-04
3.071050159633159637e-04
9.004743769764900208e-04
2.231732505606487393e-04
4.562155518215149641e-04
2.232611645013093948e-03
1.357856788672506809e-03
1.367978285998106003e-03
1.048405771143734455e-03
8.837190107442438602e-04
1.903204014524817467e-03
4.414660797920078039e-04
6.426950567401945591e-04
6.024445756338536739e-04
1.650099642574787140e-03
7.191739277914166451e-04
1.449793460778892040e-03
1.773790572769939899e-03
3.734699857886880636e-04
2.347870031371712685e-03
7.463071960955858231e-04
2.261492336401715875e-04
4.325157788116484880e-04
4.912189906463027000e-04
4.254067607689648867e-04
4.205217119306325912e-04
6.460061413235962391e-04
1.662847353145480156e-03
8.267316734418272972e-04
1.294361660256981850e-03
1.512291957624256611e-03
1.631544320844113827e-03
1.585884601809084415e-03
2.286584058310836554e-04
3.775219956878572702e-04
2.140789292752742767e-03
2.253445563837885857e-04
1.223410596139729023e-03
2.255909843370318413e-03
9.681145311333239079e-04
5.055814981460571289e-04
4.775390494614839554e-03
1.162589411251246929e-03
7.582573452964425087e-04
4.956177435815334320e-04
1.840966986492276192e-03
1.430826028808951378e-03
2.900752471759915352e-03
2.374520554440096021e-04
7.053293520584702492e-04
1.263930171262472868e-04
1.565253012813627720e-03
1.766433473676443100e-03
1.465631939936429262e-04
1.728193019516766071e-03
8.465256541967391968e-04
5.651357059832662344e-05
1.441151136532425880e-03
3.087934805080294609e-03
1.316725392825901508e-03
8.853701292537152767e-04
1.861697062849998474e-03
1.065555028617382050e-03
1.196760218590497971e-03
1.494026859290897846e-03
5.919780232943594456e-04
8.881770190782845020e-04
1.286939368583261967e-03
1.887326827272772789e-03
2.619215520098805428e-03
4.058310878463089466e-04
1.616739667952060699e-03
8.743517537368461490e-05
1.032707514241337776e-03
1.215020194649696350e-03
1.168100978247821331e-03
1.527191372588276863e-03
2.121944999089464545e-04
2.414961927570402622e-04
8.166398620232939720e-04
8.491544285789132118e-04
2.168568782508373260e-03
1.809480017982423306e-03
4.948998102918267250e-04
2.971135545521974564e-04
2.135393442586064339e-03
9.298634831793606281e-04
1.061237708199769258e-04
5.895337671972811222e-04
1.609479513717815280e-04
7.587994914501905441e-04
1.896365429274737835e-03
8.828568388707935810e-05
1.035102293826639652e-03
3.128674288745969534e-04
2.245201758341863751e-04
1.518051489256322384e-03
1.885161735117435455e-03
1.080408343113958836e-03
9.179554181173443794e-04
7.965961704030632973e-04
2.578739309683442116e-03
6.075685378164052963e-04
1.812141039408743382e-03
1.175163270090706646e-04
3.286069841124117374e-04
1.458317507058382034e-03
3.898173163179308176e-04
1.362823764793574810e-03
1.067228964529931545e-03
8.386307745240628719e-04
1.264703576453030109e-03
4.075727774761617184e-04
7.240495760925114155e-04
9.056900162249803543e-04
3.712738689500838518e-04
8.874415652826428413e-04
2.639203739818185568e-04
1.484254957176744938e-03
1.766359782777726650e-03
1.712652272544801235e-03
1.113735372200608253e-03
9.041963494382798672e-04
1.304807810811325908e-04
2.781042712740600109e-04
3.720946842804551125e-04
1.293819514103233814e-03
3.292658133432269096e-03
1.666164171183481812e-04
1.339317415840923786e-03
1.408569863997399807e-03
6.953569245524704456e-04
1.152955461293458939e-03
4.504441749304533005e-04
1.411214034305885434e-04
6.896351114846765995e-04
2.268413954880088568e-04
8.790393476374447346e-04
1.793255098164081573e-03
5.900664837099611759e-04
2.606807684060186148e-04
3.445456386543810368e-04
1.337175373919308186e-03
1.613141212146729231e-04
3.638040798250585794e-04
2.446481666993349791e-04
2.695800503715872765e-04
5.554594099521636963e-04
4.373398260213434696e-04
1.157158287242054939e-03
1.302879187278449535e-03
3.165269736200571060e-04
7.219293620437383652e-04
1.831814297474920750e-04
1.134843332692980766e-03
1.739291328703984618e-04
3.441549779381603003e-04
1.305181649513542652e-03
2.641006140038371086e-03
5.916493246331810951e-04
1.520015212008729577e-04
1.356896013021469116e-03
4.062712250743061304e-04
2.972805814351886511e-04
7.196905207820236683e-04
2.641772152855992317e-03
1.708922500256448984e-04
1.452501281164586544e-03
2.652950352057814598e-04
1.821125741116702557e-03
1.858978648670017719e-03
1.969149103388190269e-03
4.902811488136649132e-04
1.990479649975895882e-04
8.081719861365854740e-04
6.046250346116721630e-04
1.712137018330395222e-04
2.127980114892125130e-03
1.914889580802991986e-04
1.062385505065321922e-03
5.948981270194053650e-04
1.514339935965836048e-03
7.100363145582377911e-04
1.774468342773616314e-03
1.592339540366083384e-04
1.332337502390146255e-03
6.139269680716097355e-04
2.564824651926755905e-03
1.280092052184045315e-03
1.407948002452030778e-04
8.043883717618882656e-04
2.493080217391252518e-03
3.529346431605517864e-04
4.195560759399086237e-04
2.573129313532263041e-04
2.813538536429405212e-03
1.120499917306005955e-03
3.532974224071949720e-04
3.463762113824486732e-04
1.062845112755894661e-03
1.129934214986860752e-03
1.362762995995581150e-03
1.176982303149998188e-03
2.885361609514802694e-04
1.255175448022782803e-03
1.247637090273201466e-03
1.105465693399310112e-03
3.687170392367988825e-04
1.255519455298781395e-04
1.149285351857542992e-03
6.277553620748221874e-04
1.235559699125587940e-03
8.607437484897673130e-05
2.952570794150233269e-03
3.278437652625143528e-04
1.762004569172859192e-03
2.195741049945354462e-03
1.338319416390731931e-04
1.184556167572736740e-03
1.282458775676786900e-03
2.173047978430986404e-03
9.483650210313498974e-04
1.441098051145672798e-03
7.253205403685569763e-04
1.724562171148136258e-04
1.010118750855326653e-03
5.126965115778148174e-04
5.766985123045742512e-04
2.490355400368571281e-03
5.026010912843048573e-04
6.727157160639762878e-04
4.225726588629186153e-04
1.040790928527712822e-03
1.823160273488610983e-04
1.706404378637671471e-03
1.714860438369214535e-03
4.344943736214190722e-04
7.409662357531487942e-04
1.776639488525688648e-03
3.114987339358776808e-04
1.298090908676385880e-03
2.986150793731212616e-04
2.269795862957835197e-03
1.589784165844321251e-03
1.794933923520147800e-03
9.225712856277823448e-04
1.288502593524754047e-03
8.215382695198059082e-04
1.177683821879327297e-03
2.151627559214830399e-04
2.024190034717321396e-03
1.094861072488129139e-03
1.178464270196855068e-03
2.103844599332660437e-04
1.632844447158277035e-03
2.596860576886683702e-04
7.000569021329283714e-04
1.797263685148209333e-04
2.298514591529965401e-04
2.123157755704596639e-04
1.355015119770541787e-04
1.161519903689622879e-03
1.184613938676193357e-04
7.294139359146356583e-04
1.975550549104809761e-03
1.148208248196169734e-04
2.096418291330337524e-03
1.318425405770540237e-03
1.061337767168879509e-03
6.120419711805880070e-04
9.486774215474724770e-04
5.836808704771101475e-04
1.220785779878497124e-03
8.292160346172749996e-04
2.017438237089663744e-04
1.672213111305609345e-04
1.477922312915325165e-03
9.548600646667182446e-04
7.455449667759239674e-04
2.435072790831327438e-03
1.258214178960770369e-04
1.722721790429204702e-04
1.816051546484231949e-03
1.643240218982100487e-03
2.363478764891624451e-03
1.288238563574850559e-03
1.362651120871305466e-03
6.796761299483478069e-04
3.266679996158927679e-04
3.889909014105796814e-03
1.167432754300534725e-03
5.404109833762049675e-04
2.030141884461045265e-03
7.893042638897895813e-04
1.278812647797167301e-03
2.192084444686770439e-03
1.344116521067917347e-03
1.872355234809219837e-03
1.986299175769090652e-03
1.083998795365914702e-04
1.729386975057423115e-03
1.292837550863623619e-04
1.425799855496734381e-04
2.584909088909626007e-04
2.432232140563428402e-04
1.083848066627979279e-03
1.468524220399558544e-03
1.165019421023316681e-04
1.988154690479859710e-04
1.840502955019474030e-04
1.224668929353356361e-03
7.750206277705729008e-04
6.269009900279343128e-04
7.203394779935479164e-04
2.036170189967378974e-04
1.701999135548248887e-04
1.189668430015444756e-03
1.163894427008926868e-03
4.512231971602886915e-04
1.182723673991858959e-03
4.212317580822855234e-04
7.387822261080145836e-04
9.089407831197604537e-05
2.080365666188299656e-04
1.737299957312643528e-03
5.924995639361441135e-04
2.277416177093982697e-03
2.129241620423272252e-04
8.784103556536138058e-04
6.783941062167286873e-04
3.439265128690749407e-04
8.527255267836153507e-04
3.905011981260031462e-04
1.349422149360179901e-03
1.887789840111508965e-04
9.260170045308768749e-04
1.558922376716509461e-04
1.805330539355054498e-04
2.049085451290011406e-03
3.637301269918680191e-04
9.394714725203812122e-04
2.673083799891173840e-04
9.069195366464555264e-04
5.948411417193710804e-04
2.745435631368309259e-04
9.681355440989136696e-04
8.390977745875716209e-04
2.136773255188018084e-04
1.404663198627531528e-03
2.219968009740114212e-03
9.049106156453490257e-04
1.197355100885033607e-03
8.978110272437334061e-04
1.040487040881998837e-04
5.484194261953234673e-04
6.778857787139713764e-04
6.227977573871612549e-04
1.748730079270899296e-03
5.886827129870653152e-04
5.598061834461987019e-04
1.088077551685273647e-03
1.707606861600652337e-04
1.128658070228993893e-03
7.832807023078203201e-04
2.240532339783385396e-04
2.238977001979947090e-03
9.673261083662509918e-04
1.610483508557081223e-03
1.136445323936641216e-03
3.987498930655419827e-04
2.851984696462750435e-03
8.218707516789436340e-04
9.055772534338757396e-05
1.254437607713043690e-03
1.112212659791111946e-03
1.321502611972391605e-03
1.208994508488103747e-04
2.878786763176321983e-04
3.109339741058647633e-04
2.222422510385513306e-03
1.568700536154210567e-03
1.675110892392694950e-03
1.608025922905653715e-04
2.079251222312450409e-03
1.935745938681066036e-03
1.589296152815222740e-04
4.211292834952473640e-04
1.985504990443587303e-03
9.971016552299261093e-04
1.036086236126720905e-03
5.423369584605097771e-04
1.683729351498186588e-04
2.925129141658544540e-03
7.035095477476716042e-04
5.510132177732884884e-04
1.773381518432870507e-04
2.217509027104824781e-04
1.160917337983846664e-03
6.774283247068524361e-04
8.586164331063628197e-04
2.178906463086605072e-03
1.190489856526255608e-03
3.305353457108139992e-04
7.211029878817498684e-04
1.796288997866213322e-03
2.318423241376876831e-03
1.058953930623829365e-03
2.811352489516139030e-03
9.794799552764743567e-05
1.657343702390789986e-03
8.476092480123043060e-04
7.809916278347373009e-04
3.104791278019547462e-03
1.130777527578175068e-03
8.031514007598161697e-04
1.359132234938442707e-03
3.324739227537065744e-04
6.034781108610332012e-04
5.811944138258695602e-04
1.874709036201238632e-03
6.221092189662158489e-04
8.161740261130034924e-04
1.948446501046419144e-03
4.580028180498629808e-04
1.525758765637874603e-03
2.806882839649915695e-03
2.259513363242149353e-03
1.685251249000430107e-03
8.691177354194223881e-04
1.016700989566743374e-03
1.326518016867339611e-03
1.690730859991163015e-04
4.488317645154893398e-04
1.608679303899407387e-04
8.094363729469478130e-04
2.841068664565682411e-03
1.639424590393900871e-04
2.232051221653819084e-03
6.006278563290834427e-04
1.766695640981197357e-03
7.543233805336058140e-04
1.377247390337288380e-03
5.017024232074618340e-04
1.078404486179351807e-03
3.302496043033897877e-04
3.614473971538245678e-04
1.812224974855780602e-03
1.873490633442997932e-03
1.383426570100709796e-04
1.250750385224819183e-03
3.091877093538641930e-03
1.484187901951372623e-03
2.428037550998851657e-04
5.934335640631616116e-04
1.010828200378455222e-04
9.764904971234500408e-04
2.244640607386827469e-03
6.489978404715657234e-04
1.033251974149607122e-04
2.135312184691429138e-03
2.183316973969340324e-03
1.704346796032041311e-04
2.557158877607434988e-04
1.289539359277114272e-04
5.281413323245942593e-04
1.179074635729193687e-03
1.802574552129954100e-04
1.440065563656389713e-03
1.170378178358078003e-03
1.855750568211078644e-03
3.162395209074020386e-03
1.173484488390386105e-03
1.313491084147244692e-04
2.050195587798953056e-03
2.134067472070455551e-03
1.220700214616954327e-03
3.575064765755087137e-04
7.770074880681931973e-04
3.601376956794410944e-04
2.764140372164547443e-04
2.255044644698500633e-03
6.919152219779789448e-04
5.194986588321626186e-04
9.580897167325019836e-04
2.244426141260191798e-04
4.472229338716715574e-04
1.419179607182741165e-03
6.585805094800889492e-04
1.244041486643254757e-04
6.225890829227864742e-04
4.274516832083463669e-04
1.976278144866228104e-04
2.286865375936031342e-03
7.376226130872964859e-04
1.329036778770387173e-03
3.677679342217743397e-04
2.486638259142637253e-04
7.382023613899946213e-04
1.065649092197418213e-03
2.179407310904935002e-04
1.917311106808483601e-03
6.327304872684180737e-04
