1.761868447065353394e-01
5.169716477394104004e-02
9.086567908525466919e-03
1.731749437749385834e-02
4.976289719343185425e-02
1.998621225357055664e-02
2.035886608064174652e-02
3.928662476175744100e-15
1.005846541374921799e-02
1.538532413542270660e-02
7.079271972179412842e-02
1.835870593786239624e-01
3.047457523643970490e-02
1.826579496264457703e-02
1.583714224398136139e-02
8.785720914602279663e-03
1.012574285268783569e-01
7.519966363906860352e-02
8.112686127424240112e-02
7.958048582077026367e-02
5.505530908703804016e-02
1.059157997369766235e-01
3.300995007157325745e-02
7.202474675225005625e-16
9.657827019691467285e-02
3.368782624602317810e-02
8.403556793928146362e-02
5.374091060501146305e-16
1.937411166727542877e-02
2.905329316854476929e-02
6.168508157134056091e-02
1.035949774086475372e-02
8.936143480241298676e-03
1.687188260257244110e-02
1.315081305801868439e-02
1.213368624448776245e-01
6.166132539510726929e-02
9.668498486280441284e-02
8.731853961944580078e-02
2.379425242543220520e-02
5.224253982305526733e-02
1.327142026275396347e-02
2.967295050621032715e-02
9.114890359342098236e-03
8.136579394340515137e-02
9.521994739770889282e-02
1.720684766769409180e-02
1.899832040071487427e-01
1.093402802944183350e-01
8.913066238164901733e-02
1.170350983738899231e-02
7.883494347333908081e-02
9.355822578072547913e-03
1.848122105002403259e-02
1.579336263239383698e-02
3.419938683509826660e-02
1.120116581207323582e-15
3.869415819644927979e-02
1.330651596565945050e-15
1.373827606439590454e-01
1.005578488111495972e-01
1.698959618806838989e-02
8.968947082757949829e-02
2.283889055252075195e-01
