5.830438458360731602e-04
7.671509520150721073e-04
1.286817830987274647e-03
1.064825919456779957e-03
1.688776770606637001e-03
2.310955431312322617e-03
2.323521999642252922e-03
6.161578930914402008e-04
1.235794159583747387e-03
4.281860310584306717e-03
2.853573067113757133e-03
2.705082530155777931e-03
3.132789861410856247e-04
3.913602791726589203e-03
1.364490832202136517e-03
2.333866577828302979e-04
1.968205906450748444e-03
2.540720859542489052e-03
7.095566834323108196e-04
2.479488262906670570e-03
6.536963628605008125e-04
8.272526902146637440e-04
1.303726807236671448e-03
5.822445382364094257e-04
1.170832663774490356e-03
6.894582766108214855e-04
9.673612075857818127e-04
1.239845994859933853e-03
7.796424324624240398e-04
1.107369665987789631e-03
1.563396304845809937e-03
3.678212233353406191e-04
9.634902817197144032e-04
6.768931052647531033e-04
5.506204906851053238e-04
1.467729336582124233e-03
9.533229749649763107e-04
1.505379681475460529e-03
1.500059966929256916e-03
6.199710187502205372e-04
1.168682356365025043e-03
4.717259202152490616e-03
1.608797465451061726e-03
6.633606390096247196e-04
6.588922697119414806e-04
1.960745314136147499e-03
1.458566286601126194e-03
1.099186716601252556e-03
1.106269541196525097e-03
1.433515571989119053e-03
9.073187829926609993e-04
9.767104638740420341e-04
7.661569979973137379e-04
2.620369195938110352e-03
1.146643888205289841e-03
1.794560695998370647e-03
1.542217447422444820e-03
6.362113635987043381e-04
1.280663534998893738e-03
6.837695254944264889e-04
5.032177432440221310e-04
1.227226573973894119e-03
1.831960398703813553e-03
1.459463499486446381e-03
9.870546637102961540e-04
5.417428910732269287e-04
7.391265826299786568e-04
1.200319151394069195e-03
9.980488102883100510e-04
5.701932241208851337e-04
9.839943377301096916e-04
1.261893892660737038e-03
6.474756519310176373e-04
1.773342723026871681e-03
6.513954605907201767e-03
9.539348538964986801e-04
4.575101193040609360e-03
1.017377595417201519e-03
4.365298373159021139e-04
1.724218367598950863e-03
1.480763894505798817e-03
4.586201976053416729e-04
3.418002976104617119e-03
9.853023802861571312e-04
1.026391284540295601e-03
3.656299784779548645e-03
8.409989532083272934e-04
5.618393770419061184e-04
5.874438793398439884e-04
7.556590717285871506e-04
9.054810507223010063e-04
1.079155481420457363e-03
2.080566482618451118e-03
9.193512378260493279e-04
1.859836629591882229e-03
1.180114224553108215e-03
6.295152124948799610e-04
1.266147359274327755e-03
7.203479181043803692e-04
1.089316909201443195e-03
1.400680979713797569e-03
2.081446815282106400e-03
1.637918874621391296e-03
8.245434728451073170e-04
3.468335606157779694e-03
1.216669217683374882e-03
6.549641839228570461e-04
7.106161792762577534e-04
2.384605817496776581e-03
4.828737874049693346e-04
3.796653472818434238e-04
2.044016029685735703e-03
1.174624892883002758e-03
1.147292554378509521e-03
6.829592864960432053e-03
1.487477216869592667e-03
4.093719180673360825e-03
1.657568034715950489e-03
9.188459371216595173e-04
1.188990310765802860e-03
9.599907789379358292e-04
2.220777561888098717e-03
5.101470160298049450e-04
2.463279990479350090e-03
2.375597832724452019e-03
5.593237001448869705e-04
2.466826234012842178e-03
1.260524615645408630e-03
2.257917076349258423e-03
5.128524499014019966e-04
2.082037972286343575e-03
1.235413015820086002e-03
1.902471063658595085e-03
1.797338714823126793e-03
2.318508690223097801e-03
1.791799208149313927e-03
6.763780838809907436e-04
1.810073386877775192e-03
1.420837477780878544e-03
1.315287547186017036e-03
1.163488719612360001e-03
6.687198765575885773e-04
1.494297292083501816e-03
9.319784003309905529e-04
2.990378998219966888e-04
1.252063899300992489e-03
8.924340363591909409e-04
2.179053812390030487e-11
1.270332024432718754e-03
1.410094439052045345e-03
1.501407357864081860e-03
1.375310472212731838e-03
3.588497638702392578e-04
8.254534914158284664e-04
1.188787398859858513e-03
2.375723794102668762e-03
1.055765314958989620e-03
9.241280145943164825e-03
1.440578838810324669e-03
1.196755096316337585e-03
1.477701473049819469e-03
1.980748027563095093e-03
1.170975156128406525e-03
2.019248437136411667e-03
1.004122896119952202e-03
9.341884288005530834e-04
1.734138932079076767e-03
6.740964017808437347e-04
7.342644967138767242e-04
7.621121476404368877e-04
9.311993489973247051e-04
1.587135484442114830e-03
2.505922748241573572e-04
1.654232852160930634e-03
1.326458295807242393e-03
3.246730193495750427e-03
4.032788274344056845e-04
1.365436241030693054e-03
1.005017198622226715e-03
7.092182058840990067e-04
9.876007679849863052e-04
1.047236495651304722e-03
5.725028458982706070e-04
1.732473843730986118e-03
4.360978491604328156e-04
1.567066879943013191e-03
1.404485665261745453e-03
2.056896919384598732e-03
2.009457442909479141e-03
4.030071722809225321e-04
2.099799923598766327e-03
2.774179447442293167e-04
7.893614820204675198e-04
3.106742806266993284e-04
4.236280510667711496e-04
1.132081612013280392e-03
2.377620199695229530e-03
1.305769779719412327e-03
1.269481726922094822e-03
9.530605166219174862e-04
1.862258650362491608e-03
5.641580210067331791e-04
1.501245773397386074e-03
1.605724683031439781e-03
7.622668636031448841e-04
7.965189870446920395e-04
1.975188264623284340e-03
8.991641225293278694e-04
2.113298542099073529e-04
8.872178383171558380e-03
6.384258158504962921e-04
7.550485315732657909e-04
1.364238443784415722e-03
5.914469365961849689e-04
2.873155521228909492e-03
9.881459409371018410e-04
2.312229335075244308e-04
6.630099378526210785e-04
4.844610230065882206e-04
9.155544685199856758e-04
2.645350527018308640e-03
6.816299632191658020e-03
4.251742793712764978e-04
2.602493041194975376e-04
1.871149404905736446e-03
2.271372126415371895e-03
7.131104357540607452e-04
2.951374510303139687e-03
1.353256055153906345e-03
1.547870459035038948e-03
7.430755067616701126e-04
7.522858213633298874e-04
1.430438249371945858e-03
3.842393925879150629e-04
6.807716563344001770e-04
4.863469803240150213e-04
4.321269516367465258e-04
1.311174477450549603e-03
8.386992849409580231e-04
4.913834854960441589e-04
5.299418116919696331e-04
7.902211509644985199e-04
4.890201380476355553e-04
1.678432454355061054e-03
6.093071424402296543e-04
5.595692200586199760e-04
1.001212978735566139e-03
1.234731404110789299e-03
2.109570661559700966e-03
6.140629993751645088e-04
1.581248594447970390e-03
5.309836706146597862e-04
1.040091505274176598e-03
7.084987009875476360e-04
1.272334484383463860e-03
7.833274430595338345e-04
1.606456935405731201e-03
1.045413082465529442e-03
1.171829411759972572e-03
2.265851071570068598e-04
2.204516204074025154e-03
6.532210973091423512e-04
1.310074469074606895e-03
4.723060410469770432e-04
1.339581096544861794e-03
1.155895297415554523e-03
1.650675432756543159e-03
6.904050824232399464e-04
1.744972309097647667e-03
2.204076852649450302e-03
8.716658339835703373e-04
8.262781193479895592e-04
5.778337363153696060e-04
8.141931612044572830e-04
1.729878014884889126e-03
1.683133188635110855e-03
1.562862191349267960e-03
1.058987691067159176e-03
1.419924781657755375e-03
1.473763608373701572e-03
1.024764031171798706e-03
2.352587878704071045e-03
1.046021934598684311e-03
9.091629181057214737e-04
2.080653794109821320e-03
6.424198509193956852e-04
4.947054549120366573e-04
4.033668898046016693e-03
2.179335802793502808e-03
1.055038301274180412e-03
1.279180287383496761e-03
8.539742790162563324e-03
1.023123273625969887e-03
4.279551503714174032e-04
4.580001404974609613e-04
1.110166776925325394e-03
7.810381357558071613e-04
7.256153039634227753e-04
1.176087069325149059e-03
5.046498030424118042e-03
3.932318068109452724e-04
9.305538696935400367e-05
2.730524865910410881e-04
2.915772143751382828e-03
1.261055120266973972e-03
9.757519583217799664e-04
1.058680820278823376e-03
1.574567402713000774e-03
2.408415311947464943e-03
5.478094681166112423e-04
2.138098003342747688e-03
3.368267789483070374e-04
1.062364666722714901e-03
2.753517765086144209e-04
3.499638289213180542e-03
1.080123241990804672e-03
4.952302457006396708e-10
9.806843008846044540e-04
2.154163317754864693e-03
6.396895623765885830e-04
1.100673456676304340e-03
1.244163257069885731e-03
2.569253556430339813e-03
5.508738104254007339e-04
4.713620364782400429e-05
1.556654809974133968e-03
6.077269208617508411e-04
7.741927402094006538e-04
7.138178334571421146e-04
1.545520266517996788e-03
9.348301682621240616e-04
1.094799372367560863e-03
1.152484910562634468e-03
2.908130874857306480e-03
1.145784510299563408e-03
1.195580232888460159e-03
1.405704300850629807e-03
4.172219196334481239e-04
3.772655967622995377e-03
1.764545799233019352e-03
8.380071376450359821e-04
7.435721345245838165e-04
4.642688455902543865e-10
1.529262168332934380e-03
3.196538891643285751e-03
5.521001876331865788e-04
1.603960175998508930e-03
1.666536438278853893e-03
5.750966956838965416e-04
1.134182792156934738e-03
2.559384331107139587e-03
6.853656377643346786e-04
9.116016444750130177e-04
8.864429546520113945e-04
3.557384479790925980e-04
7.558701909147202969e-04
1.494941883720457554e-03
7.213998469524085522e-04
4.201961564831435680e-04
5.552524235099554062e-03
3.318776725791394711e-04
1.033577835187315941e-03
1.259648823179304600e-03
1.977819716557860374e-03
2.740544965490698814e-03
9.301261161454021931e-04
1.015045330859720707e-03
7.242272840812802315e-04
1.144337235018610954e-03
1.259115641005337238e-03
1.154598547145724297e-03
5.989136407151818275e-04
9.335234644822776318e-04
9.458081331104040146e-04
1.305353944189846516e-03
2.554941922426223755e-03
6.191089050844311714e-04
1.166212139651179314e-03
1.406953088007867336e-03
1.018557930365204811e-03
5.869046435691416264e-04
1.462244312278926373e-03
3.941126167774200439e-03
5.131541984155774117e-04
2.532629587221890688e-04
1.166854752227663994e-03
7.647043094038963318e-04
1.005227444693446159e-03
1.485026907175779343e-03
6.950515671633183956e-04
1.277183764614164829e-03
1.851765788160264492e-03
8.225796045735478401e-04
6.475810892879962921e-03
6.045966874808073044e-04
1.063781091943383217e-03
1.839021802879869938e-03
4.308308009058237076e-03
9.029751527123153210e-04
8.579936111345887184e-04
4.600517277140170336e-04
2.599695930257439613e-03
7.358341827057301998e-04
9.013361413963139057e-04
2.535728272050619125e-03
3.765565359525879785e-10
3.849762957543134689e-03
6.133948918431997299e-04
1.266537117771804333e-03
1.425182214006781578e-03
3.053661785088479519e-04
1.322293770499527454e-03
9.586692904122173786e-04
1.379948342218995094e-03
1.779922982677817345e-03
1.304996199905872345e-03
6.374225486069917679e-04
8.319358457811176777e-04
1.176333287730813026e-03
1.266568782739341259e-03
1.791802584193646908e-03
9.853407973423600197e-04
1.749279559589922428e-03
1.577987219206988811e-03
7.723160670138895512e-04
1.000983291305601597e-03
1.483604777604341507e-03
1.237867400050163269e-03
8.925744914449751377e-04
2.559289569035172462e-03
7.362652104347944260e-04
1.071276958100497723e-03
6.148246466182172298e-04
2.063299762085080147e-03
1.464230357669293880e-03
1.264480757527053356e-03
1.212120638228952885e-03
6.179544143378734589e-03
2.950782189145684242e-03
1.586590893566608429e-03
1.806002808734774590e-03
4.884178633801639080e-04
2.144104335457086563e-03
2.670718822628259659e-04
1.640695962123572826e-03
9.812274947762489319e-04
1.065308111719787121e-03
1.923585077747702599e-03
9.700482478365302086e-04
2.400855533778667450e-03
1.522297039628028870e-03
7.945774705149233341e-04
1.352736027911305428e-03
2.501205308362841606e-03
5.719836335629224777e-04
1.345653552561998367e-03
7.311837398447096348e-04
5.666725919581949711e-04
1.077022636309266090e-03
9.905969491228461266e-04
1.721623120829463005e-03
4.827421216759830713e-04
1.455995137803256512e-03
2.356542681809514761e-04
1.319787814281880856e-03
5.138830747455358505e-04
8.944402798078954220e-04
1.019088551402091980e-03
2.823385177180171013e-03
9.413801017217338085e-04
1.812400296330451965e-03
1.924170064739882946e-04
1.498813740909099579e-03
1.264753052964806557e-03
1.443630317226052284e-03
2.110405825078487396e-03
5.333982990123331547e-04
1.673356746323406696e-03
2.668711356818675995e-03
3.481171093881130219e-03
1.352561870589852333e-03
7.621619733981788158e-04
1.150661031715571880e-03
3.793692740146070719e-04
8.935009245760738850e-04
6.288238218985497952e-04
1.936463871970772743e-03
6.273022852838039398e-03
2.102468395605683327e-03
1.754141994751989841e-03
4.497449379414319992e-03
2.133479341864585876e-03
1.168510410934686661e-03
5.709771066904067993e-04
2.545049879699945450e-03
1.302666845731437206e-03
1.714342157356441021e-03
2.201626077294349670e-03
1.052758656442165375e-03
4.859448410570621490e-03
1.268413150683045387e-03
1.477440469898283482e-03
1.401035580784082413e-03
1.804983126930892467e-03
5.434717517346143723e-03
1.423402223736047745e-03
5.251491442322731018e-03
5.903283599764108658e-04
1.202520681545138359e-03
8.870278834365308285e-04
9.265655535273253918e-04
1.762593048624694347e-03
1.130840741097927094e-03
8.573515806347131729e-04
1.825905172154307365e-03
9.565745131112635136e-04
2.613618562463670969e-04
4.977864446118474007e-04
3.448019269853830338e-03
1.042733085341751575e-03
4.213135980535298586e-04
3.649499267339706421e-03
5.837383796460926533e-04
5.814777105115354061e-04
1.309221494011580944e-03
1.595069421455264091e-03
1.711376244202256203e-03
8.405734552070498466e-04
1.558018848299980164e-03
9.743357077240943909e-04
1.579217612743377686e-03
3.698253713082522154e-04
1.752296229824423790e-03
7.660625851713120937e-04
1.019405317492783070e-03
7.577392389066517353e-04
1.247275155037641525e-03
9.973956039175391197e-04
3.969607350882142782e-04
4.814781132154166698e-04
7.372824475169181824e-04
1.248308690264821053e-03
1.306861639022827148e-03
4.268788034096360207e-04
1.568795763887465000e-03
1.132360426709055901e-03
4.847369622439146042e-03
6.579865585081279278e-04
8.004170958884060383e-04
2.594299439806491137e-04
5.365191609598696232e-04
3.878578776493668556e-03
4.017618950456380844e-03
1.526064472272992134e-03
8.744838996790349483e-04
1.090092002414166927e-03
2.164906822144985199e-03
1.534481183625757694e-03
1.387005089782178402e-03
3.838335862383246422e-03
7.228129543364048004e-04
1.635933876968920231e-03
8.251132094301283360e-04
8.791550644673407078e-04
9.129876852966845036e-04
1.773775729816406965e-04
1.076385611668229103e-03
1.358692301437258720e-03
2.619635313749313354e-03
2.692727372050285339e-03
1.505833468399941921e-03
6.938266567885875702e-03
1.397835440002381802e-03
6.846602773293852806e-04
5.194706609472632408e-04
2.013579010963439941e-03
1.491358736529946327e-03
6.526598008349537849e-04
3.133780555799603462e-03
7.811894174665212631e-04
1.687433104962110519e-03
6.497071590274572372e-04
5.508612375706434250e-04
8.011258905753493309e-04
6.015527178533375263e-04
8.269457030110061169e-04
1.585682039149105549e-03
6.274018669500946999e-04
2.453673398122191429e-03
1.889716018922626972e-03
1.668374985456466675e-03
3.128909273073077202e-03
2.494532382115721703e-03
9.565522777847945690e-04
8.985539316199719906e-04
1.322502852417528629e-03
2.086431020870804787e-03
2.058892045170068741e-03
7.600844837725162506e-04
8.538847905583679676e-04
7.206571171991527081e-04
7.576191565021872520e-04
1.150286640040576458e-03
3.402314032427966595e-04
1.551655004732310772e-03
9.496608399786055088e-04
1.099344925023615360e-03
6.683428655378520489e-04
1.717054983600974083e-03
5.601616576313972473e-04
7.497788174077868462e-04
1.098237349651753902e-03
1.355796353891491890e-03
4.240199341438710690e-04
1.223851228132843971e-03
7.544861291535198689e-04
4.262354224920272827e-03
1.499385572969913483e-03
1.320709590800106525e-03
2.435425762087106705e-03
5.371631123125553131e-04
1.240401528775691986e-03
1.714857993647456169e-03
4.601964727044105530e-03
5.684593925252556801e-04
1.308766310103237629e-03
1.710740732960402966e-03
1.396853826008737087e-03
8.154529496096074581e-04
8.732050191611051559e-04
1.104936352930963039e-03
1.206560526043176651e-03
7.554093608632683754e-04
8.612676174379885197e-04
1.474955701269209385e-03
1.488826354034245014e-03
1.970650628209114075e-03
8.635364938527345657e-04
1.530167181044816971e-03
1.399701577611267567e-03
8.011155878193676472e-04
4.086850385647267103e-04
1.738689141348004341e-03
3.369458136148750782e-04
2.956581534817814827e-03
2.979760756716132164e-03
1.249789609573781490e-03
1.441949629224836826e-03
1.102917362004518509e-03
1.532834954559803009e-03
6.443200400099158287e-04
1.141848508268594742e-03
2.804811811074614525e-04
4.863060021307319403e-04
2.063913038000464439e-03
1.325929886661469936e-03
1.917902030982077122e-03
2.699494361877441406e-03
5.336005706340074539e-04
6.023717578500509262e-04
1.852532732300460339e-03
2.758010290563106537e-03
1.200740109197795391e-03
7.863455102778971195e-04
7.582285325042903423e-04
8.736876770853996277e-04
1.482763909734785557e-03
9.341884288005530834e-04
4.160430980846285820e-04
9.465031907893717289e-04
1.862520701251924038e-03
1.981806941330432892e-03
3.471469390206038952e-04
3.407651092857122421e-03
1.206391025334596634e-03
1.000910182483494282e-03
8.508634637109935284e-04
6.229891441762447357e-04
1.176518574357032776e-02
3.501386963762342930e-04
3.077720524743199348e-03
1.065730582922697067e-03
1.289834501221776009e-03
8.475208887830376625e-04
1.259520766325294971e-03
8.638841682113707066e-04
1.168065937235951424e-03
4.834065039176493883e-04
7.997549255378544331e-04
1.781788188964128494e-03
5.710898549295961857e-04
2.304802183061838150e-04
4.244253505021333694e-04
5.271364934742450714e-04
5.668873782269656658e-04
1.784197986125946045e-03
8.783508674241602421e-04
1.598711591213941574e-03
8.484259597025811672e-04
3.848436754196882248e-04
1.491648145020008087e-03
1.524567138403654099e-03
1.240317709743976593e-03
6.278997170738875866e-04
1.330113969743251801e-03
9.196808678098022938e-04
1.040759612806141376e-03
1.222662511281669140e-03
7.307446212507784367e-04
1.337840454652905464e-03
2.353444462642073631e-03
4.511433944571763277e-04
1.551107387058436871e-03
4.827704280614852905e-03
3.255015006288886070e-03
2.641493454575538635e-03
7.020555785857141018e-04
6.465436308644711971e-04
9.351846529170870781e-04
2.048893133178353310e-03
5.514454096555709839e-04
5.904837162233889103e-04
5.856172065250575542e-04
1.075817737728357315e-03
2.469172934070229530e-03
2.632292453199625015e-03
2.047155983746051788e-03
1.023503486067056656e-03
1.340889837592840195e-03
1.109692850150167942e-03
7.238417747430503368e-04
1.291288994252681732e-03
1.998293446376919746e-03
2.382379956543445587e-03
1.094786101020872593e-03
7.330492371693253517e-04
7.823392516002058983e-04
1.607650541700422764e-03
1.594775822013616562e-03
1.403083559125661850e-03
2.050261013209819794e-03
1.687327050603926182e-03
1.123354188166558743e-03
6.976463482715189457e-04
1.891087507829070091e-03
9.157185559161007404e-04
7.604976999573409557e-04
1.281739794649183750e-03
8.507164311595261097e-04
1.114178565330803394e-03
7.236742760596825974e-08
2.593718701973557472e-03
1.773739815689623356e-03
1.351518556475639343e-03
3.454893012531101704e-04
7.542992825619876385e-04
1.605307799763977528e-03
1.302972435951232910e-03
5.786422989331185818e-04
1.969331642612814903e-03
1.391011406667530537e-03
3.420192515477538109e-03
1.221407554112374783e-03
7.405693759210407734e-04
1.061319839209318161e-03
1.314663211815059185e-03
9.286694694310426712e-04
4.967082641087472439e-04
3.579275216907262802e-04
1.743630156852304935e-03
7.994945044629275799e-04
1.295105903409421444e-03
1.072591170668601990e-03
1.211849041283130646e-03
6.739282980561256409e-04
2.501618582755327225e-03
5.501849809661507607e-04
1.086581964045763016e-03
3.192951669916510582e-03
1.109197968617081642e-03
1.125846290960907936e-03
4.430716217029839754e-04
1.744425506331026554e-03
1.442378852516412735e-03
8.810449508018791676e-04
9.976695291697978973e-04
1.566846040077507496e-03
2.391500631347298622e-03
3.781319595873355865e-03
1.805003033950924873e-03
1.724246074445545673e-03
9.319320088252425194e-04
1.284431666135787964e-03
6.142950733192265034e-04
3.396877087652683258e-03
4.713793285191059113e-03
5.032912595197558403e-04
1.809612382203340530e-03
1.771820592693984509e-03
1.647100667469203472e-03
1.370003446936607361e-03
1.485779648646712303e-03
1.306139049120247364e-03
1.331746694631874561e-03
4.934198223054409027e-04
1.267325715161859989e-03
2.235209569334983826e-03
1.528150052763521671e-03
9.924572659656405449e-04
1.606594887562096119e-03
1.750429975800216198e-03
6.723938509821891785e-03
1.731679541990160942e-03
1.519359182566404343e-03
7.152886828407645226e-04
2.550570527091622353e-03
5.548279150389134884e-04
1.521316124126315117e-03
2.389780245721340179e-03
1.002034987322986126e-03
7.252439972944557667e-04
1.712359022349119186e-03
1.149584772065281868e-03
1.496796496212482452e-03
1.994875725358724594e-03
2.873639808967709541e-03
2.503349445760250092e-03
9.851490613073110580e-04
9.484933107160031796e-04
4.466317186597734690e-04
1.041584298945963383e-03
2.271458506584167480e-03
2.779316622763872147e-03
1.229225774295628071e-03
2.471087733283638954e-03
3.862888086587190628e-03
1.699007465504109859e-03
1.735834754072129726e-03
1.778292353264987469e-03
1.159407082013785839e-03
4.585892020259052515e-04
6.416562246158719063e-04
2.253896091133356094e-03
6.272802711464464664e-04
3.061015624552965164e-03
5.950004560872912407e-04
1.375782070681452751e-03
1.227839151397347450e-03
7.089597638696432114e-04
7.450256380252540112e-04
6.240849616006016731e-04
5.228001973591744900e-04
7.597180083394050598e-04
2.064193133264780045e-03
6.250762846320867538e-03
7.663972792215645313e-04
1.407778356224298477e-03
9.418812696821987629e-04
1.350002712570130825e-03
1.169399125501513481e-03
1.148849725723266602e-03
1.644295756705105305e-03
6.273494218476116657e-04
1.334320986643433571e-03
1.279322896152734756e-03
1.182048930786550045e-03
4.707594867795705795e-03
3.466241178102791309e-04
5.282239872030913830e-04
1.141857006587088108e-03
8.040553075261414051e-04
1.437878585420548916e-03
1.060965005308389664e-03
1.499639940448105335e-03
7.505703833885490894e-04
1.584570622071623802e-03
1.115184160880744457e-03
1.370698795653879642e-03
4.959920421242713928e-03
9.035563562065362930e-04
2.659338060766458511e-03
1.542548299767076969e-03
1.391938654705882072e-03
9.634207817725837231e-04
1.347607816569507122e-03
1.551591674797236919e-03
1.956630498170852661e-03
7.663019932806491852e-04
1.036612316966056824e-03
1.582166994921863079e-03
4.162042750976979733e-04
2.238422632217407227e-03
4.396101576276123524e-04
2.382766542723402381e-04
1.174482866190373898e-03
7.691477658227086067e-04
4.603638953994959593e-04
1.662300899624824524e-03
1.213628798723220825e-03
2.187499077990651131e-03
1.469129580073058605e-03
6.691243615932762623e-04
3.175720339640974998e-03
1.216086442582309246e-03
1.453785807825624943e-03
7.290724315680563450e-04
1.149907940998673439e-03
1.088647055439651012e-03
8.140152785927057266e-04
2.285925904288887978e-03
2.065751934424042702e-03
1.166166272014379501e-03
1.690257689915597439e-03
3.747708688024431467e-04
7.817189907655119896e-04
5.909295286983251572e-03
2.715654671192169189e-03
6.887281197123229504e-04
1.057637738995254040e-03
5.316378665156662464e-04
2.515207510441541672e-03
2.193864434957504272e-03
1.578836119733750820e-03
1.485836692154407501e-03
1.295052235946059227e-03
3.254814073443412781e-04
4.157921764999628067e-03
6.773517816327512264e-04
8.875603671185672283e-04
5.428447620943188667e-04
1.366628450341522694e-03
9.612235007807612419e-04
4.450160195119678974e-04
5.184991168789565563e-04
1.415753271430730820e-03
1.693192170932888985e-03
1.361735980026423931e-03
9.230402647517621517e-04
2.885152935050427914e-04
4.451534477993845940e-04
1.865177997387945652e-03
1.406184979714453220e-03
3.839604032691568136e-04
6.212395383045077324e-04
1.643900177441537380e-03
1.030663144774734974e-03
4.874188743997365236e-04
4.645000735763460398e-04
1.172292279079556465e-03
2.764013828709721565e-03
4.828247183468192816e-04
1.227916916832327843e-03
8.248502854257822037e-04
1.946773612871766090e-03
8.053981582634150982e-04
3.894249442964792252e-03
8.595833787694573402e-04
1.007796032354235649e-03
1.391858328133821487e-03
8.623878820799291134e-04
3.690769954118877649e-04
1.104549039155244827e-03
1.556940493173897266e-03
6.419119890779256821e-04
4.900323692709207535e-04
6.331696640700101852e-04
3.845463506877422333e-03
1.647896366193890572e-03
8.578789420425891876e-04
1.075615757144987583e-03
4.241271875798702240e-03
3.067094366997480392e-03
1.786339329555630684e-03
1.531637157313525677e-03
1.746537163853645325e-03
3.916111309081315994e-04
2.406994812190532684e-03
1.268123742192983627e-03
7.742126472294330597e-04
1.379993394948542118e-03
2.172634704038500786e-03
8.479966199956834316e-04
1.299603958614170551e-03
1.766321365721523762e-03
3.087533870711922646e-03
1.033375505357980728e-03
5.722004570998251438e-04
6.398645928129553795e-04
1.989254495128989220e-03
1.561906421557068825e-03
1.400728942826390266e-03
7.141829119063913822e-04
9.469457436352968216e-04
6.317137740552425385e-04
1.115426304750144482e-03
1.157998223789036274e-03
4.134492948651313782e-03
2.219523536041378975e-03
1.563274883665144444e-03
3.232320537790656090e-03
1.312426757067441940e-03
2.735916757956147194e-03
1.975609920918941498e-03
3.909085353370755911e-04
1.178507925942540169e-03
1.116326078772544861e-03
6.201513460837304592e-04
2.247966825962066650e-03
8.247955702245235443e-04
8.414412732236087322e-04
9.044880280271172523e-04
8.330561686307191849e-04
1.531452522613108158e-03
1.475854660384356976e-03
6.724467384628951550e-04
7.569075096398591995e-04
8.698228048160672188e-04
1.663203700445592403e-03
8.428381406702101231e-04
1.217408920638263226e-03
1.244669430889189243e-03
1.655139960348606110e-03
1.517098862677812576e-03
1.557309995405375957e-03
