-5.907116457819938660e-02
1.235249266028404236e-02
-5.809494480490684509e-02
4.947282373905181885e-02
-9.421985596418380737e-02
-1.735424399375915527e-01
1.631199717521667480e-01
4.228221252560615540e-02
-6.598603911697864532e-03
1.886742748320102692e-02
8.912053704261779785e-02
-2.309512346982955933e-01
-5.758456140756607056e-02
8.737623691558837891e-02
1.579497158527374268e-01
4.977925494313240051e-02
-7.563177496194839478e-02
1.403948571532964706e-02
-1.982420980930328369e-01
-1.230474412441253662e-01
-8.118595182895660400e-02
-7.072696089744567871e-02
-6.745706498622894287e-02
1.296332776546478271e-01
-8.390438556671142578e-02
1.741809844970703125e-01
1.878744959831237793e-01
2.473922073841094971e-01
-5.117459222674369812e-02
-1.137148216366767883e-01
-3.139466941356658936e-01
1.263163536787033081e-01
-1.176470369100570679e-01
-2.604604139924049377e-02
-1.497741639614105225e-01
-7.794543355703353882e-02
8.460090309381484985e-02
-6.464663892984390259e-02
-4.726521670818328857e-02
2.569605130702257156e-03
1.176576986908912659e-01
7.323851436376571655e-02
-8.834747225046157837e-02
-9.312824346125125885e-03
1.000538095831871033e-01
4.792843014001846313e-02
-4.523659870028495789e-02
-1.080026775598526001e-01
6.414709240198135376e-02
-8.644301444292068481e-02
-3.492312133312225342e-02
6.088673323392868042e-02
4.240033775568008423e-02
-1.445400863885879517e-01
-1.227130219340324402e-01
6.612119078636169434e-02
-7.803021371364593506e-02
4.577641561627388000e-02
7.360694557428359985e-02
5.245040729641914368e-02
-1.580018550157546997e-01
-1.160289272665977478e-01
1.009857561439275742e-02
1.640625111758708954e-02
-6.227506697177886963e-02
1.967080384492874146e-01
5.620582029223442078e-02
-1.386920809745788574e-01
1.122997254133224487e-01
-7.529780268669128418e-02
-9.107407927513122559e-02
-7.379179447889328003e-02
-7.602762430906295776e-02
1.706634610891342163e-01
-1.008374914526939392e-01
-1.118243932723999023e-01
-1.868100613355636597e-01
3.190130740404129028e-02
-1.069793850183486938e-01
1.137680038809776306e-01
7.375263422727584839e-02
-3.356878086924552917e-02
-5.907705426216125488e-02
1.584244668483734131e-01
6.367007642984390259e-02
-7.360581308603286743e-02
-1.029117256402969360e-01
-7.297462224960327148e-02
2.192766070365905762e-01
8.511967025697231293e-03
-9.467764943838119507e-02
-7.341863214969635010e-02
2.435971237719058990e-02
1.454876661300659180e-01
1.502481997013092041e-01
-1.634848266839981079e-01
-1.085385158658027649e-01
1.141514722257852554e-02
-3.456351757049560547e-01
-1.314427554607391357e-01
2.417198941111564636e-02
-2.542782807722687721e-03
1.046102494001388550e-01
-5.080893263220787048e-02
-3.186491876840591431e-02
1.255343109369277954e-01
1.088063567876815796e-01
1.983896642923355103e-01
1.305211037397384644e-01
1.065776273608207703e-01
-1.605222374200820923e-01
-4.609169811010360718e-02
-1.520106494426727295e-01
-1.885350197553634644e-01
-1.614490151405334473e-01
1.386904418468475342e-01
1.250573992729187012e-01
4.562287940643727779e-04
8.142414689064025879e-02
2.552436105906963348e-02
-1.698010265827178955e-01
1.753460317850112915e-01
-1.875283271074295044e-01
-1.405963301658630371e-01
1.426000148057937622e-02
-5.811877083033323288e-03
7.993232458829879761e-02
-1.515902131795883179e-01
