1.096059661358594894e-02
1.241732109338045120e-02
1.264089811593294144e-02
1.048286724835634232e-02
1.032629609107971191e-02
1.087887212634086609e-02
1.052773185074329376e-02
9.180147200822830200e-03
9.668803773820400238e-03
1.087067183107137680e-02
1.380182988941669464e-02
1.170108187943696976e-02
1.026153564453125000e-02
1.058706548064947128e-02
9.645778685808181763e-03
1.159917097538709641e-02
1.161040831357240677e-02
1.045815087854862213e-02
1.066951639950275421e-02
1.030888501554727554e-02
1.086788997054100037e-02
1.321865618228912354e-02
9.375380352139472961e-03
1.076448336243629456e-02
1.197678223252296448e-02
9.226880036294460297e-03
8.009605109691619873e-03
1.058558002114295959e-02
9.785481728613376617e-03
1.014206837862730026e-02
1.158099249005317688e-02
1.041825488209724426e-02
1.147896796464920044e-02
8.151975460350513458e-03
8.606768213212490082e-03
1.121701486408710480e-02
9.871826507151126862e-03
1.074107550084590912e-02
1.298782695084810257e-02
1.038355659693479538e-02
1.146258972585201263e-02
1.215382479131221771e-02
1.165923010557889938e-02
9.376749396324157715e-03
9.457040578126907349e-03
1.437191478908061981e-02
9.718825109302997589e-03
1.048077736049890518e-02
1.172793284058570862e-02
1.035764161497354507e-02
1.007905509322881699e-02
1.122889108955860138e-02
1.215187273919582367e-02
1.278936769813299179e-02
1.051377784460783005e-02
1.074803341180086136e-02
9.189675562083721161e-03
1.066382974386215210e-02
1.036388240754604340e-02
1.032147742807865143e-02
8.695320226252079010e-03
1.189837884157896042e-02
9.401943534612655640e-03
9.321181103587150574e-03
9.290966205298900604e-03
1.193888206034898758e-02
1.323666609823703766e-02
2.366944216191768646e-02
1.221268810331821442e-02
1.105450000613927841e-02
8.802388794720172882e-03
8.962404914200305939e-03
9.928764775395393372e-03
9.694266133010387421e-03
1.185431983321905136e-02
1.118283625692129135e-02
9.132542647421360016e-03
1.137403771281242371e-02
1.035226788371801376e-02
1.237000618129968643e-02
9.574345313012599945e-03
1.088918745517730713e-02
1.456047873944044113e-02
9.916743263602256775e-03
1.131489779800176620e-02
9.147768840193748474e-03
1.237616874277591705e-02
1.091568730771541595e-02
1.222151797264814377e-02
9.086985141038894653e-03
1.050152909010648727e-02
9.644013829529285431e-03
9.913775138556957245e-03
8.805388584733009338e-03
1.176205463707447052e-02
1.191627513617277145e-02
9.196083992719650269e-03
9.408441372215747833e-03
1.286037359386682510e-02
1.051801349967718124e-02
9.301494807004928589e-03
1.132665853947401047e-02
1.203175075352191925e-02
9.632219560444355011e-03
1.053052768111228943e-02
1.014561764895915985e-02
1.157428789883852005e-02
1.065101101994514465e-02
1.009067893028259277e-02
1.137326844036579132e-02
9.436835534870624542e-03
1.366806123405694962e-02
8.910233154892921448e-03
1.229435205459594727e-02
9.758713655173778534e-03
1.025189086794853210e-02
1.225398946553468704e-02
1.154798269271850586e-02
1.243281085044145584e-02
1.109504234045743942e-02
1.100772712379693985e-02
1.380673050880432129e-02
1.227482222020626068e-02
1.047405879944562912e-02
1.088426075875759125e-02
1.036816276609897614e-02
1.368653774261474609e-02
1.164174173027276993e-02
1.150167547166347504e-02
8.418740704655647278e-03
1.060838904231786728e-02
9.561582468450069427e-03
1.148483157157897949e-02
1.026998739689588547e-02
1.145026553422212601e-02
9.697547182440757751e-03
1.077351532876491547e-02
1.099825464189052582e-02
1.113469526171684265e-02
1.252923719584941864e-02
1.190054882317781448e-02
8.797030895948410034e-03
9.109031409025192261e-03
9.885933250188827515e-03
8.906298317015171051e-03
1.150165311992168427e-02
9.303205646574497223e-03
1.134367380291223526e-02
1.215969026088714600e-02
9.200172498822212219e-03
1.209623273462057114e-02
1.269438490271568298e-02
1.303903851658105850e-02
1.159589365124702454e-02
1.097033545374870300e-02
8.778120391070842743e-03
1.080780196934938431e-02
1.020754221826791763e-02
9.839073754847049713e-03
1.124481018632650375e-02
9.914557449519634247e-03
1.203642506152391434e-02
1.120628230273723602e-02
1.104283425956964493e-02
1.032134983688592911e-02
1.015249639749526978e-02
8.938230574131011963e-03
1.054967101663351059e-02
1.060552056878805161e-02
8.450425229966640472e-03
1.181077118963003159e-02
8.396630175411701202e-03
1.069292053580284119e-02
1.115414686501026154e-02
1.233644504100084305e-02
1.105373911559581757e-02
8.513670414686203003e-03
1.122423727065324783e-02
1.049205753952264786e-02
1.192506588995456696e-02
9.554162621498107910e-03
1.004183851182460785e-02
8.964505046606063843e-03
1.077610999345779419e-02
9.685917757451534271e-03
1.014756131917238235e-02
1.108904648572206497e-02
9.677269496023654938e-03
9.885475039482116699e-03
1.184096746146678925e-02
1.202705595642328262e-02
1.305019296705722809e-02
1.308753900229930878e-02
9.303978644311428070e-03
1.113936211913824081e-02
1.096678990870714188e-02
9.204336442053318024e-03
1.123547460883855820e-02
1.201101858168840408e-02
1.238917931914329529e-02
1.482742838561534882e-02
9.396999143064022064e-03
1.028872840106487274e-02
1.109500322490930557e-02
9.237835183739662170e-03
1.103602163493633270e-02
1.088507659733295441e-02
1.102564856410026550e-02
1.204420905560255051e-02
1.102350652217864990e-02
9.577374905347824097e-03
1.836287230253219604e-02
8.206982165575027466e-03
1.087012980133295059e-02
9.321295656263828278e-03
1.078635826706886292e-02
1.427916437387466431e-02
1.025630533695220947e-02
1.052477676421403885e-02
8.692059665918350220e-03
1.279661618173122406e-02
1.079910807311534882e-02
1.030403748154640198e-02
9.784382767975330353e-03
9.971332736313343048e-03
1.173688936978578568e-02
1.285179518163204193e-02
1.415174268186092377e-02
9.431065060198307037e-03
1.246765349060297012e-02
9.091418236494064331e-03
1.119043305516242981e-02
1.167462300509214401e-02
1.025702059268951416e-02
1.000715512782335281e-02
1.080998498946428299e-02
9.684713557362556458e-03
9.774524718523025513e-03
1.323721930384635925e-02
1.121329236775636673e-02
1.150964014232158661e-02
1.240949146449565887e-02
1.136301551014184952e-02
1.050126366317272186e-02
1.705327630043029785e-02
1.136035006493330002e-02
9.431480430066585541e-03
9.304896928369998932e-03
9.902271442115306854e-03
9.561974555253982544e-03
1.036910992115736008e-02
1.310190744698047638e-02
1.123702619224786758e-02
1.065358798950910568e-02
9.150206111371517181e-03
1.025366224348545074e-02
1.219721790403127670e-02
1.005572825670242310e-02
9.587110020220279694e-03
1.104941777884960175e-02
1.101592928171157837e-02
1.196565385907888412e-02
9.571203961968421936e-03
1.265692804008722305e-02
1.075750403106212616e-02
1.219708565622568130e-02
1.027341466397047043e-02
1.054239179939031601e-02
1.077749114483594894e-02
1.002231985330581665e-02
1.201648917049169540e-02
1.377145666629076004e-02
1.101935468614101410e-02
1.017267070710659027e-02
8.644979447126388550e-03
1.227157190442085266e-02
1.143303047865629196e-02
9.675909765064716339e-03
9.990667924284934998e-03
8.089625276625156403e-03
1.101860124617815018e-02
1.035955827683210373e-02
9.200290776789188385e-03
9.435740299522876740e-03
9.823245927691459656e-03
9.428037330508232117e-03
1.080770231783390045e-02
1.033347100019454956e-02
1.041885744780302048e-02
1.318718958646059036e-02
1.194273959845304489e-02
1.035443600267171860e-02
1.104456186294555664e-02
1.227430347353219986e-02
1.016366761177778244e-02
9.839854203164577484e-03
1.191424485296010971e-02
1.278332807123661041e-02
1.153160911053419113e-02
9.938795119524002075e-03
1.030988525599241257e-02
1.027488615363836288e-02
1.023098081350326538e-02
7.736414670944213867e-03
1.040357910096645355e-02
9.956533089280128479e-03
1.062125619500875473e-02
1.115736830979585648e-02
1.013267040252685547e-02
1.128636393696069717e-02
1.038101874291896820e-02
1.111478358507156372e-02
1.043009664863348007e-02
9.410088881850242615e-03
1.036430988460779190e-02
1.134040113538503647e-02
1.262477785348892212e-02
9.908659383654594421e-03
1.300088781863451004e-02
9.620709344744682312e-03
1.248594466596841812e-02
1.247408147901296616e-02
1.222183834761381149e-02
8.812440559267997742e-03
9.082074277102947235e-03
1.045321300625801086e-02
1.171519234776496887e-02
1.104216277599334717e-02
9.223764762282371521e-03
1.052755769342184067e-02
1.259327027946710587e-02
1.093173213303089142e-02
1.241704914718866348e-02
1.334249880164861679e-02
1.052980683743953705e-02
9.383093565702438354e-03
1.093112956732511520e-02
9.919222444295883179e-03
1.046523917466402054e-02
1.145664695650339127e-02
9.735742583870887756e-03
9.916118346154689789e-03
9.837253019213676453e-03
1.271905191242694855e-02
8.802928961813449860e-03
9.272999130189418793e-03
1.244939211755990982e-02
1.170252356678247452e-02
9.788753464818000793e-03
1.359556335955858231e-02
1.243556197732686996e-02
9.562574326992034912e-03
1.006941776722669601e-02
1.019293535500764847e-02
9.067486040294170380e-03
9.691176936030387878e-03
1.076078508049249649e-02
1.032516546547412872e-02
1.266524102538824081e-02
1.195651944726705551e-02
1.083720941096544266e-02
1.049390062689781189e-02
1.084198988974094391e-02
1.074599195271730423e-02
8.533797226846218109e-03
1.009073480963706970e-02
1.202508620917797089e-02
1.098719239234924316e-02
1.197150535881519318e-02
1.240390911698341370e-02
1.168071851134300232e-02
1.187504827976226807e-02
1.108833495527505875e-02
8.421399630606174469e-03
1.201286725699901581e-02
9.727133437991142273e-03
9.939164854586124420e-03
1.109662093222141266e-02
9.116990491747856140e-03
1.126777287572622299e-02
1.641304418444633484e-02
1.034467387944459915e-02
1.120774447917938232e-02
8.680272847414016724e-03
9.679536335170269012e-03
1.052635349333286285e-02
1.391056831926107407e-02
1.152352709323167801e-02
1.058271899819374084e-02
1.077473443001508713e-02
1.549792941659688950e-02
1.236530113965272903e-02
1.288366969674825668e-02
1.144465152174234390e-02
9.229278191924095154e-03
1.051378063857555389e-02
8.950171060860157013e-03
1.759097166359424591e-02
1.014532521367073059e-02
1.060764398425817490e-02
9.312137030065059662e-03
1.000556070357561111e-02
1.025037653744220734e-02
1.048163138329982758e-02
1.627058349549770355e-02
1.005452964454889297e-02
1.011674106121063232e-02
1.040792558342218399e-02
1.156570948660373688e-02
1.045596413314342499e-02
1.214463450014591217e-02
1.054267305880784988e-02
9.030688554048538208e-03
1.161458529531955719e-02
1.223026495426893234e-02
1.348956208676099777e-02
8.976547978818416595e-03
9.716724045574665070e-03
1.479724515229463577e-02
9.663693606853485107e-03
1.036608126014471054e-02
9.949812665581703186e-03
1.051170565187931061e-02
9.600340388715267181e-03
1.033058017492294312e-02
1.238334551453590393e-02
1.208972744643688202e-02
1.357947662472724915e-02
9.602314792573451996e-03
1.325236726552248001e-02
1.172073185443878174e-02
1.109252311289310455e-02
1.353736408054828644e-02
9.713337756693363190e-03
9.474683552980422974e-03
1.008570473641157150e-02
9.740179404616355896e-03
1.019824668765068054e-02
1.101342216134071350e-02
1.318368036299943924e-02
9.389324113726615906e-03
1.193932630121707916e-02
1.073324307799339294e-02
1.061714161187410355e-02
1.179284602403640747e-02
1.126922573894262314e-02
1.142869610339403152e-02
8.577821776270866394e-03
1.140593271702528000e-02
1.201875135302543640e-02
1.223274413496255875e-02
9.882330894470214844e-03
1.020836457610130310e-02
1.103681698441505432e-02
1.042516995221376419e-02
9.020188823342323303e-03
1.047442667186260223e-02
9.657987393438816071e-03
9.997292421758174896e-03
1.037427131086587906e-02
9.758411906659603119e-03
1.296060066670179367e-02
1.409026701003313065e-02
9.610011242330074310e-03
1.044922601431608200e-02
1.013223454356193542e-02
1.016910839825868607e-02
1.012110151350498199e-02
1.210825424641370773e-02
8.971640840172767639e-03
9.472794830799102783e-03
1.018271781504154205e-02
1.209259685128927231e-02
9.713618084788322449e-03
1.202001515775918961e-02
1.168476883322000504e-02
1.136160548776388168e-02
1.085154060274362564e-02
1.039340067654848099e-02
1.173818949609994888e-02
1.249158289283514023e-02
1.098797190934419632e-02
8.887202478945255280e-03
1.023529283702373505e-02
1.073117926716804504e-02
1.134797465056180954e-02
1.075082365423440933e-02
1.230598427355289459e-02
1.175992004573345184e-02
1.248379796743392944e-02
1.045168098062276840e-02
8.209666237235069275e-03
1.438789442181587219e-02
9.850990027189254761e-03
9.381858631968498230e-03
1.178643759340047836e-02
1.255794614553451538e-02
1.026576943695545197e-02
1.131108868867158890e-02
1.116840727627277374e-02
1.091039646416902542e-02
8.362827822566032410e-03
9.718422777950763702e-03
1.150723733007907867e-02
1.035231165587902069e-02
1.136176008731126785e-02
9.449121542274951935e-03
9.511218406260013580e-03
1.167755573987960815e-02
9.916443377733230591e-03
1.113840471953153610e-02
8.977510966360569000e-03
