1.933190375566482544e-01
1.744748502969741821e-01
2.015145421028137207e-01
1.433718949556350708e-01
1.982295215129852295e-01
1.646455079317092896e-01
1.300404667854309082e-01
1.549594700336456299e-01
1.509338468313217163e-01
1.886359900236129761e-01
1.708167642354965210e-01
1.807549744844436646e-01
1.297638863325119019e-01
1.940190941095352173e-01
1.376313418149948120e-01
2.050248533487319946e-01
1.648246496915817261e-01
2.262762039899826050e-01
2.375197261571884155e-01
1.855541467666625977e-01
1.696468442678451538e-01
1.560114920139312744e-01
1.636236459016799927e-01
1.628518402576446533e-01
1.736248880624771118e-01
1.690696775913238525e-01
1.799127012491226196e-01
1.843218505382537842e-01
1.189865618944168091e-01
1.900766491889953613e-01
1.574098318815231323e-01
1.612783074378967285e-01
1.489478200674057007e-01
2.023757547140121460e-01
1.433891654014587402e-01
1.642531603574752808e-01
1.377336829900741577e-01
1.841957420110702515e-01
1.625638306140899658e-01
1.889122873544692993e-01
1.452707350254058838e-01
2.046360671520233154e-01
1.645574122667312622e-01
1.711550652980804443e-01
1.745288670063018799e-01
1.643525660037994385e-01
1.685792505741119385e-01
1.949446350336074829e-01
1.359673291444778442e-01
1.763821095228195190e-01
1.926387846469879150e-01
1.554301083087921143e-01
1.822061240673065186e-01
1.575392335653305054e-01
1.423913836479187012e-01
1.598899215459823608e-01
1.875783652067184448e-01
1.631515324115753174e-01
2.078687697649002075e-01
1.231253296136856079e-01
1.688476204872131348e-01
1.290261447429656982e-01
2.197073698043823242e-01
1.295365244150161743e-01
1.554582864046096802e-01
1.975407749414443970e-01
1.701944470405578613e-01
1.711683571338653564e-01
2.074237018823623657e-01
1.815472841262817383e-01
1.758838444948196411e-01
1.367583423852920532e-01
1.868214756250381470e-01
1.719571053981781006e-01
1.878798007965087891e-01
1.351841241121292114e-01
1.619658917188644409e-01
1.333746761083602905e-01
1.504848450422286987e-01
1.787305325269699097e-01
1.252727955579757690e-01
1.356857866048812866e-01
1.478131115436553955e-01
1.604260206222534180e-01
1.495303511619567871e-01
1.608680337667465210e-01
1.858740448951721191e-01
1.653160005807876587e-01
1.574440151453018188e-01
1.922132670879364014e-01
1.443586796522140503e-01
1.965367645025253296e-01
1.662873476743698120e-01
1.840070039033889771e-01
1.670115590095520020e-01
1.750882714986801147e-01
1.812017112970352173e-01
1.993696838617324829e-01
2.035116851329803467e-01
1.678857356309890747e-01
1.740934699773788452e-01
1.647804826498031616e-01
1.720372438430786133e-01
1.863059252500534058e-01
1.407398730516433716e-01
1.733982115983963013e-01
1.615098267793655396e-01
1.712046712636947632e-01
1.469756066799163818e-01
1.726084053516387939e-01
1.927650719881057739e-01
1.893494129180908203e-01
1.617887616157531738e-01
1.681797653436660767e-01
2.272930145263671875e-01
1.751250326633453369e-01
2.389324307441711426e-01
1.600618213415145874e-01
1.421874165534973145e-01
2.083097845315933228e-01
2.070543020963668823e-01
1.579788178205490112e-01
1.803083717823028564e-01
1.380373984575271606e-01
1.505459696054458618e-01
1.481306403875350952e-01
1.653221249580383301e-01
1.743074059486389160e-01
