2.445743978023529053e-01
2.298442721366882324e-01
1.461160182952880859e-01
3.426008522510528564e-01
2.592661976814270020e-02
1.143659427762031555e-01
2.110176086425781250e-01
4.560602009296417236e-01
1.802732497453689575e-01
1.543148010969161987e-01
3.558202087879180908e-01
2.184617966413497925e-01
2.567808628082275391e-01
1.512324623763561249e-02
4.057825505733489990e-01
2.087419778108596802e-01
9.809461981058120728e-02
3.944176137447357178e-01
1.977386474609375000e-01
2.999967634677886963e-01
2.485643774271011353e-01
2.317825257778167725e-01
-1.018175854738956332e-08
1.382663050719656894e-08
3.116423189640045166e-01
4.893391160294413567e-04
2.627358138561248779e-01
5.919156223535537720e-02
1.900557428598403931e-01
2.005272507667541504e-01
1.634525954723358154e-01
3.063392043113708496e-01
3.580586314201354980e-01
1.892315596342086792e-02
3.078417181968688965e-01
4.366751313209533691e-01
2.749752402305603027e-01
1.615125983953475952e-01
2.989003956317901611e-01
1.245965734124183655e-01
7.089315354824066162e-02
3.348228037357330322e-01
3.493388593196868896e-01
2.882916033267974854e-01
2.796315550804138184e-01
8.141506668835063465e-07
3.659159243106842041e-01
1.673153042793273926e-01
2.224095910787582397e-01
1.929411590099334717e-01
2.933209836483001709e-01
1.481211334466934204e-01
2.036959898532586521e-07
1.679321229457855225e-01
2.218271195888519287e-01
2.744246125221252441e-01
-1.145647093653678894e-02
3.935491144657135010e-01
2.535385489463806152e-01
3.274938166141510010e-01
3.372656106948852539e-01
2.005756646394729614e-01
2.441833764314651489e-01
1.662861108779907227e-01
2.094905582339379180e-08
1.867476850748062134e-01
1.872597634792327881e-01
2.438584417104721069e-01
1.728819161653518677e-01
2.288297116756439209e-01
1.926541626453399658e-01
1.814808712197191198e-07
1.899794936180114746e-01
1.973784565925598145e-01
3.090574443340301514e-01
1.143219545483589172e-01
2.753765555098652840e-03
2.867387831211090088e-01
2.954286634922027588e-01
2.037959098815917969e-01
2.977429032325744629e-01
3.004675507545471191e-01
3.007092773914337158e-01
3.033910843441844918e-06
2.529824972152709961e-01
2.825454771518707275e-01
2.304122895002365112e-01
-2.246408570272251382e-07
9.085131436586380005e-02
9.488820040814971435e-08
2.334217429161071777e-01
2.875623106956481934e-01
2.569358944892883301e-01
1.906476914882659912e-03
1.980318315327167511e-02
1.258090138435363770e-01
2.529706060886383057e-01
1.013777628540992737e-01
1.947049200534820557e-01
2.428314238786697388e-01
2.281181365251541138e-01
3.911162025360681582e-07
4.369356632232666016e-01
2.098231464624404907e-01
3.315767049789428711e-01
3.613516688346862793e-01
1.671226173639297485e-01
2.843145523456769297e-07
2.463924139738082886e-01
3.137386143207550049e-01
2.004190385341644287e-01
1.786736398935317993e-01
2.492674887180328369e-01
2.689273357391357422e-01
2.430128306150436401e-02
3.334347605705261230e-01
2.801752686500549316e-01
1.090986287977102620e-07
3.171974718570709229e-01
3.243650197982788086e-01
1.757970750331878662e-01
2.196551412343978882e-01
2.220625132322311401e-01
3.882114833686500788e-05
2.140250653028488159e-01
3.189781606197357178e-01
2.201955318450927734e-01
2.119071286870166659e-04
2.431787848472595215e-01
3.271245062351226807e-01
3.539153337478637695e-01
1.904544085264205933e-01
2.425924241542816162e-01
5.954248081252444535e-07
2.192643250964465551e-06
2.013599127531051636e-01
2.029182016849517822e-01
1.600887775421142578e-01
3.116269111633300781e-01
3.126928210258483887e-02
1.513579636812210083e-01
3.416711688041687012e-01
2.231990694999694824e-01
1.792801767587661743e-01
3.020586669445037842e-01
3.389585316181182861e-01
3.224429786205291748e-01
3.321395814418792725e-01
3.171246349811553955e-01
2.654516994953155518e-01
3.469483852386474609e-01
1.981338411569595337e-01
1.536826193332672119e-01
2.309453040361404419e-01
1.270884126424789429e-01
2.213112413883209229e-01
7.986111938953399658e-02
1.076256632804870605e-01
3.436025977134704590e-01
2.846986055374145508e-01
3.199900984764099121e-01
3.423503935337066650e-01
2.854273021221160889e-01
2.550047338008880615e-01
8.006525784730911255e-02
2.182168811559677124e-01
1.262456476688385010e-01
3.381310403347015381e-01
3.678650856018066406e-01
2.090231478214263916e-01
7.541847974061965942e-02
3.073535263538360596e-01
4.376545920968055725e-02
9.550757706165313721e-02
-3.782967496590572409e-06
3.134059607982635498e-01
2.374696433544158936e-01
2.942884862422943115e-01
1.765327900648117065e-01
3.387417197227478027e-01
2.261589765548706055e-01
1.984740793704986572e-01
3.547024726867675781e-01
8.145755156874656677e-03
2.066869586706161499e-01
1.062494789039192256e-06
3.687089085578918457e-01
3.635835945606231689e-01
1.988162547349929810e-01
1.687107235193252563e-01
3.971650898456573486e-01
2.431875616312026978e-01
2.273277193307876587e-01
2.519621551036834717e-01
4.869213327765464783e-02
3.421945869922637939e-01
3.501751124858856201e-01
-4.214942082762718201e-02
1.871603429317474365e-01
-7.927846127131488174e-06
2.835428714752197266e-01
3.701675534248352051e-01
1.434108440889758640e-07
3.177377581596374512e-01
7.564512571889281389e-08
1.630934923887252808e-01
1.670680344104766846e-01
2.212934643030166626e-01
2.798686623573303223e-01
2.557280361652374268e-01
2.888432443141937256e-01
2.430919110774993896e-01
8.348560333251953125e-02
2.554119527339935303e-01
6.352629497996531427e-07
3.643768727779388428e-01
2.343957722187042236e-01
2.224273383617401123e-01
3.175174891948699951e-01
3.187552392482757568e-01
2.539767026901245117e-01
1.654317975044250488e-01
6.854679435491561890e-02
1.921253055334091187e-01
1.809681206941604614e-01
2.854602038860321045e-01
2.006326764822006226e-01
1.938996016979217529e-01
2.052413225173950195e-01
1.842022389173507690e-01
2.024694904685020447e-02
2.756420671939849854e-01
1.483604460954666138e-01
3.391917347908020020e-01
1.853375583887100220e-01
2.946569323539733887e-01
2.717438638210296631e-01
2.996763885021209717e-01
1.345055401325225830e-01
1.926386058330535889e-01
1.281512528657913208e-01
1.794208884239196777e-01
3.105426728725433350e-01
3.039385676383972168e-01
3.023109734058380127e-01
2.660090029239654541e-01
7.052130240481346846e-05
1.674462258815765381e-01
2.450078129768371582e-01
1.250227391719818115e-01
3.644102811813354492e-01
2.469898462295532227e-01
3.746020197868347168e-01
1.670666486024856567e-01
3.604085743427276611e-01
1.881056874990463257e-01
