-2.213807217776775360e-02
-3.061693161725997925e-02
-3.808562085032463074e-02
-1.291780918836593628e-02
7.982039824128150940e-03
-2.989675477147102356e-02
-1.764605939388275146e-02
4.263108596205711365e-03
-2.625370398163795471e-02
5.823839921504259109e-03
1.572070643305778503e-02
-3.728428110480308533e-02
-4.433864727616310120e-02
-1.455954182893037796e-02
3.368252515792846680e-02
-1.455961726605892181e-02
3.891033353284001350e-03
2.520261565223336220e-03
-6.910307332873344421e-03
-1.974757947027683258e-02
-2.501356601715087891e-02
-7.786179776303470135e-04
-1.951994199771434069e-04
7.337646558880805969e-03
-6.826339755207300186e-03
-2.328498102724552155e-02
-1.098289713263511658e-02
-6.097610574215650558e-03
-1.593265769770368934e-04
-1.685644267126917839e-03
-1.178203430026769638e-02
-3.357851877808570862e-02
-3.425649181008338928e-02
1.779457554221153259e-02
2.730363747105002403e-03
-1.970431394875049591e-02
-1.636247150599956512e-02
-2.080225013196468353e-02
-1.538672763854265213e-02
-3.093236312270164490e-02
9.917732328176498413e-03
-6.114571820944547653e-03
1.215558592230081558e-02
-1.272438932210206985e-02
-1.483829133212566376e-02
4.275618121027946472e-03
-2.473283372819423676e-02
-2.729808911681175232e-02
2.557152183726429939e-03
-2.265830896794795990e-02
-1.075121667236089706e-02
-1.429907139390707016e-02
-6.082898937165737152e-03
-1.625355705618858337e-02
-1.358112227171659470e-02
-5.397554952651262283e-03
-3.920376673340797424e-02
-3.739244118332862854e-02
-2.519994042813777924e-02
-2.654352225363254547e-02
-3.906875476241111755e-02
-1.771565154194831848e-02
7.947029545903205872e-03
-1.867270283401012421e-02
-5.314423702657222748e-03
-2.970477193593978882e-02
-3.304987773299217224e-02
-2.393064089119434357e-02
2.813064958900213242e-03
-2.674687653779983521e-02
-2.144946018233895302e-03
-4.862910602241754532e-03
-1.835354417562484741e-02
-9.366828948259353638e-03
-3.593675047159194946e-02
9.961041621863842010e-03
-6.454096641391515732e-03
-3.925928380340337753e-03
-1.367243193089962006e-02
2.026435919106006622e-03
4.532274324446916580e-03
7.479067426174879074e-03
-1.263928972184658051e-02
-6.687704473733901978e-03
3.495844313874840736e-03
-3.501641005277633667e-02
-1.102218963205814362e-02
-2.684251591563224792e-02
-1.225684303790330887e-02
6.306568160653114319e-03
-3.117033513262867928e-03
9.039150550961494446e-03
-2.966773230582475662e-03
1.308456528931856155e-03
-1.976531371474266052e-02
-3.873738273978233337e-02
-1.441614795476198196e-02
3.795532975345849991e-03
-2.074455469846725464e-02
-5.038774758577346802e-02
3.662632312625646591e-03
-5.131829530000686646e-02
-2.000053785741329193e-02
-1.466018985956907272e-02
-2.086452580988407135e-02
-2.199422195553779602e-02
-1.691001281142234802e-02
-2.399306185543537140e-02
-4.474105313420295715e-02
-1.214344520121812820e-02
-1.681881025433540344e-02
1.709958724677562714e-02
-2.032831683754920959e-02
-9.228498674929141998e-03
9.191854042001068592e-04
-4.515276849269866943e-02
-4.406698048114776611e-02
-7.358341943472623825e-03
-2.098949253559112549e-02
-1.039256621152162552e-02
-3.967418894171714783e-02
5.167212337255477905e-03
1.528805587440729141e-02
3.296318929642438889e-03
-1.273779105395078659e-02
-2.598496852442622185e-03
-1.540079899132251740e-02
-2.817321382462978363e-02
3.442302346229553223e-03
-2.673290856182575226e-02
-1.705842651426792145e-02
-3.523714095354080200e-02
-6.524860393255949020e-03
-1.961001195013523102e-02
-2.103043254464864731e-03
-2.001605182886123657e-02
9.266996639780700207e-04
-5.127535201609134674e-03
-1.284578721970319748e-02
1.281667686998844147e-02
-2.992300502955913544e-02
-2.175123989582061768e-02
3.481611143797636032e-03
-6.354817748069763184e-02
5.706588178873062134e-02
-1.752882264554500580e-02
-9.184871800243854523e-03
1.055315124176559038e-06
9.089561179280281067e-03
-1.641868427395820618e-02
-8.488583378493785858e-03
-4.183482844382524490e-03
-1.047269720584154129e-02
1.840171962976455688e-02
-2.774491533637046814e-02
-1.674340851604938507e-02
-1.674324832856655121e-02
6.453231908380985260e-03
-2.530251862481236458e-03
-9.160165791399776936e-04
3.448178758844733238e-03
-1.048846635967493057e-02
-2.576009742915630341e-02
-1.110533485189080238e-03
-4.407186352182179689e-04
-3.674100339412689209e-02
-2.898944355547428131e-02
-1.873920112848281860e-02
3.440364077687263489e-02
-2.299087867140769958e-02
-1.789251901209354401e-02
-3.385814279317855835e-02
-2.393659949302673340e-02
6.700786296278238297e-03
-2.249089814722537994e-02
-1.431316789239645004e-02
-1.012268196791410446e-02
-2.911093644797801971e-02
-1.396482251584529877e-02
-1.200536545366048813e-02
-1.329302135854959488e-02
-7.540230173617601395e-03
-9.855918586254119873e-03
1.413445826619863510e-02
-6.706476677209138870e-03
2.752433298155665398e-03
-4.699306562542915344e-03
-1.969083771109580994e-02
-3.332863003015518188e-02
-3.377858921885490417e-02
-2.264071814715862274e-02
2.510138088837265968e-03
1.305164955556392670e-02
-3.775425488129258156e-03
-1.759840734302997589e-02
-3.603715077042579651e-02
-3.081532195210456848e-02
-3.414667211472988129e-03
5.698134656995534897e-03
-4.337018728256225586e-02
-8.814739994704723358e-03
4.606885835528373718e-02
-2.813153900206089020e-02
1.174880098551511765e-02
-2.061779232462868094e-04
-1.962256990373134613e-02
-2.851261058822274208e-03
7.364807242993265390e-05
-1.663252525031566620e-02
-2.691521681845188141e-02
-1.198313292115926743e-02
-2.667574398219585419e-02
-2.634909749031066895e-02
-5.316934734582901001e-02
-1.077312859706580639e-03
-9.640194475650787354e-03
-2.553642168641090393e-02
-1.716111786663532257e-02
-2.817264012992382050e-02
-2.999226376414299011e-02
-3.227576380595564842e-03
1.613073796033859253e-02
2.615878183860331774e-04
1.610533101484179497e-03
7.028724532574415207e-03
-1.444500405341386795e-02
1.530452049337327480e-03
-2.735165506601333618e-02
-2.394153038039803505e-03
-2.024601912125945091e-03
4.020419903099536896e-03
-8.399682119488716125e-03
-2.872769534587860107e-02
-1.837522722780704498e-02
-1.660504378378391266e-02
-2.883572131395339966e-02
-2.983165532350540161e-02
-1.521527301520109177e-02
-1.217544637620449066e-02
-3.379463776946067810e-02
2.204150147736072540e-02
-2.181860059499740601e-02
-1.758100843289867043e-04
-1.217129919677972794e-02
-1.002263929694890976e-02
-1.804288849234580994e-02
-1.562394294887781143e-02
-3.479605913162231445e-02
9.943137411028146744e-04
-2.059948816895484924e-02
-5.605648737400770187e-03
3.303557867184281349e-03
-3.096879273653030396e-02
-1.415752340108156204e-03
-1.177212130278348923e-02
2.058552019298076630e-02
-1.560332719236612320e-02
-2.184196934103965759e-02
-4.635559022426605225e-02
-9.311474859714508057e-03
-2.344833919778466225e-03
5.298890173435211182e-03
6.011308636516332626e-03
-3.095279820263385773e-02
-1.810212433338165283e-02
9.521995089016854763e-04
-2.537956088781356812e-02
-4.675193689763545990e-03
-9.853506460785865784e-03
1.194921135902404785e-02
-4.690778627991676331e-02
3.525853622704744339e-03
-4.189728945493698120e-02
-1.650257036089897156e-02
-7.278232835233211517e-03
-3.488673269748687744e-02
1.017342437990009785e-03
-3.836690634489059448e-02
5.472871474921703339e-03
-1.553936745040118694e-03
-3.310731053352355957e-02
-2.064393274486064911e-02
1.480066101066768169e-03
2.374331932514905930e-03
-7.844414561986923218e-03
-5.302919074892997742e-03
1.393841765820980072e-02
-6.385239306837320328e-03
-1.040468458086252213e-02
-2.618824876844882965e-02
-3.272802010178565979e-02
2.844645176082849503e-03
-1.745679881423711777e-03
-3.655842691659927368e-02
-6.958160083740949631e-03
1.401571650058031082e-02
-1.359832938760519028e-02
1.793437823653221130e-02
2.123903855681419373e-02
-1.821804232895374298e-02
-1.576072163879871368e-02
5.691365152597427368e-02
-1.176109630614519119e-02
4.733596928417682648e-03
-5.744868423789739609e-03
-5.045415833592414856e-02
8.245139382779598236e-03
-2.684380486607551575e-02
5.171394441276788712e-03
-1.482720486819744110e-02
1.404603477567434311e-02
-3.560147807002067566e-02
-7.303843274712562561e-03
-2.947600558400154114e-02
-2.259871922433376312e-02
-1.801565475761890411e-02
2.572852559387683868e-02
-1.808309368789196014e-02
-1.782388612627983093e-02
-4.196958243846893311e-02
-2.118237316608428955e-02
-2.545445226132869720e-02
-5.393187049776315689e-03
1.437295135110616684e-02
-1.692660711705684662e-02
-4.197221249341964722e-02
-1.012460142374038696e-02
2.097527729347348213e-03
1.566996332257986069e-03
-1.363838743418455124e-02
-6.683413404971361160e-03
6.332894321531057358e-03
4.861152265220880508e-03
-1.759023591876029968e-02
-2.090751007199287415e-02
2.834529150277376175e-04
-3.359417198225855827e-03
-2.590768598020076752e-02
4.049221053719520569e-03
1.129191834479570389e-02
-1.627082750201225281e-02
5.973213352262973785e-03
-4.410577937960624695e-03
-2.667268738150596619e-02
-3.434608457610011101e-03
1.233194675296545029e-02
1.022194325923919678e-02
2.185719320550560951e-03
-1.328100450336933136e-02
-3.307762369513511658e-02
-2.376473136246204376e-02
-1.619246788322925568e-02
-1.694446243345737457e-02
-1.913047023117542267e-02
-2.889912202954292297e-02
-5.501232296228408813e-02
-2.696785703301429749e-02
2.166880108416080475e-02
-6.384085863828659058e-02
-2.166829816997051239e-02
6.198944989591836929e-03
1.289773453027009964e-02
-1.452602259814739227e-02
-2.137311734259128571e-02
-2.418412268161773682e-02
-6.258366047404706478e-04
1.411327533423900604e-02
-1.723499968647956848e-02
-4.728254675865173340e-02
-5.004446487873792648e-03
-2.475803485140204430e-03
-3.430131450295448303e-02
-3.519736230373382568e-02
4.976547788828611374e-03
-9.929257445037364960e-03
7.740559522062540054e-04
-1.171710621565580368e-02
-2.456328459084033966e-02
-5.826996173709630966e-03
-1.863443851470947266e-02
2.396092051640152931e-03
-3.407714888453483582e-02
-2.813158370554447174e-02
-8.142878301441669464e-03
-6.243928149342536926e-02
-1.939722336828708649e-02
-1.091247424483299255e-02
-4.460430890321731567e-02
1.774642616510391235e-02
-3.977397456765174866e-02
-8.664425462484359741e-03
-3.192324936389923096e-02
-1.103623956441879272e-02
-1.030514109879732132e-02
-4.675449058413505554e-02
-1.377126853913068771e-02
-1.591210812330245972e-02
-1.034557912498712540e-02
-4.479991644620895386e-02
-2.692656591534614563e-02
-2.952566742897033691e-02
8.227408863604068756e-03
-3.062383038923144341e-03
3.177908249199390411e-03
-2.361351810395717621e-02
8.324290625751018524e-03
1.296988688409328461e-03
-1.668584719300270081e-02
-2.719636773690581322e-03
-2.368939109146595001e-02
-2.031902596354484558e-02
-1.785691711120307446e-03
-2.519381698220968246e-03
-3.231062367558479309e-02
-8.123666979372501373e-03
-9.692276362329721451e-04
-3.679151087999343872e-02
-1.865258999168872833e-02
-3.770102187991142273e-02
-1.659826003015041351e-02
-3.656519204378128052e-02
-1.996414363384246826e-02
-3.603516146540641785e-02
-2.475701458752155304e-02
-2.715546637773513794e-02
-2.281222259625792503e-03
-2.175034955143928528e-02
-4.295589774847030640e-02
5.394282750785350800e-03
-3.427693247795104980e-02
-7.429283112287521362e-03
3.180604055523872375e-02
1.456906180828809738e-02
-1.968155615031719208e-02
-2.773207239806652069e-02
-1.018237695097923279e-02
-3.239835798740386963e-02
-1.331997662782669067e-02
-1.286092773079872131e-02
-3.711771219968795776e-02
-9.821456857025623322e-03
-1.969587989151477814e-02
1.312923617660999298e-03
-2.348827198147773743e-02
-1.488951966166496277e-02
2.684235107153654099e-03
3.206670051440596581e-03
-1.183731853961944580e-02
4.716370254755020142e-03
-1.380503643304109573e-02
-1.033592130988836288e-02
3.364591300487518311e-02
-3.745359927415847778e-02
2.130460739135742188e-02
2.342138439416885376e-03
-9.203816764056682587e-03
-5.025020241737365723e-02
-2.720081061124801636e-02
1.887965761125087738e-02
-3.515268117189407349e-02
-2.442949824035167694e-02
1.780574582517147064e-02
-4.554180428385734558e-02
1.183697301894426346e-02
6.393063813447952271e-03
-4.303175583481788635e-02
-1.754376664757728577e-02
1.046573379426263273e-04
-7.598840631544589996e-03
2.305802330374717712e-02
-3.826322034001350403e-03
-4.868812486529350281e-02
-4.387395456433296204e-03
-2.424480952322483063e-02
4.724984464701265097e-04
2.471553906798362732e-02
2.884694375097751617e-02
-1.006492041051387787e-02
-4.429390188306570053e-03
-1.671729795634746552e-02
3.662097500637173653e-03
-3.015714511275291443e-02
-5.291670560836791992e-02
-3.132393583655357361e-02
-2.781828679144382477e-02
-4.757142439484596252e-02
-1.489592483267188072e-03
-9.521644562482833862e-03
-4.101588577032089233e-02
-2.763232402503490448e-02
-1.165623310953378677e-02
-2.106157317757606506e-02
4.530852194875478745e-03
-1.462430134415626526e-02
-4.857700841967016459e-04
-3.042497672140598297e-02
-1.026165019720792770e-02
-5.535905715078115463e-03
-9.920894168317317963e-03
2.812053775414824486e-03
1.130841323174536228e-03
-1.898704282939434052e-02
-1.044389232993125916e-02
5.078971735201776028e-04
1.451938599348068237e-02
1.534664817154407501e-02
-1.701334677636623383e-02
-7.342347409576177597e-03
-3.085857816040515900e-02
-2.967355214059352875e-02
-1.382817979902029037e-03
-1.003093086183071136e-03
-3.639184311032295227e-02
-3.178666159510612488e-02
3.899252973496913910e-03
-1.050013396888971329e-02
9.162164293229579926e-03
-1.111465785652399063e-02
-3.277288377285003662e-02
-1.635523699223995209e-02
1.778712123632431030e-02
2.549482323229312897e-02
-2.145071327686309814e-02
5.557254422456026077e-03
-1.747663505375385284e-02
4.550814628601074219e-03
-1.662053726613521576e-02
-2.275691553950309753e-02
-1.231879182159900665e-02
-2.951181866228580475e-02
-2.436687238514423370e-02
4.055270925164222717e-03
1.347018498927354813e-02
-3.902395814657211304e-02
-2.290673553943634033e-03
8.130683563649654388e-03
-5.224739201366901398e-03
-3.732747212052345276e-02
-8.010050281882286072e-03
-1.766247116029262543e-02
-3.543362021446228027e-02
-1.609092950820922852e-02
-1.180148031562566757e-02
-3.100059553980827332e-02
-1.547207357361912727e-04
-2.697348035871982574e-02
-9.386627934873104095e-03
-9.426253964193165302e-04
-3.621744737029075623e-02
-9.030988439917564392e-03
-2.557514980435371399e-02
-1.259896904230117798e-02
-3.061264194548130035e-02
-1.219876925460994244e-03
-3.625716641545295715e-02
-1.144522149115800858e-02
8.844300173223018646e-03
-5.476188845932483673e-03
1.993912272155284882e-02
-3.481275215744972229e-02
-4.818633664399385452e-03
-3.834528848528862000e-02
-1.150449365377426147e-02
-6.020326167345046997e-03
-8.851486258208751678e-03
-1.031273137778043747e-02
1.185690332204103470e-02
6.986402440816164017e-03
1.648157252930104733e-03
-1.188653521239757538e-03
1.586333150044083595e-03
9.642798104323446751e-04
3.550001420080661774e-03
3.377783286850899458e-04
-2.188184671103954315e-02
-1.215829048305749893e-02
-7.782490924000740051e-03
-2.516932040452957153e-02
-1.772556267678737640e-02
-4.142287373542785645e-02
-1.696827262639999390e-02
-2.004968002438545227e-02
-3.074919432401657104e-02
-1.612504012882709503e-02
-9.531085379421710968e-03
-2.645734325051307678e-02
-2.277213893830776215e-02
-4.010287299752235413e-02
-1.461602840572595596e-02
2.290567616000771523e-03
-1.593596651218831539e-03
-5.642142612487077713e-03
-2.657003514468669891e-02
-1.601092889904975891e-02
-7.185029331594705582e-03
-2.397422119975090027e-02
1.656548556638881564e-05
-1.108828280121088028e-02
-4.097848385572433472e-02
-2.829704247415065765e-02
-2.388010360300540924e-02
-5.066730082035064697e-04
-1.030633971095085144e-02
3.232598828617483377e-04
-5.447463598102331161e-03
-8.862491697072982788e-03
-1.775555312633514404e-02
-4.847851023077964783e-02
-2.847493812441825867e-02
4.041327536106109619e-02
-1.307359151542186737e-02
-4.334852099418640137e-03
-2.576848678290843964e-02
-1.020488236099481583e-02
4.974805284291505814e-03
-2.754911594092845917e-02
-1.904636807739734650e-02
-1.304932963103055954e-02
-1.282363012433052063e-02
-1.059301476925611496e-02
-1.664685457944869995e-02
-4.415376856923103333e-02
-3.401698544621467590e-02
2.941412618383765221e-03
-1.161147560924291611e-02
-1.882965490221977234e-02
9.224588982760906219e-03
-5.379018560051918030e-02
-2.031066082417964935e-02
-2.266694977879524231e-02
2.356083132326602936e-03
2.585921622812747955e-02
-2.855660393834114075e-02
-3.311130031943321228e-02
-1.116739585995674133e-02
-1.291929278522729874e-03
-1.474107708781957626e-02
-8.074691519141197205e-03
-4.971100948750972748e-03
-7.493636757135391235e-02
-7.289722561836242676e-02
-8.593335747718811035e-03
-9.484563022851943970e-03
-2.871610922738909721e-03
-1.866734959185123444e-02
-1.238770782947540283e-02
-3.375753387808799744e-02
-3.607598692178726196e-02
-7.665853016078472137e-03
-1.649555377662181854e-02
-2.835820615291595459e-02
-3.000941500067710876e-02
-4.533251747488975525e-02
-2.959601022303104401e-02
-3.344418480992317200e-02
-1.273287925869226456e-02
9.318138472735881805e-04
4.291810095310211182e-03
-3.170395642518997192e-02
-5.447239056229591370e-02
-1.060487888753414154e-02
-3.711970988661050797e-03
-1.051018200814723969e-02
-2.532272972166538239e-02
-2.928526373580098152e-03
-1.197560038417577744e-02
1.506705582141876221e-02
-2.705259993672370911e-02
-3.895144909620285034e-02
-1.446333061903715134e-02
3.275925060734152794e-03
-1.295241806656122208e-02
-1.524301338940858841e-02
4.900686442852020264e-03
-2.093925513327121735e-02
-1.258647255599498749e-02
-2.340223267674446106e-02
-8.289863355457782745e-03
2.878526458516716957e-03
-4.933866672217845917e-03
-1.820390112698078156e-02
5.555734783411026001e-02
-2.480423264205455780e-02
-2.655902691185474396e-02
-2.314729802310466766e-02
-2.489823382347822189e-03
-4.643445834517478943e-03
-3.308424353599548340e-02
-5.374469794332981110e-03
8.898244239389896393e-03
-2.638746052980422974e-03
-3.829221008345484734e-03
-2.930504642426967621e-02
-2.344732359051704407e-02
-1.188139058649539948e-02
-2.897064574062824249e-02
-5.039973650127649307e-03
-2.569194696843624115e-02
-1.154954358935356140e-02
-1.392386388033628464e-02
-2.293854579329490662e-02
1.469636801630258560e-03
-3.984205424785614014e-02
-1.492694113403558731e-02
-2.619656920433044434e-02
-4.546091426163911819e-03
-2.936788601800799370e-03
-4.032455012202262878e-02
-9.001934900879859924e-03
-2.698969841003417969e-02
-1.225144974887371063e-02
-2.016686275601387024e-02
1.317712129093706608e-03
-2.235535718500614166e-02
-2.490249834954738617e-02
1.935284212231636047e-02
-2.409890294075012207e-03
3.767891088500618935e-03
-4.853299632668495178e-02
-1.511313137598335743e-03
-4.525011777877807617e-02
-2.759499289095401764e-02
-1.144992280751466751e-02
-9.600413963198661804e-03
-1.994018070399761200e-02
4.698405507951974869e-03
-2.350821346044540405e-02
-2.017183415591716766e-02
-4.584420472383499146e-02
-2.712694555521011353e-02
-2.352803386747837067e-02
-1.067455951124429703e-02
-6.624909583479166031e-03
-2.788393013179302216e-02
-3.922011703252792358e-03
1.912502758204936981e-02
-1.536331791430711746e-02
-1.485928520560264587e-02
-2.742732875049114227e-02
-2.104117162525653839e-02
-1.862701401114463806e-02
1.606077328324317932e-02
-8.484251797199249268e-03
-1.111777219921350479e-02
-6.968458183109760284e-03
-1.845218427479267120e-02
-1.708706654608249664e-02
-2.321630902588367462e-02
-2.002058550715446472e-02
-8.837984059937298298e-04
-6.065580993890762329e-03
-7.114347536116838455e-03
-6.217730231583118439e-03
-7.149339653551578522e-03
-2.858131378889083862e-02
-1.258111209608614445e-03
4.047807015012949705e-04
-3.849777579307556152e-02
-1.622896082699298859e-02
-1.907371357083320618e-02
-1.584837771952152252e-02
-1.451631356030702591e-02
-1.267565879970788956e-02
1.333917211741209030e-02
-1.700060814619064331e-02
-8.256793953478336334e-03
-1.509745419025421143e-02
-1.744903251528739929e-02
-2.806436270475387573e-02
-2.223031362518668175e-03
-4.879010841250419617e-02
-1.404667831957340240e-02
4.943546955473721027e-04
-1.668970659375190735e-02
-2.125019580125808716e-02
-3.023135475814342499e-02
-6.019579246640205383e-03
-1.730660907924175262e-02
-2.109917253255844116e-02
-5.621141195297241211e-02
-2.073959447443485260e-02
-9.854155592620372772e-03
-6.998201832175254822e-03
8.810590952634811401e-04
-1.973516494035720825e-02
6.672817748039960861e-03
1.771787367761135101e-02
-6.664711982011795044e-03
-1.320896483957767487e-02
-7.879532873630523682e-03
-1.287111360579729080e-02
-1.618573069572448730e-02
1.917608082294464111e-02
-1.618731021881103516e-02
-2.372445911169052124e-02
2.806622069329023361e-03
-1.840322650969028473e-02
-1.399115938693284988e-02
-2.636664547026157379e-02
-2.065214328467845917e-02
-2.508675679564476013e-03
-3.048082580789923668e-03
2.633168827742338181e-03
-1.352770440280437469e-02
-3.579498082399368286e-02
3.183578327298164368e-02
9.126698132604360580e-04
3.743569133803248405e-03
-1.626245118677616119e-02
3.960375208407640457e-03
-4.567084833979606628e-02
1.909244060516357422e-02
5.660217255353927612e-03
-1.846172474324703217e-02
-1.402629073709249496e-02
7.290574163198471069e-02
1.245760126039385796e-03
8.289758116006851196e-03
-5.045439582318067551e-03
-1.550398580729961395e-02
-1.272269804030656815e-02
-1.216034684330224991e-02
8.340369910001754761e-03
1.748645491898059845e-02
-1.704914867877960205e-02
-7.517078192904591560e-04
-1.511370390653610229e-02
-2.960802055895328522e-02
3.833269700407981873e-02
-4.066818952560424805e-02
8.516648667864501476e-04
-1.530012208968400955e-02
5.014642956666648388e-04
-1.849883235991001129e-02
1.546403509564697742e-04
1.558040850795805454e-03
-1.942042447626590729e-02
-2.174750715494155884e-02
-2.162850229069590569e-03
-1.624275743961334229e-02
-1.477390341460704803e-02
3.955408930778503418e-03
-1.559577602893114090e-02
1.273651793599128723e-02
-1.149684283882379532e-02
2.688042633235454559e-02
-1.254558842629194260e-02
-3.143860772252082825e-02
1.744925975799560547e-03
-3.062340989708900452e-02
-2.051290683448314667e-02
-1.410282216966152191e-02
-1.326897926628589630e-02
-1.365700550377368927e-02
9.604132734239101410e-03
5.420784931629896164e-03
6.988130509853363037e-03
-3.217883780598640442e-02
2.274926751852035522e-02
1.775057986378669739e-03
-7.183073554188013077e-03
-3.850245103240013123e-02
-1.773492246866226196e-02
-1.686308160424232483e-02
1.834856229834258556e-04
-8.986755274236202240e-03
-1.912401407025754452e-03
-1.971767470240592957e-02
-1.915714144706726074e-02
-4.409331083297729492e-02
-3.929365891963243484e-03
-2.390585467219352722e-02
-4.176850430667400360e-03
6.804217584431171417e-03
-8.851449936628341675e-03
-2.260365337133407593e-02
1.442974316887557507e-04
-5.789116024971008301e-03
-9.487944655120372772e-03
-2.942826040089130402e-02
-1.384195405989885330e-03
2.979047596454620361e-03
-1.677094027400016785e-02
2.344083786010742188e-02
1.033671293407678604e-02
-1.399345509707927704e-02
1.208377885632216930e-03
6.891155149787664413e-03
-5.040337890386581421e-02
7.123803370632231236e-04
-2.530803345143795013e-02
-3.783955425024032593e-02
-1.285117864608764648e-02
-1.982828602194786072e-02
-2.165580168366432190e-02
-1.074544619768857956e-02
-1.441945973783731461e-02
-4.959416389465332031e-02
-2.344695851206779480e-02
-1.477302517741918564e-02
1.042743586003780365e-02
-2.664175070822238922e-02
5.595351103693246841e-03
-2.750087343156337738e-02
-1.978167705237865448e-02
-8.304088376462459564e-03
-2.880654670298099518e-02
-4.159276932477951050e-02
-1.549677457660436630e-02
-2.549254335463047028e-02
-4.314869642257690430e-02
-3.769566863775253296e-02
-1.213518343865871429e-02
-5.318063776940107346e-03
-3.418814018368721008e-02
9.731805766932666302e-04
-2.498748339712619781e-02
-2.349043823778629303e-02
-1.863455772399902344e-02
3.272827249020338058e-03
-2.712610177695751190e-02
-1.884626597166061401e-02
-2.054362744092941284e-02
1.047998899593949318e-03
-1.689600571990013123e-02
-1.062551606446504593e-02
2.617608697619289160e-04
-2.304726094007492065e-02
1.607854384928941727e-03
-5.673065781593322754e-02
-4.543802887201309204e-02
9.782072156667709351e-03
-3.465864807367324829e-02
-2.450433187186717987e-02
5.121210706420242786e-04
-2.744902297854423523e-02
-3.272750414907932281e-03
-3.559892252087593079e-02
-1.448308676481246948e-02
-2.528671361505985260e-02
-3.362715989351272583e-02
-1.269242353737354279e-02
-1.577657274901866913e-02
-2.744590863585472107e-02
-1.569049991667270660e-02
-1.725421473383903503e-02
-2.912387624382972717e-02
-4.028962925076484680e-03
1.625207439064979553e-02
-1.293142046779394150e-02
-2.186922356486320496e-02
-3.404039517045021057e-02
-1.949891075491905212e-02
-1.135823223739862442e-02
-1.417685486376285553e-02
-1.003484427928924561e-02
-1.104086264967918396e-02
-2.177257649600505829e-02
2.726343460381031036e-02
-4.092313814908266068e-03
-1.008138339966535568e-02
5.378564819693565369e-03
1.946781994774937630e-04
6.501486990600824356e-03
-1.095656072720885277e-03
-3.178216889500617981e-02
-5.617383401840925217e-03
-3.222561627626419067e-02
-2.873431518673896790e-02
-3.021133691072463989e-02
-4.642383009195327759e-02
-2.433903887867927551e-02
2.002384327352046967e-02
-1.014552637934684753e-02
1.476101228035986423e-03
7.898124866187572479e-03
-2.754966169595718384e-02
-7.887890562415122986e-03
-2.275320701301097870e-02
-2.424575015902519226e-02
3.288992913439869881e-03
-4.733725637197494507e-02
-4.930700742988847196e-05
-3.135593608021736145e-02
-2.856662683188915253e-02
-2.929499559104442596e-02
-3.109801188111305237e-02
-3.506561741232872009e-02
-4.615902900695800781e-03
-3.178159892559051514e-02
-6.204950623214244843e-03
-2.317569963634014130e-02
-7.637629285454750061e-03
-1.293837651610374451e-02
-3.465112298727035522e-02
-1.074981968849897385e-02
-3.662326559424400330e-02
-2.943512052297592163e-02
-1.193908788263797760e-02
-3.952392190694808960e-02
-1.545945764519274235e-03
-1.692902855575084686e-02
-3.094402141869068146e-02
-2.161092497408390045e-02
-8.886531926691532135e-03
-2.325587719678878784e-02
-7.021663337945938110e-02
-5.600973963737487793e-02
2.468225779011845589e-03
-1.462784316390752792e-02
1.845343224704265594e-02
1.045767776668071747e-02
-7.638929877430200577e-03
-1.207032334059476852e-02
-1.029070746153593063e-02
6.375071126967668533e-03
-1.686929538846015930e-02
2.706572180613875389e-03
-4.385807737708091736e-02
-1.573294587433338165e-02
-3.359828377142548561e-03
-1.892506889998912811e-02
-2.076267264783382416e-03
7.457947358489036560e-03
