-2.628024518489837646e-01
-4.151815548539161682e-02
-1.578574478626251221e-01
-4.776687920093536377e-02
-6.802853196859359741e-02
-1.615332067012786865e-02
-9.065598249435424805e-02
-9.255394339561462402e-02
-7.609487324953079224e-02
-1.510506421327590942e-01
-1.117035150527954102e-01
-1.137038543820381165e-01
-5.615317821502685547e-02
-4.182191193103790283e-02
-7.409145683050155640e-02
-1.072752550244331360e-01
1.010788604617118835e-02
-8.702491968870162964e-02
-4.556305333971977234e-02
-2.470227889716625214e-02
-5.653202533721923828e-03
2.093589492142200470e-02
-1.499962508678436279e-01
-9.352008253335952759e-02
-1.266547292470932007e-01
-4.720624908804893494e-02
-1.340259015560150146e-01
-6.053642928600311279e-02
-7.530464977025985718e-02
3.692573308944702148e-02
-1.744741797447204590e-01
1.300827600061893463e-02
-8.185733109712600708e-02
-5.499091744422912598e-02
-1.080487817525863647e-01
-7.746724039316177368e-02
-2.817948907613754272e-02
-4.332295805215835571e-02
-1.400106400251388550e-02
-7.504115998744964600e-02
-2.924590930342674255e-02
6.759408861398696899e-02
-3.112903982400894165e-02
-1.474516838788986206e-01
-7.994707673788070679e-02
-5.889709666371345520e-02
-1.158456057310104370e-01
-5.333660915493965149e-02
-1.455627679824829102e-01
-5.735468119382858276e-02
-3.712971508502960205e-02
-6.245385110378265381e-02
-8.425198495388031006e-02
-7.170895487070083618e-02
-6.166490539908409119e-02
-5.717866867780685425e-02
-5.453649163246154785e-02
-1.244501397013664246e-01
-7.047703862190246582e-02
-1.528968960046768188e-01
-4.252700507640838623e-02
-7.948943972587585449e-02
1.253231428563594818e-02
-3.520952910184860229e-02
-1.122344881296157837e-01
-4.358154535293579102e-02
-2.358859032392501831e-01
-2.723526395857334137e-02
-2.274426370859146118e-01
-5.488821864128112793e-02
-3.617258742451667786e-02
-1.833249069750308990e-02
-3.167362511157989502e-02
1.377856638282537460e-02
1.821623146533966064e-01
-5.368930101394653320e-02
-5.046142637729644775e-02
-5.196699500083923340e-02
-6.481747329235076904e-02
-4.306248202919960022e-02
1.554187666624784470e-02
3.935473971068859100e-03
1.624383218586444855e-02
-7.072182744741439819e-02
-1.830568537116050720e-02
-1.237423941493034363e-01
-1.552885174751281738e-01
-1.044032499194145203e-01
-2.051337957382202148e-01
-1.378530859947204590e-01
-1.270591318607330322e-01
-1.493555903434753418e-01
-1.675913035869598389e-01
-1.148029640316963196e-01
-1.626619547605514526e-01
-3.911165148019790649e-02
1.106060459278523922e-03
-8.652501553297042847e-02
-1.111547797918319702e-01
-1.610495448112487793e-01
5.624424666166305542e-02
-5.661082267761230469e-02
-8.613338693976402283e-03
-4.546698555350303650e-02
-6.793439388275146484e-02
-1.919948458671569824e-01
3.503202646970748901e-02
-1.286228299140930176e-01
-6.577415764331817627e-02
-1.084903702139854431e-01
8.640653640031814575e-02
-1.969174481928348541e-02
-1.049894690513610840e-01
-7.785612251609563828e-03
-1.594998687505722046e-01
-9.996541589498519897e-02
-8.156405389308929443e-02
-3.771660849452018738e-03
-5.330447107553482056e-02
-5.550282821059226990e-02
-3.022705204784870148e-02
-7.827351242303848267e-02
-6.609786301851272583e-02
-3.119860403239727020e-02
-5.051010753959417343e-03
-2.787330374121665955e-02
1.279773414134979248e-01
-4.027521237730979919e-03
-2.070278860628604889e-02
-1.417802721261978149e-01
-8.804783970117568970e-02
-8.282001316547393799e-02
-1.079184710979461670e-01
-1.059705317020416260e-01
-1.516354978084564209e-01
-8.520055562257766724e-02
-8.886043727397918701e-02
2.098223194479942322e-02
-1.224608495831489563e-01
-1.566404998302459717e-01
-1.219689100980758667e-01
6.513356417417526245e-02
3.038591472432017326e-03
-6.802523881196975708e-02
-5.188217386603355408e-02
-2.153111808001995087e-02
-8.011355251073837280e-02
-4.392471536993980408e-02
-6.180427037179470062e-03
-2.387755364179611206e-02
-6.825516372919082642e-02
-7.681732624769210815e-02
-9.408152848482131958e-02
2.262863330543041229e-02
-2.067019045352935791e-02
-1.444031950086355209e-02
-5.570134520530700684e-02
8.174843341112136841e-02
-8.100941777229309082e-03
-2.107300423085689545e-02
1.991934329271316528e-02
-1.646742690354585648e-03
-1.317102164030075073e-01
-2.297337166965007782e-02
-7.368462532758712769e-02
-1.994808614253997803e-01
-9.805899113416671753e-03
-3.557173907756805420e-02
-3.437103331089019775e-02
-5.245069414377212524e-02
-8.771574497222900391e-02
9.516714140772819519e-03
-7.714542001485824585e-02
-8.282520622014999390e-02
-7.313813269138336182e-02
-2.461842261254787445e-02
-9.371505677700042725e-02
-1.358779817819595337e-01
-2.663669548928737640e-02
-1.219780370593070984e-01
-3.372598066926002502e-02
-2.456623502075672150e-02
-8.837903290987014771e-02
-4.596034437417984009e-02
-1.136310547590255737e-01
-8.230729401111602783e-02
-5.608255788683891296e-02
-7.785478234291076660e-02
-8.905529975891113281e-02
4.574790969491004944e-02
-1.082931607961654663e-01
-6.607018411159515381e-02
-1.202273294329643250e-01
-2.104611881077289581e-02
2.298194449394941330e-03
6.541252881288528442e-02
-1.598318815231323242e-01
-7.463036477565765381e-02
2.996270358562469482e-02
-2.589567191898822784e-02
-4.240015521645545959e-02
4.681894928216934204e-02
-5.724058672785758972e-02
-3.055131435394287109e-02
-4.063654318451881409e-02
-1.519970595836639404e-01
-1.524475775659084320e-02
9.297829121351242065e-03
-1.774138361215591431e-01
-2.365465462207794189e-02
-1.359597891569137573e-01
1.279056258499622345e-02
-7.625924795866012573e-02
-3.774181008338928223e-02
-9.093132615089416504e-02
-1.467985287308692932e-02
2.921239659190177917e-02
-5.567194521427154541e-02
-8.527725934982299805e-02
-8.718580752611160278e-02
-1.194900497794151306e-01
-4.266213625669479370e-02
1.690264604985713959e-02
-6.514216214418411255e-02
-1.221580058336257935e-01
-1.339995115995407104e-01
2.245329506695270538e-02
-6.575416773557662964e-02
-1.929332502186298370e-02
2.951484173536300659e-02
-3.131965920329093933e-02
-8.260561525821685791e-02
-9.649126231670379639e-02
-1.308982968330383301e-01
-5.159965157508850098e-02
7.209368515759706497e-03
5.291296169161796570e-03
-1.079687965102493763e-03
-7.280156947672367096e-03
-1.517939716577529907e-01
1.845300139393657446e-04
-1.356391757726669312e-01
-1.235112920403480530e-01
-2.311256714165210724e-02
-4.891367629170417786e-02
-3.375865146517753601e-02
-8.555750548839569092e-02
-8.069227635860443115e-02
-1.411542445421218872e-01
1.362328184768557549e-03
-4.197073355317115784e-02
-1.298711448907852173e-02
-9.043275378644466400e-03
4.094173386693000793e-02
-2.409764751791954041e-02
-4.231908544898033142e-02
