2.259839922189712524e-01
1.806821227073669434e-01
1.841482222080230713e-01
2.345069199800491333e-01
2.438701391220092773e-01
1.778976023197174072e-01
2.456426769495010376e-01
2.356466054916381836e-01
2.233895957469940186e-01
2.277743816375732422e-01
2.039982378482818604e-01
2.543218731880187988e-01
2.215740680694580078e-01
2.048559337854385376e-01
2.018008679151535034e-01
2.867496013641357422e-01
2.227054387331008911e-01
1.986675858497619629e-01
2.191416919231414795e-01
1.869699805974960327e-01
1.828802525997161865e-01
1.994597613811492920e-01
1.809697896242141724e-01
2.307736724615097046e-01
2.484295219182968140e-01
2.376511991024017334e-01
1.959865689277648926e-01
1.858693361282348633e-01
2.132072150707244873e-01
2.251809984445571899e-01
2.012211531400680542e-01
1.482724398374557495e-01
2.978746294975280762e-01
2.266065478324890137e-01
2.426106929779052734e-01
2.005032151937484741e-01
1.925159990787506104e-01
1.971636712551116943e-01
2.442791461944580078e-01
1.986941099166870117e-01
1.843740791082382202e-01
2.067710906267166138e-01
2.256652265787124634e-01
2.203391790390014648e-01
2.203040271997451782e-01
2.307846844196319580e-01
1.910522729158401489e-01
2.164817899465560913e-01
2.275147438049316406e-01
2.027231603860855103e-01
1.965951770544052124e-01
1.909576058387756348e-01
2.302634567022323608e-01
2.196405380964279175e-01
2.042926996946334839e-01
2.050713598728179932e-01
2.242402583360671997e-01
2.121746987104415894e-01
1.981933265924453735e-01
2.261785864830017090e-01
2.216232419013977051e-01
2.145446091890335083e-01
1.893578320741653442e-01
2.069373428821563721e-01
2.077781111001968384e-01
1.778981685638427734e-01
1.906397938728332520e-01
1.343629956245422363e-01
2.233234047889709473e-01
2.471177577972412109e-01
2.210349589586257935e-01
1.750544458627700806e-01
2.247821241617202759e-01
2.055941969156265259e-01
2.112467139959335327e-01
2.252493500709533691e-01
2.547536492347717285e-01
2.046100497245788574e-01
2.169274091720581055e-01
2.253610491752624512e-01
2.072249203920364380e-01
1.979094743728637695e-01
1.968654692173004150e-01
2.173435389995574951e-01
2.423407733440399170e-01
1.993793249130249023e-01
1.644728481769561768e-01
2.097766697406768799e-01
1.968817859888076782e-01
2.374236732721328735e-01
2.047059834003448486e-01
2.413270473480224609e-01
2.246332764625549316e-01
2.031490504741668701e-01
2.329960167407989502e-01
2.172610312700271606e-01
2.198107689619064331e-01
2.254438400268554688e-01
2.536681294441223145e-01
2.513386309146881104e-01
1.748606413602828979e-01
2.341474592685699463e-01
2.185331881046295166e-01
1.937965601682662964e-01
2.177712172269821167e-01
2.237579822540283203e-01
1.995539963245391846e-01
2.104488611221313477e-01
2.160924226045608521e-01
2.077802270650863647e-01
2.319434583187103271e-01
1.874844878911972046e-01
2.319131791591644287e-01
1.956120431423187256e-01
2.067505568265914917e-01
2.109866887331008911e-01
1.881937235593795776e-01
2.516998946666717529e-01
1.834467798471450806e-01
2.247363924980163574e-01
1.754146516323089600e-01
2.182658910751342773e-01
2.283780574798583984e-01
2.003962397575378418e-01
2.221931964159011841e-01
2.429882287979125977e-01
2.453276664018630981e-01
2.217393964529037476e-01
2.082743495702743530e-01
1.983292549848556519e-01
1.748344898223876953e-01
1.979573518037796021e-01
2.226563990116119385e-01
1.981554478406906128e-01
1.872412115335464478e-01
2.003777772188186646e-01
2.243336588144302368e-01
1.999650597572326660e-01
1.868892610073089600e-01
2.302800118923187256e-01
1.720822155475616455e-01
2.558095455169677734e-01
1.800282746553421021e-01
1.763354986906051636e-01
2.147954106330871582e-01
2.216117233037948608e-01
2.425955235958099365e-01
2.002332210540771484e-01
2.212406396865844727e-01
1.965337246656417847e-01
2.188849151134490967e-01
2.309543490409851074e-01
2.152915596961975098e-01
2.361393719911575317e-01
1.720822453498840332e-01
1.845713555812835693e-01
1.926088184118270874e-01
2.164733856916427612e-01
2.150262296199798584e-01
2.852797210216522217e-01
1.851480901241302490e-01
2.329319864511489868e-01
2.228139787912368774e-01
2.036753147840499878e-01
2.378872036933898926e-01
1.941235959529876709e-01
2.224019020795822144e-01
1.897566020488739014e-01
1.966719627380371094e-01
2.040489464998245239e-01
2.263632565736770630e-01
2.252822667360305786e-01
2.299757003784179688e-01
2.866003513336181641e-01
2.814025878906250000e-01
2.037332653999328613e-01
2.277113050222396851e-01
2.479012459516525269e-01
2.290172576904296875e-01
2.231606543064117432e-01
1.869419217109680176e-01
2.117378562688827515e-01
2.358652949333190918e-01
2.253835350275039673e-01
2.140554338693618774e-01
2.470446676015853882e-01
2.101331949234008789e-01
2.398624718189239502e-01
2.420310825109481812e-01
2.410897314548492432e-01
1.968302577733993530e-01
2.038971185684204102e-01
2.234227657318115234e-01
2.397549599409103394e-01
1.909475922584533691e-01
1.937658637762069702e-01
2.121476531028747559e-01
2.113871872425079346e-01
2.013746500015258789e-01
2.023115307092666626e-01
1.854049414396286011e-01
2.007668614387512207e-01
1.916639804840087891e-01
1.904167979955673218e-01
1.933206021785736084e-01
1.810421645641326904e-01
1.998349130153656006e-01
1.750605553388595581e-01
1.696503758430480957e-01
1.901812553405761719e-01
2.151005864143371582e-01
2.028508037328720093e-01
2.017656564712524414e-01
2.316037118434906006e-01
2.176746129989624023e-01
2.624980509281158447e-01
2.750233709812164307e-01
1.902633160352706909e-01
2.448005527257919312e-01
2.286113500595092773e-01
1.968249082565307617e-01
1.789243668317794800e-01
1.862925291061401367e-01
2.175770998001098633e-01
1.854132562875747681e-01
2.115311026573181152e-01
2.008317708969116211e-01
2.619774043560028076e-01
2.322646081447601318e-01
1.784649193286895752e-01
2.029379159212112427e-01
1.885923743247985840e-01
1.771344244480133057e-01
1.703509241342544556e-01
2.041611224412918091e-01
2.174896746873855591e-01
2.190467119216918945e-01
1.727909594774246216e-01
1.780956983566284180e-01
1.984481364488601685e-01
1.760214716196060181e-01
2.027764320373535156e-01
2.209549248218536377e-01
2.098222672939300537e-01
1.604289859533309937e-01
2.523663043975830078e-01
1.990224570035934448e-01
2.394907325506210327e-01
2.130407691001892090e-01
1.991929113864898682e-01
2.375649362802505493e-01
2.212499082088470459e-01
2.228811681270599365e-01
1.970070004463195801e-01
2.190422117710113525e-01
1.921560019254684448e-01
2.725841999053955078e-01
2.487531304359436035e-01
2.101504504680633545e-01
2.134748250246047974e-01
1.977949291467666626e-01
1.749824732542037964e-01
2.057317346334457397e-01
2.372549027204513550e-01
1.771289706230163574e-01
1.987051367759704590e-01
2.012204527854919434e-01
2.151871919631958008e-01
2.239636331796646118e-01
2.320548146963119507e-01
2.670776546001434326e-01
1.822284907102584839e-01
1.880800873041152954e-01
1.983655244112014771e-01
2.052731215953826904e-01
2.215029299259185791e-01
1.620335131883621216e-01
2.056494951248168945e-01
2.066609263420104980e-01
2.471994459629058838e-01
2.254210710525512695e-01
2.224138528108596802e-01
1.738375127315521240e-01
1.835450530052185059e-01
2.069883942604064941e-01
1.997791975736618042e-01
2.083300650119781494e-01
2.021900862455368042e-01
2.385129779577255249e-01
2.104976922273635864e-01
2.140360027551651001e-01
1.598023027181625366e-01
1.791868656873703003e-01
2.460254132747650146e-01
2.091781646013259888e-01
2.029626518487930298e-01
2.145259976387023926e-01
2.099193483591079712e-01
1.807179749011993408e-01
1.895229518413543701e-01
2.026091516017913818e-01
1.947173923254013062e-01
1.969948709011077881e-01
2.123148143291473389e-01
2.078140974044799805e-01
1.991729140281677246e-01
2.009264975786209106e-01
2.247904539108276367e-01
1.912886947393417358e-01
2.326971590518951416e-01
2.060036808252334595e-01
1.827990114688873291e-01
2.210695892572402954e-01
2.012615799903869629e-01
2.053182125091552734e-01
2.127238065004348755e-01
2.225129306316375732e-01
2.141135334968566895e-01
1.945894956588745117e-01
2.060713768005371094e-01
2.197209894657135010e-01
2.151387184858322144e-01
1.669513285160064697e-01
2.044843584299087524e-01
2.156811058521270752e-01
2.117806077003479004e-01
2.170734107494354248e-01
2.005484402179718018e-01
2.519822120666503906e-01
2.529642879962921143e-01
2.227593064308166504e-01
2.020129710435867310e-01
2.463609576225280762e-01
2.515400946140289307e-01
1.760084480047225952e-01
1.995594352483749390e-01
2.070617228746414185e-01
2.143340110778808594e-01
2.148001044988632202e-01
2.328130751848220825e-01
2.001217901706695557e-01
2.097403258085250854e-01
1.919677108526229858e-01
2.367700785398483276e-01
2.172109633684158325e-01
1.864321827888488770e-01
2.163176536560058594e-01
2.023573815822601318e-01
2.177091389894485474e-01
1.787580996751785278e-01
2.350658774375915527e-01
2.311706095933914185e-01
2.060098499059677124e-01
2.258677780628204346e-01
1.931910961866378784e-01
2.235722392797470093e-01
1.875889003276824951e-01
2.166901230812072754e-01
1.766324639320373535e-01
2.774960100650787354e-01
2.028283029794692993e-01
2.110893428325653076e-01
1.855075210332870483e-01
2.199822068214416504e-01
2.271745204925537109e-01
1.748961806297302246e-01
2.214376628398895264e-01
2.165647298097610474e-01
2.530040144920349121e-01
1.953190565109252930e-01
2.027991861104965210e-01
2.246505320072174072e-01
1.921606212854385376e-01
2.219001948833465576e-01
1.849872171878814697e-01
2.043031305074691772e-01
2.166296541690826416e-01
2.162786275148391724e-01
1.951431483030319214e-01
2.200669050216674805e-01
2.617816627025604248e-01
2.290647327899932861e-01
2.533217370510101318e-01
1.996866762638092041e-01
2.491011470556259155e-01
2.438748627901077271e-01
2.142802923917770386e-01
1.866209208965301514e-01
2.176059186458587646e-01
1.693318933248519897e-01
1.611116826534271240e-01
2.154880762100219727e-01
2.255803048610687256e-01
2.587405145168304443e-01
2.460733354091644287e-01
1.938028335571289062e-01
2.017229497432708740e-01
1.787409633398056030e-01
2.485609501600265503e-01
1.991410851478576660e-01
2.390789538621902466e-01
2.063982933759689331e-01
2.165663987398147583e-01
2.348751574754714966e-01
2.050876170396804810e-01
1.981309205293655396e-01
2.142221033573150635e-01
2.313543111085891724e-01
1.853602081537246704e-01
1.947226375341415405e-01
2.152880877256393433e-01
2.270683944225311279e-01
1.937156021595001221e-01
2.023716270923614502e-01
2.222611904144287109e-01
1.892350018024444580e-01
2.218769490718841553e-01
2.249058037996292114e-01
2.071340233087539673e-01
2.349618971347808838e-01
2.108813673257827759e-01
1.945726275444030762e-01
2.004192620515823364e-01
2.213640809059143066e-01
2.134877592325210571e-01
2.047705054283142090e-01
2.500778138637542725e-01
2.216211706399917603e-01
1.864414215087890625e-01
2.302827686071395874e-01
1.980622708797454834e-01
2.716739773750305176e-01
2.243062406778335571e-01
2.129207402467727661e-01
2.415562421083450317e-01
2.498422116041183472e-01
1.985464096069335938e-01
1.932856738567352295e-01
1.885671019554138184e-01
1.970698535442352295e-01
1.978613734245300293e-01
2.176885157823562622e-01
2.004359066486358643e-01
2.077413946390151978e-01
1.989075392484664917e-01
2.008478045463562012e-01
2.174542844295501709e-01
2.055826932191848755e-01
2.410190999507904053e-01
2.232305109500885010e-01
2.205040454864501953e-01
1.810286492109298706e-01
2.312988787889480591e-01
2.450598180294036865e-01
1.835198998451232910e-01
2.372162491083145142e-01
1.906626969575881958e-01
2.206151187419891357e-01
1.861885190010070801e-01
2.177049517631530762e-01
1.902663111686706543e-01
1.860452741384506226e-01
1.838119328022003174e-01
2.027422487735748291e-01
2.431309968233108521e-01
1.942968070507049561e-01
2.269226759672164917e-01
2.288152426481246948e-01
1.937389373779296875e-01
2.091257423162460327e-01
2.050174474716186523e-01
2.027687281370162964e-01
2.096169590950012207e-01
2.307653129100799561e-01
2.838992476463317871e-01
2.202517241239547729e-01
1.669033169746398926e-01
1.747544705867767334e-01
2.041865438222885132e-01
2.319932729005813599e-01
1.934040784835815430e-01
1.953824609518051147e-01
1.889151334762573242e-01
1.842973232269287109e-01
2.198736965656280518e-01
1.844833642244338989e-01
2.102583646774291992e-01
2.322019785642623901e-01
2.126147001981735229e-01
2.254308313131332397e-01
2.299402058124542236e-01
2.153500616550445557e-01
1.733450293540954590e-01
1.816654056310653687e-01
2.290457934141159058e-01
2.111037671566009521e-01
3.289708495140075684e-01
2.199013382196426392e-01
2.122544497251510620e-01
2.205312103033065796e-01
2.339673340320587158e-01
2.247634679079055786e-01
1.878351122140884399e-01
2.234149724245071411e-01
2.227088809013366699e-01
2.508827149868011475e-01
2.065058648586273193e-01
1.984945535659790039e-01
1.974770575761795044e-01
2.067200392484664917e-01
1.925487369298934937e-01
2.126964628696441650e-01
