-1.062243338674306870e-02
-6.333045661449432373e-02
-4.728642478585243225e-02
-1.067095901817083359e-02
-1.785700581967830658e-02
-3.941153362393379211e-02
-2.773715369403362274e-02
2.095317281782627106e-02
-3.432330861687660217e-02
-2.180121280252933502e-02
1.441624294966459274e-02
-1.157122850418090820e-02
-2.201204188168048859e-02
-4.905381426215171814e-02
-4.262895788997411728e-03
-2.830732986330986023e-02
-3.765723900869488716e-03
-8.733071736060082912e-04
-1.306848879903554916e-02
-2.851034328341484070e-02
-5.498849973082542419e-02
-2.938878722488880157e-02
-5.739725660532712936e-03
-2.704350650310516357e-02
-1.130008883774280548e-02
-2.982400543987751007e-02
-2.645979262888431549e-02
-1.431035157293081284e-02
-4.112174361944198608e-02
-2.941552177071571350e-02
-1.453172881156206131e-02
-9.366257116198539734e-03
-3.017525933682918549e-02
-1.533316075801849365e-02
-5.143689736723899841e-02
-2.439082972705364227e-02
-3.329313173890113831e-02
-1.206679921597242355e-02
-1.227139122784137726e-02
-6.330947577953338623e-02
-2.733649313449859619e-02
-1.603347435593605042e-02
-8.764946833252906799e-03
-5.639347713440656662e-03
-5.936346948146820068e-02
-1.421198807656764984e-02
-1.970886997878551483e-02
1.338818296790122986e-02
-3.184437006711959839e-02
-3.137367218732833862e-02
-2.328400500118732452e-02
-2.318354137241840363e-02
-1.946750096976757050e-02
-1.188506744801998138e-02
8.338724263012409210e-03
2.813634090125560760e-02
-8.547492325305938721e-02
-2.946040220558643341e-02
-2.366911247372627258e-02
-4.401071369647979736e-02
-4.673331230878829956e-02
-2.644388377666473389e-02
-2.120227739214897156e-02
-3.001137822866439819e-02
-6.180231645703315735e-02
-2.621339447796344757e-02
-2.515596710145473480e-02
-1.613453216850757599e-02
-2.973399683833122253e-02
-2.211711555719375610e-02
-1.703747175633907318e-02
-1.821887120604515076e-02
-1.357781141996383667e-02
-2.078047394752502441e-02
-8.543935418128967285e-02
-8.584027178585529327e-03
-2.421532385051250458e-02
-3.579715266823768616e-03
-2.286310307681560516e-02
-2.832468785345554352e-02
-3.370379284024238586e-02
-3.898857533931732178e-02
-3.407627344131469727e-02
-1.581109687685966492e-02
-2.176490798592567444e-02
-3.147310763597488403e-02
-2.866479754447937012e-02
-5.522814765572547913e-02
-9.196619503200054169e-03
-3.374211722984910011e-03
-6.825785385444760323e-04
-1.883727498352527618e-02
-9.207674302160739899e-03
-1.871214620769023895e-02
-8.672180585563182831e-03
-7.648830115795135498e-02
-1.597925648093223572e-02
-4.033703356981277466e-02
-4.963751509785652161e-02
-4.858404397964477539e-02
-1.463695243000984192e-02
-5.301345139741897583e-02
-3.033819608390331268e-02
-6.796577479690313339e-03
-2.270720340311527252e-02
-3.914800286293029785e-02
-7.205455750226974487e-02
3.612791188061237335e-03
6.208668462932109833e-03
-1.398981828242540359e-02
-3.607206791639328003e-02
-9.701144881546497345e-03
-2.208443544805049896e-02
-8.906693197786808014e-03
-2.242759801447391510e-02
-3.411079943180084229e-02
-4.178865253925323486e-02
-2.126131393015384674e-02
-3.799683181568980217e-03
-1.851476356387138367e-02
-9.969758242368698120e-02
-2.673578448593616486e-02
-1.956294663250446320e-02
2.588726393878459930e-02
-7.833190262317657471e-03
-3.504727408289909363e-02
7.277531549334526062e-03
-3.264134004712104797e-02
-2.695761062204837799e-02
-4.070688411593437195e-02
-2.866046689450740814e-02
-4.191452264785766602e-02
-3.972997888922691345e-03
-4.945763573050498962e-02
-1.262646913528442383e-02
-1.345151849091053009e-02
-1.612812466919422150e-02
-2.462093904614448547e-02
-1.663859747350215912e-02
-2.570485696196556091e-02
-4.337401688098907471e-02
-3.042158111929893494e-02
4.611557349562644958e-02
-1.029959786683320999e-02
4.531777650117874146e-02
-3.385492414236068726e-02
-4.047728143632411957e-03
-3.317343816161155701e-02
-1.163812121376395226e-03
-4.126248508691787720e-02
-3.975560143589973450e-02
-2.638245560228824615e-02
-1.894850283861160278e-02
-1.808160729706287384e-02
-3.914535790681838989e-02
-2.317701652646064758e-02
-3.524858132004737854e-02
6.290327012538909912e-02
-1.412748079746961594e-02
-3.903308883309364319e-02
2.368810353800654411e-03
-3.612607344985008240e-02
-2.474017906934022903e-03
-4.871827363967895508e-02
-5.552118644118309021e-02
-4.175534844398498535e-02
-2.825585566461086273e-02
-4.949143528938293457e-02
-1.859436929225921631e-02
-1.713383011519908905e-02
-2.285436727106571198e-02
-2.389556355774402618e-02
-2.135083265602588654e-02
-1.646757312119007111e-02
-3.189519420266151428e-02
-5.450476426631212234e-03
-3.844430297613143921e-02
-3.002915717661380768e-02
-7.835939526557922363e-03
-1.015981193631887436e-02
-3.519718348979949951e-02
-4.468888044357299805e-02
3.071911400184035301e-03
-2.400066517293453217e-02
-4.080492071807384491e-03
-5.356501787900924683e-02
-3.123330650851130486e-03
-2.943685278296470642e-03
-6.162181869149208069e-02
-3.168103471398353577e-02
-3.102025575935840607e-02
-6.056023389101028442e-02
-1.802258007228374481e-02
-5.990648642182350159e-03
-1.396646164357662201e-02
8.003483526408672333e-03
-2.892853878438472748e-02
-1.303247921168804169e-02
-5.269247572869062424e-03
-5.407499149441719055e-02
-2.377356961369514465e-02
-4.035556688904762268e-02
-4.009355977177619934e-02
-2.010773122310638428e-02
-3.531520441174507141e-02
-4.458437114953994751e-02
-1.192822866141796112e-02
-3.522206470370292664e-02
3.221874823793768883e-03
-2.202414721250534058e-02
-1.688924245536327362e-02
1.263373764231801033e-03
-3.227552026510238647e-02
-5.426461994647979736e-02
-2.581661939620971680e-02
-4.083028435707092285e-02
-5.842157453298568726e-02
-4.212478175759315491e-02
-6.938663311302661896e-03
-5.141441524028778076e-02
1.021807175129652023e-02
-4.039521515369415283e-02
-2.299315854907035828e-02
-1.590754091739654541e-02
-1.884238980710506439e-02
-4.191182926297187805e-02
4.519372060894966125e-02
-3.904034197330474854e-02
-3.624915331602096558e-02
-1.839639060199260712e-02
-1.005409844219684601e-02
-1.068279426544904709e-02
-2.470726892352104187e-02
-3.183478862047195435e-02
-8.104919455945491791e-03
-6.633913516998291016e-02
-5.347517877817153931e-02
-1.715343445539474487e-02
-9.010002017021179199e-03
-8.854395709931850433e-03
-2.473320998251438141e-02
5.212087184190750122e-03
-1.749720610678195953e-02
-4.272833466529846191e-02
-1.838479004800319672e-02
1.661423966288566589e-02
-2.770424634218215942e-02
-2.633563242852687836e-02
1.475771982222795486e-02
-2.651621773838996887e-02
-3.744466695934534073e-03
-2.952661179006099701e-02
-3.825987502932548523e-02
-5.329640209674835205e-02
-1.724976673722267151e-02
-1.880519650876522064e-02
-4.047522693872451782e-02
-1.894077099859714508e-02
-4.650352522730827332e-02
1.441590138711035252e-03
-1.125603169202804565e-02
-4.045972228050231934e-02
-3.360040858387947083e-02
-3.482616692781448364e-02
-2.700610831379890442e-02
-1.307798922061920166e-02
-2.821863256394863129e-02
-3.618471696972846985e-02
-3.817838057875633240e-02
-6.850069016218185425e-02
-3.618448600172996521e-02
-1.723558269441127777e-02
3.205854212865233421e-03
-3.806887939572334290e-02
-1.699586026370525360e-02
9.350365027785301208e-03
-1.598715037107467651e-02
-5.623416602611541748e-02
-7.358215749263763428e-02
-2.095377631485462189e-02
-7.318075001239776611e-02
-2.538585104048252106e-02
-2.075659856200218201e-02
-2.276805415749549866e-02
-5.985717289149761200e-03
-3.541161119937896729e-02
-3.937308117747306824e-02
-4.263904690742492676e-02
-3.585586696863174438e-02
-4.293982312083244324e-02
-1.915523968636989594e-02
-3.108862228691577911e-02
-1.772805489599704742e-02
-1.993761584162712097e-02
-2.479880675673484802e-02
-3.268642351031303406e-02
-5.237116664648056030e-02
-8.270384743809700012e-03
-2.081459620967507362e-03
-4.775818437337875366e-03
-4.593656212091445923e-02
-7.136739790439605713e-03
-6.708420813083648682e-02
-2.660289220511913300e-02
-2.247984707355499268e-02
-2.259610220789909363e-02
-7.059279829263687134e-02
2.276920340955257416e-02
-1.411952078342437744e-02
-3.387518227100372314e-02
-2.338820323348045349e-02
-5.687843635678291321e-02
-1.015118137001991272e-02
-9.777927771210670471e-03
2.201256714761257172e-02
-4.758254066109657288e-02
-2.838359400629997253e-02
-3.413246199488639832e-02
-3.053356334567070007e-02
-5.127152055501937866e-02
-4.729053005576133728e-02
-5.239484831690788269e-02
-3.663763031363487244e-02
-6.930619478225708008e-02
-1.128934230655431747e-02
-3.641518205404281616e-02
-1.114028692245483398e-02
-9.069960564374923706e-03
-2.978279441595077515e-02
-2.262326516211032867e-02
-2.359795197844505310e-02
-4.056080058217048645e-02
-1.149145793169736862e-02
-1.991165429353713989e-02
1.864488818682730198e-03
-1.682886295020580292e-02
-1.820667646825313568e-02
-5.261993408203125000e-02
-3.614169731736183167e-02
-2.656339202076196671e-03
-2.345969900488853455e-02
-2.503299899399280548e-02
-5.980368703603744507e-02
-3.281843662261962891e-02
-2.308494225144386292e-02
-4.949646815657615662e-02
-1.016221754252910614e-02
-2.342591248452663422e-02
-1.068501174449920654e-02
-1.565588265657424927e-02
-2.039353922009468079e-02
-3.570345416665077209e-02
-1.154007483273744583e-02
2.921667415648698807e-03
-2.763194032013416290e-02
-5.482688173651695251e-02
-3.693058714270591736e-02
-7.874043285846710205e-02
-8.228491060435771942e-03
-1.410663034766912460e-02
-2.536632679402828217e-02
-1.558851171284914017e-02
5.626197904348373413e-03
-2.243597991764545441e-02
-1.868586428463459015e-02
-5.255980789661407471e-02
-2.513325028121471405e-02
-1.282710209488868713e-02
-4.265043139457702637e-02
-2.870641648769378662e-02
-3.264046832919120789e-02
-2.478924579918384552e-02
1.139096077531576157e-02
-2.025625854730606079e-02
-3.165535628795623779e-02
-1.836836896836757660e-02
-1.411999017000198364e-02
-3.384828940033912659e-02
-2.391668967902660370e-02
-4.283173009753227234e-02
-3.567453846335411072e-02
-1.303691137582063675e-02
-1.273996196687221527e-02
-3.723442927002906799e-02
-3.482777252793312073e-02
1.939416490495204926e-02
-2.578323706984519958e-02
-3.182130306959152222e-02
1.793722854927182198e-03
-2.779784984886646271e-02
-2.116868086159229279e-02
2.106274664402008057e-02
-2.138566412031650543e-02
-1.580040715634822845e-02
-3.426916897296905518e-02
-2.397367358207702637e-02
-6.271684914827346802e-02
-5.573142319917678833e-03
-1.867263577878475189e-02
-2.106867916882038116e-02
-4.868337512016296387e-02
-5.988757126033306122e-03
-2.459906786680221558e-02
-1.426585856825113297e-02
-4.082522913813591003e-02
-2.497753361240029335e-03
-2.432550676167011261e-02
-1.174237579107284546e-02
-1.416139304637908936e-02
-3.152740001678466797e-02
-1.388396508991718292e-02
-3.179344907402992249e-02
-2.427269518375396729e-02
-1.667492277920246124e-02
2.029665559530258179e-02
-2.606877498328685760e-02
-6.308118253946304321e-02
-4.370205104351043701e-02
-3.378624096512794495e-02
-2.588890492916107178e-02
-1.808279380202293396e-02
-3.205896914005279541e-02
-3.939879313111305237e-02
-2.413453906774520874e-02
-3.109793178737163544e-02
-5.341822654008865356e-02
-2.430687472224235535e-02
-1.068907976150512695e-02
-4.169083014130592346e-02
-1.968474313616752625e-02
-1.933849975466728210e-02
-3.530109673738479614e-02
-3.647787868976593018e-02
-2.147126756608486176e-02
-6.034076586365699768e-02
-1.258386112749576569e-02
-1.740779355168342590e-02
-6.150247156620025635e-02
-2.588014863431453705e-02
-5.168160796165466309e-02
-2.210540696978569031e-02
-4.198309034109115601e-02
-4.058637842535972595e-02
-2.520551532506942749e-02
-1.668554544448852539e-02
-2.711911313235759735e-02
-2.884781546890735626e-02
1.118898391723632812e-02
-2.804775163531303406e-02
-2.150660194456577301e-02
-1.233512256294488907e-02
-4.130331799387931824e-02
-3.062352724373340607e-02
-2.500636503100395203e-02
-2.208104170858860016e-02
3.295483812689781189e-02
-1.325424574315547943e-02
-3.158182650804519653e-02
-2.130010537803173065e-02
-1.231073588132858276e-02
1.482579112052917480e-02
-2.441140078008174896e-02
-1.618152670562267303e-02
-3.341919183731079102e-02
-1.408234331756830215e-02
-2.804898656904697418e-03
-8.665709197521209717e-02
-1.626583747565746307e-02
-3.248811513185501099e-02
-4.718911368399858475e-03
-1.890141330659389496e-02
-2.588723227381706238e-02
-2.524283900856971741e-02
-1.395784039050340652e-02
-2.148827165365219116e-02
-2.970940992236137390e-02
-1.085092965513467789e-02
-1.942694373428821564e-02
-2.824131585657596588e-02
-2.703648060560226440e-02
-1.732879318296909332e-02
2.458585612475872040e-02
-4.802552983164787292e-02
-1.155720651149749756e-02
-7.031497359275817871e-02
-4.678032174706459045e-02
-3.918780758976936340e-02
9.492447599768638611e-03
-1.016892585903406143e-02
-3.066042251884937286e-02
-3.123102895915508270e-02
2.945398166775703430e-02
-2.636075392365455627e-02
-3.572063148021697998e-02
1.639782823622226715e-02
-1.648201234638690948e-02
-1.353048067539930344e-02
-1.888601109385490417e-02
-1.391445565968751907e-02
-3.793455660343170166e-02
-4.818144440650939941e-02
-2.115365676581859589e-02
-4.903886839747428894e-02
-2.378530055284500122e-02
-3.254496306180953979e-02
-4.466576129198074341e-02
-1.391809433698654175e-02
-2.803590148687362671e-02
-1.379827596247196198e-02
-2.483053319156169891e-02
-2.764050289988517761e-02
-4.115042090415954590e-02
-1.786966249346733093e-02
-3.601088374853134155e-02
-1.538000907748937607e-02
-3.956610336899757385e-02
-3.508704155683517456e-02
-3.195450082421302795e-02
-9.951090032700449228e-05
-4.228344559669494629e-02
-1.281886827200651169e-02
-1.031145267188549042e-02
-5.355092883110046387e-02
-1.904073171317577362e-02
-3.313580155372619629e-02
-2.485321089625358582e-02
-4.890724271535873413e-02
-1.008402742445468903e-02
-1.130880415439605713e-02
-6.139538809657096863e-02
-1.544448733329772949e-02
-4.130085557699203491e-02
-3.223500400781631470e-02
-2.166141197085380554e-02
-5.959261581301689148e-02
-3.647055476903915405e-03
-2.003055624663829803e-02
-4.661033675074577332e-02
-1.952064223587512970e-02
-8.764459751546382904e-03
-3.157642856240272522e-02
-2.293135412037372589e-02
-2.815283276140689850e-02
-3.500084206461906433e-02
-2.690160647034645081e-02
-4.693225771188735962e-02
-5.593524500727653503e-02
1.283349469304084778e-02
-4.365238547325134277e-02
-2.772518619894981384e-02
-3.670297190546989441e-02
-4.276175051927566528e-02
-2.065712772309780121e-02
-3.097130544483661652e-02
-4.769432544708251953e-02
-1.440457347780466080e-02
-1.778146624565124512e-02
2.630721218883991241e-02
-4.800983890891075134e-02
-2.395137958228588104e-02
-5.415691435337066650e-02
-2.868224121630191803e-02
-1.983150839805603027e-02
-2.113206312060356140e-02
-2.246456593275070190e-02
-1.926144026219844818e-02
-3.122480399906635284e-02
-4.352812469005584717e-02
-5.364003777503967285e-02
-3.652838245034217834e-02
-3.435276448726654053e-02
-5.246858298778533936e-02
-1.303731556981801987e-02
3.070846287300810218e-05
-5.038684979081153870e-02
-5.611182004213333130e-02
-1.346607413142919540e-02
-6.280017644166946411e-02
2.096966840326786041e-02
-2.571826055645942688e-02
1.926739583723247051e-03
-1.162865199148654938e-03
3.045807359740138054e-03
-1.903565786778926849e-02
-4.487656801939010620e-02
-2.206962928175926208e-02
-3.139012027531862259e-03
-1.589895971119403839e-02
-4.372489079833030701e-02
4.623573739081621170e-03
-1.325796451419591904e-02
-2.356867492198944092e-02
5.507606547325849533e-03
-8.606246672570705414e-03
-3.346507251262664795e-02
-1.534842140972614288e-02
-2.068130485713481903e-02
-9.273483417928218842e-03
-1.921099610626697540e-02
6.616601347923278809e-02
-4.026155918836593628e-02
-2.485474199056625366e-02
-3.307117149233818054e-02
-3.892476484179496765e-02
-3.912457823753356934e-02
-3.539827838540077209e-02
1.264709327369928360e-02
1.559640164487063885e-03
-1.320226956158876419e-02
-4.587231948971748352e-02
-3.217992186546325684e-02
-4.519622772932052612e-02
-3.713639453053474426e-02
-3.255688026547431946e-02
-5.029551684856414795e-02
-4.416863620281219482e-02
-2.976813539862632751e-02
-2.920163050293922424e-02
-1.218897569924592972e-02
-1.803896762430667877e-02
-5.180266872048377991e-02
-3.801888599991798401e-02
6.554485857486724854e-02
-1.734209433197975159e-02
-3.422976657748222351e-02
-2.271686866879463196e-02
-1.764099486172199249e-02
-3.276022523641586304e-02
3.808846697211265564e-02
-2.673949487507343292e-02
-3.653595969080924988e-02
-1.976523920893669128e-02
-5.362793803215026855e-02
-2.266613021492958069e-02
-2.509824000298976898e-02
-1.662003807723522186e-02
-3.633675351738929749e-02
-6.674339063465595245e-03
-3.014297224581241608e-02
-1.336924638599157333e-02
-6.616719067096710205e-03
-1.780922897160053253e-02
4.060268402099609375e-02
-1.566197723150253296e-02
-2.249368280172348022e-02
-2.325748093426227570e-02
-4.173360392451286316e-02
-4.217445850372314453e-02
-3.229979798197746277e-02
-2.713643014430999756e-02
-3.388548269867897034e-02
-4.331300035119056702e-02
-2.989104948937892914e-02
-2.817813865840435028e-02
-5.558745563030242920e-02
1.978811249136924744e-02
-1.724734716117382050e-02
-3.438542038202285767e-02
-2.560697309672832489e-02
-4.185484256595373154e-03
-4.861471429467201233e-02
6.610151380300521851e-03
-1.352046523243188858e-02
-3.150005638599395752e-02
-2.489940077066421509e-02
-2.207429520785808563e-02
-2.798757515847682953e-02
3.767902031540870667e-02
-4.894785583019256592e-02
-1.704597473144531250e-02
-8.469224907457828522e-03
-5.806631967425346375e-02
-4.369016736745834351e-02
-3.322236612439155579e-02
-1.769330725073814392e-02
-5.124722421169281006e-02
-5.062415450811386108e-02
-3.523823991417884827e-02
-1.024426519870758057e-02
-4.199455305933952332e-02
-1.405500620603561401e-02
-2.512470819056034088e-03
-3.067665174603462219e-02
-4.288583248853683472e-02
-1.235043630003929138e-02
1.425976585596799850e-02
-5.529384687542915344e-02
-2.524510025978088379e-02
-5.177468527108430862e-03
-2.605392597615718842e-02
-1.333069987595081329e-02
-1.601972244679927826e-02
-1.896084658801555634e-02
-4.457028582692146301e-02
-3.117742948234081268e-02
-3.632404655218124390e-02
-3.673916682600975037e-02
-1.738847233355045319e-02
-2.693787217140197754e-02
-3.418595343828201294e-02
-1.072155777364969254e-02
6.203016731888055801e-03
-2.499073557555675507e-02
-1.957402564585208893e-02
-2.115397900342941284e-02
-4.369920119643211365e-02
-7.007202506065368652e-02
-1.126684024930000305e-01
-5.845059454441070557e-02
-9.858905337750911713e-03
-2.414598688483238220e-02
-8.187034726142883301e-02
-4.521472007036209106e-02
-1.928000897169113159e-02
-2.961162850260734558e-02
1.848437450826168060e-02
2.486611716449260712e-03
-1.400309335440397263e-02
-4.521902278065681458e-02
-4.378616809844970703e-03
-1.972704660147428513e-03
-3.768090903759002686e-02
-1.105700619518756866e-02
-1.886466145515441895e-02
-4.024286568164825439e-02
-3.328173421323299408e-03
-2.816495858132839203e-02
-1.310464087873697281e-02
-3.739612922072410583e-02
-7.896631956100463867e-03
-3.570973500609397888e-02
-8.239462040364742279e-03
-2.847986482083797455e-02
-1.803418435156345367e-02
3.474169410765171051e-03
-4.738687537610530853e-03
-1.737923920154571533e-02
-5.501752719283103943e-03
-1.639534533023834229e-02
-7.292590569704771042e-03
-2.442738972604274750e-02
-2.937428094446659088e-02
-3.425710648298263550e-02
-1.773748733103275299e-02
-4.279935732483863831e-02
-1.685110293328762054e-02
-6.457327399402856827e-03
-2.910009399056434631e-02
-4.500067606568336487e-02
-2.332690358161926270e-02
-1.185308955609798431e-02
-3.604590147733688354e-02
-3.482863306999206543e-02
-2.571202442049980164e-02
-1.699896715581417084e-02
-2.010198123753070831e-02
-2.961894869804382324e-02
-3.656499832868576050e-02
-1.240584068000316620e-03
-2.521231584250926971e-02
-1.013478171080350876e-02
-1.880821026861667633e-02
-8.915482461452484131e-02
-2.064738050103187561e-02
-2.085882239043712616e-02
-1.846643164753913879e-02
-1.748609356582164764e-02
-4.374355077743530273e-02
-3.409499302506446838e-02
-3.122414834797382355e-02
-1.917457953095436096e-02
-2.061166428029537201e-02
-1.883725821971893311e-02
-1.269543543457984924e-02
-8.454988151788711548e-02
-8.241612464189529419e-03
-6.721552461385726929e-02
-4.735513031482696533e-02
-1.774230971932411194e-02
-1.923103444278240204e-02
-3.326767310500144958e-02
-3.562649711966514587e-02
-3.960403800010681152e-02
-2.198367193341255188e-02
-1.389081589877605438e-03
-1.193514838814735413e-02
-4.441925138235092163e-02
-1.278280187398195267e-02
-7.056383183225989342e-04
-3.965159133076667786e-02
-4.806800931692123413e-02
-3.358266875147819519e-02
-8.886698633432388306e-03
-3.718062117695808411e-02
-1.968042925000190735e-02
-1.615999639034271240e-02
-2.671783231198787689e-02
-3.717195615172386169e-02
-5.280672386288642883e-02
-3.412604704499244690e-02
-4.119514301419258118e-02
-1.629379391670227051e-02
-2.061704918742179871e-02
-1.362574193626642227e-02
-3.251918777823448181e-02
-2.657501958310604095e-02
-3.104352392256259918e-02
-4.536201432347297668e-02
-1.244208961725234985e-02
7.616946008056402206e-03
-4.854099825024604797e-02
-7.949727587401866913e-03
-8.920451626181602478e-03
-1.541842520236968994e-02
-2.147582545876502991e-02
7.988052815198898315e-02
-3.753347788006067276e-03
1.609624177217483521e-02
-4.631391540169715881e-02
-1.007606182247400284e-02
2.177671529352664948e-03
4.262007772922515869e-03
5.698883533477783203e-02
-1.888061314821243286e-02
-1.958089694380760193e-02
-3.008389845490455627e-02
-1.395048014819622040e-02
-8.090354502201080322e-02
-3.757983213290572166e-03
-7.768318057060241699e-02
8.547678589820861816e-03
-1.438245270401239395e-02
-2.638773620128631592e-02
-2.987545356154441833e-02
-5.818666890263557434e-03
1.179843209683895111e-02
-9.209124371409416199e-03
-6.504907459020614624e-02
1.579363830387592316e-02
-4.142452403903007507e-02
-1.001761946827173233e-02
-2.728345617651939392e-02
-3.353395732119679451e-04
-7.286425679922103882e-04
-4.059316590428352356e-02
-1.644733361899852753e-02
-2.657234109938144684e-02
-1.726147904992103577e-02
-3.591860458254814148e-02
-2.837553806602954865e-02
-4.314435273408889771e-02
-5.998617410659790039e-02
-4.509421810507774353e-02
2.022014930844306946e-02
-3.415871784090995789e-02
-7.842172682285308838e-02
-1.675495132803916931e-02
-3.063483908772468567e-02
-2.589171379804611206e-02
-3.741097822785377502e-02
-3.066301159560680389e-02
-1.565626263618469238e-02
-4.938071966171264648e-02
-2.108013816177845001e-02
-2.407558448612689972e-02
-4.702369216829538345e-03
-3.055676817893981934e-02
-2.405012585222721100e-02
-3.086791373789310455e-02
-3.395733982324600220e-02
-1.000540405511856079e-01
-3.171894699335098267e-02
-1.279577612876892090e-02
1.729073817841708660e-03
-2.218441665172576904e-02
-7.375617511570453644e-03
-9.741510264575481415e-03
-4.397507011890411377e-02
-5.306793749332427979e-02
-3.176604956388473511e-02
3.108687326312065125e-02
-1.545366272330284119e-02
-3.190064057707786560e-02
-5.908787250518798828e-02
-1.827778294682502747e-02
-2.155855111777782440e-02
8.623402565717697144e-03
-2.896044403314590454e-03
-3.863998502492904663e-02
-1.297868601977825165e-02
-3.011250309646129608e-02
-4.030970856547355652e-02
-3.545323014259338379e-02
-4.558781161904335022e-02
-5.698812380433082581e-02
-6.027087941765785217e-02
-2.073510363698005676e-02
-1.761083118617534637e-02
-1.767670549452304840e-02
-2.046850044280290604e-03
9.239776059985160828e-03
-1.412452384829521179e-02
1.181788183748722076e-02
3.336501494050025940e-02
-3.468805178999900818e-02
-1.192356366664171219e-02
-2.860172279179096222e-02
-2.430044300854206085e-02
-2.069756016135215759e-02
-2.207578904926776886e-02
-2.016116864979267120e-02
-1.628233119845390320e-02
-1.114862784743309021e-02
-2.602319791913032532e-02
-2.048895880579948425e-02
-9.088032878935337067e-03
-3.591652959585189819e-02
-1.736586540937423706e-02
-1.865407638251781464e-02
-6.084916740655899048e-02
-2.172380499541759491e-02
-1.073883380740880966e-02
-3.947277739644050598e-02
-4.476495087146759033e-02
-2.616048417985439301e-02
-2.886552177369594574e-02
-1.988709717988967896e-02
-2.993343211710453033e-02
-1.380678173154592514e-02
-1.324015296995639801e-02
-2.902701124548912048e-02
-4.242689162492752075e-02
-3.989153355360031128e-02
-4.736549407243728638e-02
-4.827254638075828552e-02
-3.161101415753364563e-02
-5.030289175920188427e-04
-3.318272158503532410e-02
-4.303813353180885315e-02
-7.940557785332202911e-03
-6.560562551021575928e-02
-3.696709126234054565e-02
-4.255906492471694946e-02
-5.094991624355316162e-02
-4.209582880139350891e-02
-5.222827568650245667e-02
-7.035727798938751221e-02
-3.665978461503982544e-02
-8.639804087579250336e-03
-5.537738092243671417e-03
-5.703844502568244934e-02
-1.628622226417064667e-02
-2.103635668754577637e-02
-2.698445133864879608e-02
-2.258632704615592957e-02
-1.596744358539581299e-02
-1.643658429384231567e-02
-1.757343113422393799e-02
-4.348134621977806091e-02
-1.168095972388982773e-02
-3.590120747685432434e-02
-3.300661593675613403e-02
-2.876141853630542755e-02
-1.795929484069347382e-02
-5.552866961807012558e-03
9.472303790971636772e-04
-3.299229964613914490e-02
-3.653007373213768005e-02
-2.199379168450832367e-02
1.860063988715410233e-03
-1.303376816213130951e-02
-1.285358238965272903e-02
-1.343593001365661621e-02
-6.454405374825000763e-03
-6.255786400288343430e-03
4.109022207558155060e-03
-5.008339881896972656e-02
-2.162478119134902954e-02
-1.081437990069389343e-02
-4.591437056660652161e-02
-2.486521610990166664e-03
-3.911420702934265137e-02
-2.053368277847766876e-02
-2.136263810098171234e-02
-3.039703890681266785e-02
-1.160173956304788589e-02
-4.877723753452301025e-02
-3.755127638578414917e-02
-2.493256330490112305e-02
-2.829601988196372986e-02
-7.031805813312530518e-03
-7.390101999044418335e-02
-1.337341126054525375e-02
-4.862726107239723206e-02
-7.130309194326400757e-02
-1.374069601297378540e-02
-4.073789715766906738e-02
-1.390833873301744461e-02
-1.274999137967824936e-02
-3.052097745239734650e-02
-1.557333394885063171e-02
-5.485834553837776184e-03
-6.360694766044616699e-02
-3.129126876592636108e-02
-1.846415689215064049e-03
-3.161299973726272583e-02
-3.644763305783271790e-02
-5.291887000203132629e-02
-9.978272952139377594e-03
-2.407310716807842255e-02
-6.501927226781845093e-02
-2.990812808275222778e-02
-5.985036864876747131e-02
-1.281387452036142349e-02
-5.287950113415718079e-02
-3.307819738984107971e-02
-3.368208184838294983e-02
-1.292253192514181137e-02
-6.413053721189498901e-02
-1.153442170470952988e-02
-3.421293571591377258e-02
-8.718000724911689758e-03
-5.129096284508705139e-02
-1.870325021445751190e-02
