-9.067968465387821198e-03
5.902310367673635483e-03
2.383784390985965729e-03
-3.074109554290771484e-02
-1.242039259523153305e-02
1.414674683474004269e-03
-2.207681769505143166e-03
-1.067276485264301300e-02
-2.442731335759162903e-02
-2.155109681189060211e-02
-4.854140058159828186e-02
-2.895466517657041550e-03
3.360976278781890869e-02
5.443472415208816528e-03
1.166388113051652908e-02
-2.278061350807547569e-03
3.465319052338600159e-02
-1.579980179667472839e-02
-3.499429300427436829e-02
-5.165745969861745834e-03
-8.900363929569721222e-03
1.524783438071608543e-03
1.883043907582759857e-02
1.050076447427272797e-02
2.574640139937400818e-02
8.377813734114170074e-03
4.838989116251468658e-03
-6.847544759511947632e-02
-8.066510781645774841e-03
1.089100915123708546e-04
4.585824161767959595e-02
4.378791432827711105e-03
-2.332157455384731293e-02
1.084888447076082230e-02
2.481614798307418823e-02
-1.027029287070035934e-02
-5.901717115193605423e-03
6.410753726959228516e-02
-4.822420701384544373e-02
-8.657462312839925289e-04
-1.273255050182342529e-02
-1.464563887566328049e-02
-2.159533835947513580e-02
-5.730768665671348572e-03
-1.595145091414451599e-02
-6.045074202120304108e-03
-4.444149788469076157e-03
2.146516693755984306e-03
-4.078112170100212097e-02
5.012101028114557266e-03
-2.662223577499389648e-02
-5.855923518538475037e-03
-2.575317025184631348e-02
3.602436929941177368e-02
2.092467062175273895e-02
-2.762344479560852051e-02
3.420767560601234436e-02
-3.750655800104141235e-02
-6.837329361587762833e-03
-1.768014952540397644e-02
-2.027131430804729462e-02
-6.441668421030044556e-02
1.669160649180412292e-02
-1.630846527405083179e-03
-1.022502109408378601e-01
1.852429844439029694e-02
-6.731236353516578674e-03
1.868132501840591431e-02
-2.919913269579410553e-03
-1.090660504996776581e-02
8.654251694679260254e-03
-1.514044497162103653e-02
-7.956470362842082977e-03
1.229046843945980072e-02
-8.256796747446060181e-03
2.511700056493282318e-02
-2.276341244578361511e-02
1.161554083228111267e-02
1.791378855705261230e-02
-2.450758777558803558e-02
-5.996560212224721909e-03
2.273705229163169861e-02
-1.064137369394302368e-02
-2.402883721515536308e-03
1.054549869149923325e-02
1.653300970792770386e-02
2.533085271716117859e-02
2.413752721622586250e-03
-2.272960264235734940e-03
-3.059314750134944916e-02
1.576192304491996765e-02
-3.029258921742439270e-02
-1.407139375805854797e-02
-4.315472021698951721e-02
-1.041990797966718674e-02
6.298733875155448914e-03
2.743530459702014923e-02
6.823363248258829117e-03
8.134057745337486267e-03
5.850059445947408676e-03
5.172007158398628235e-02
-1.367816701531410217e-02
2.624883200041949749e-04
1.568185514770448208e-03
-1.785875670611858368e-02
4.697496537119150162e-03
-3.609193023294210434e-03
-2.988260239362716675e-02
-8.408106863498687744e-03
-2.492382889613509178e-03
4.381988197565078735e-02
-2.203585207462310791e-02
-3.643830772489309311e-03
-6.818490475416183472e-02
7.724837865680456161e-03
3.407148877158761024e-03
-1.866370998322963715e-02
-3.599257674068212509e-03
-3.244111547246575356e-03
-1.332578249275684357e-03
1.145930215716362000e-02
-1.791702001355588436e-03
1.093155611306428909e-02
-2.637090161442756653e-03
-1.231368351727724075e-02
4.472220782190561295e-03
-1.765857450664043427e-02
8.860548958182334900e-03
-2.618187107145786285e-02
-1.859082840383052826e-02
-1.613945467397570610e-03
5.486480426043272018e-03
-4.436828603502362967e-04
-1.965471077710390091e-03
8.689576643519103527e-04
-5.317044910043478012e-03
-2.195473760366439819e-03
5.110213905572891235e-02
-2.739273477345705032e-03
1.461340766400098801e-02
3.163896128535270691e-02
-3.414662927389144897e-02
5.467629525810480118e-03
-9.224623441696166992e-03
-8.992885123006999493e-04
1.236536633223295212e-02
1.008308399468660355e-02
-1.913453452289104462e-02
3.688811883330345154e-02
-7.848799228668212891e-03
2.229586476460099220e-03
-4.343659966252744198e-04
-2.653859322890639305e-03
-6.591907003894448280e-04
-9.867091663181781769e-03
3.610054496675729752e-03
-5.417682230472564697e-03
-2.833252772688865662e-02
4.988023638725280762e-02
9.652721200836822391e-05
6.533989682793617249e-03
1.624519703909754753e-03
-2.003353834152221680e-02
-4.361445549875497818e-03
6.864468567073345184e-03
-6.393644027411937714e-03
-1.194300875067710876e-02
-1.030273269861936569e-02
-4.978794232010841370e-02
-2.334449067711830139e-02
-2.197656547650694847e-03
-1.770178787410259247e-03
1.380020839860662818e-04
5.133108235895633698e-03
-1.143659651279449463e-02
-3.516588732600212097e-02
7.272162474691867828e-03
4.842445719987154007e-03
1.352087967097759247e-02
7.871304452419281006e-02
4.597346857190132141e-02
1.941948942840099335e-02
1.788308098912239075e-02
8.477436378598213196e-03
1.119990460574626923e-02
4.968595504760742188e-02
-3.789768321439623833e-03
1.935686887009069324e-04
1.986855408176779747e-03
3.777259029448032379e-03
6.347798742353916168e-03
2.993572317063808441e-02
1.544884033501148224e-02
8.601441979408264160e-02
-6.035350263118743896e-03
8.439710363745689392e-03
9.605594910681247711e-03
-1.211090479046106339e-03
-2.698071300983428955e-02
-3.374750725924968719e-03
-5.227833986282348633e-03
2.988298237323760986e-02
-2.767547033727169037e-03
-2.021552622318267822e-02
-4.535201471298933029e-03
7.830481044948101044e-04
1.418352685868740082e-02
-1.182931102812290192e-02
-3.222552593797445297e-03
-2.896670438349246979e-02
-2.967681502923369408e-03
6.539462506771087646e-02
5.508694797754287720e-03
-2.484759315848350525e-02
-1.554343011230230331e-02
-6.581364665180444717e-03
9.164089336991310120e-03
7.625809870660305023e-03
-1.798113342374563217e-03
1.726914942264556885e-02
1.932980492711067200e-02
-1.675807870924472809e-02
9.296582080423831940e-03
-4.209590330719947815e-02
9.889483451843261719e-03
-2.702182158827781677e-02
-2.304443344473838806e-02
-3.032755106687545776e-03
-2.153057791292667389e-02
2.895674481987953186e-02
3.784594684839248657e-02
3.678625822067260742e-02
-7.920873351395130157e-03
7.247436325997114182e-03
-7.090284489095211029e-03
-2.630905248224735260e-03
-1.546301355119794607e-04
-1.318172737956047058e-02
-2.629134058952331543e-02
1.846226118505001068e-02
-4.119784105569124222e-03
-1.860348694026470184e-02
-1.031434722244739532e-02
-1.456351252272725105e-03
2.993389964103698730e-02
-1.041923067532479763e-03
-1.479871384799480438e-02
2.887233719229698181e-02
-7.145985960960388184e-02
-1.193610578775405884e-02
1.997996680438518524e-02
-4.947215318679809570e-03
-3.633441403508186340e-02
-1.914116553962230682e-02
-4.968171706423163414e-04
-6.455638445913791656e-03
-2.562196180224418640e-02
-2.285623224452137947e-03
1.565537787973880768e-02
1.488833455368876457e-03
-1.540923677384853363e-02
-4.029489587992429733e-03
-2.722418680787086487e-02
7.763484958559274673e-03
-7.189581170678138733e-03
3.284034552052617073e-03
-2.201467752456665039e-02
4.542731679975986481e-03
2.318508690223097801e-03
5.207238253206014633e-03
3.268448635935783386e-03
-1.660575717687606812e-02
6.507930345833301544e-03
2.550246892496943474e-03
-3.326751524582505226e-03
2.020889194682240486e-03
2.869478194043040276e-03
-2.488576807081699371e-02
-1.337905880063772202e-02
-7.488708943128585815e-03
2.137915603816509247e-02
-1.973056048154830933e-02
-4.617127403616905212e-02
3.106376389041543007e-03
1.177252084016799927e-02
-5.517215933650732040e-03
-7.827363908290863037e-03
6.433723028749227524e-03
-2.918420359492301941e-02
-6.899359077215194702e-02
-4.482944030314683914e-03
-1.339970622211694717e-02
-6.002937443554401398e-03
-3.227116912603378296e-02
-1.419834047555923462e-01
-1.989432983100414276e-02
-2.746104076504707336e-02
-4.708313848823308945e-03
-1.537676341831684113e-02
-8.080834150314331055e-02
5.362125858664512634e-02
-4.146602749824523926e-02
-7.621777057647705078e-02
1.053457614034414291e-02
-6.401313841342926025e-02
2.516552992165088654e-02
5.286316573619842529e-02
8.455805480480194092e-02
-1.143224164843559265e-01
-1.117282547056674957e-03
-2.310613542795181274e-02
-5.369544960558414459e-03
9.742568247020244598e-03
1.169759314507246017e-03
-1.123553793877363205e-02
-4.279731772840023041e-03
5.851426627486944199e-03
-1.084980554878711700e-02
3.467549104243516922e-03
7.393461652100086212e-03
-3.317140042781829834e-02
-4.800270311534404755e-03
-6.916674319654703140e-03
-2.121461555361747742e-02
-1.218053139746189117e-02
-9.369118139147758484e-03
-2.386628184467554092e-03
-6.326465401798486710e-03
-1.111762877553701401e-02
3.384308656677603722e-03
1.176624372601509094e-02
-9.721728973090648651e-03
8.842269890010356903e-03
-1.760379411280155182e-02
-6.890957057476043701e-02
-8.601212874054908752e-03
-8.255591988563537598e-02
-5.031822249293327332e-03
-1.091740932315587997e-02
-9.769364260137081146e-03
6.838941946625709534e-03
9.190978482365608215e-03
-3.925266116857528687e-02
2.055061515420675278e-03
-9.087608195841312408e-03
2.044524438679218292e-02
-6.823468022048473358e-03
4.210335668176412582e-03
-8.525028824806213379e-02
-8.578657172620296478e-03
1.044432260096073151e-02
-1.018380094319581985e-02
1.775903068482875824e-02
1.465352543164044619e-04
-9.676726534962654114e-03
2.985978685319423676e-02
1.807535998523235321e-02
1.000876538455486298e-03
3.709832951426506042e-02
5.079995375126600266e-03
-2.656006254255771637e-02
-1.009305939078330994e-02
-9.091439656913280487e-03
1.548849279060959816e-03
-2.871162816882133484e-02
1.320591382682323456e-02
-1.243383716791868210e-02
-3.907990083098411560e-02
4.636233672499656677e-02
1.465548877604305744e-03
-8.630110882222652435e-03
-3.575837938115000725e-03
-7.232508156448602676e-03
2.416354045271873474e-02
7.630667183548212051e-03
-6.045885384082794189e-02
1.248711626976728439e-02
1.158752292394638062e-02
-4.923428874462842941e-03
2.690468914806842804e-03
2.649362385272979736e-02
-1.284535625018179417e-03
6.283666007220745087e-03
2.916995435953140259e-02
-1.090901438146829605e-02
-2.219730056822299957e-02
-4.641310661099851131e-04
-7.291934918612241745e-03
1.333287917077541351e-02
9.698696434497833252e-03
-1.408911962062120438e-02
1.686308905482292175e-02
-8.177077397704124451e-03
-5.908976867794990540e-02
6.814078893512487411e-03
-9.166545351035892963e-04
3.364837029948830605e-03
3.906818106770515442e-02
3.183117508888244629e-02
-1.247587241232395172e-02
3.101251204498112202e-04
-1.803964842110872269e-03
-2.121439762413501740e-02
7.312260568141937256e-03
3.942758962512016296e-02
-1.783432438969612122e-03
1.487969979643821716e-02
-3.718857839703559875e-02
1.547110546380281448e-02
-1.493000704795122147e-02
-7.918232679367065430e-02
1.154105924069881439e-02
1.739779487252235413e-02
6.820803508162498474e-03
4.046112298965454102e-03
1.283693406730890274e-02
-2.441573888063430786e-02
-7.222461048513650894e-03
-5.105651915073394775e-03
-2.161114662885665894e-02
2.312317490577697754e-02
1.486815046519041061e-03
-1.104139089584350586e-01
-4.651095718145370483e-03
5.120135471224784851e-02
2.210868708789348602e-02
2.584824338555335999e-03
6.766194128431379795e-04
1.654740795493125916e-02
5.431810393929481506e-03
-3.535835072398185730e-02
2.868627011775970459e-02
-5.814341129735112190e-04
1.056296750903129578e-04
-2.956065535545349121e-02
-9.483794867992401123e-02
-1.040760613977909088e-02
-4.639904201030731201e-02
4.668343439698219299e-02
-1.893069222569465637e-02
-1.285289227962493896e-02
5.079730413854122162e-03
2.079865336418151855e-02
-9.041284210979938507e-04
3.382066264748573303e-02
-2.025180868804454803e-02
-2.319736871868371964e-03
-1.302740909159183502e-02
-1.288285199552774429e-02
-1.051569730043411255e-02
4.665827378630638123e-02
-4.687266424298286438e-03
-1.785579137504100800e-02
-2.610212657600641251e-03
-1.134747080504894257e-02
2.087626978754997253e-02
-6.460013682954013348e-04
-6.289841979742050171e-02
-6.435421528294682503e-04
7.415484637022018433e-02
-9.841371327638626099e-02
-4.181538894772529602e-02
4.760403651744127274e-03
-3.572037443518638611e-03
6.176934577524662018e-03
-2.630799636244773865e-02
-1.622689887881278992e-02
-3.929120721295475960e-04
3.288273001089692116e-03
-3.077890537679195404e-02
-1.794398762285709381e-02
-2.274266909807920456e-03
-1.889546983875334263e-03
4.791978746652603149e-03
-2.252644859254360199e-02
-1.966480538249015808e-02
1.641188189387321472e-02
-6.705399602651596069e-03
-1.979493349790573120e-02
-2.242441289126873016e-02
-8.504594862461090088e-02
4.649094771593809128e-03
5.056669469922780991e-03
5.677388515323400497e-03
-4.922061786055564880e-02
5.892411340028047562e-03
2.529524732381105423e-03
9.412390179932117462e-03
-1.465828530490398407e-02
-4.442410543560981750e-03
-2.772819809615612030e-02
-1.322437915951013565e-02
2.050010487437248230e-03
1.562796649523079395e-03
1.034846529364585876e-03
-2.925377711653709412e-02
2.412195317447185516e-02
1.392339263111352921e-02
6.029033684171736240e-04
-2.119342423975467682e-02
-1.413371297530829906e-03
-1.356499502435326576e-03
-1.824480108916759491e-02
-6.618361920118331909e-03
4.939015954732894897e-02
-2.575935423374176025e-02
-2.325141336768865585e-03
2.075752941891551018e-03
-6.416400894522666931e-03
2.831040881574153900e-03
5.014195665717124939e-02
-8.191586472094058990e-03
