-1.556306928396224976e-01
-1.562562435865402222e-01
-1.871708631515502930e-01
-2.099058181047439575e-01
-1.669798642396926880e-01
-1.957127153873443604e-01
-2.123469710350036621e-01
-2.006383985280990601e-01
-1.196352466940879822e-01
-1.273380666971206665e-01
-1.174146458506584167e-01
-1.500939577817916870e-01
-2.136718183755874634e-01
-2.260787934064865112e-01
-1.975983530282974243e-01
-1.977567672729492188e-01
-4.504941403865814209e-02
-1.764841228723526001e-01
-1.590069830417633057e-01
-2.102263271808624268e-01
-7.376554608345031738e-02
-1.972710341215133667e-01
-1.026408076286315918e-01
-1.763855069875717163e-01
-1.863425672054290771e-01
-1.545148044824600220e-01
-1.914463192224502563e-01
-1.765143275260925293e-01
-1.641825884580612183e-01
-1.557435989379882812e-01
-1.452768146991729736e-01
-2.747432887554168701e-01
-1.895992159843444824e-01
-2.020760029554367065e-01
-1.797468960285186768e-01
-7.355587184429168701e-02
-1.957188397645950317e-01
-1.820852905511856079e-01
-1.435309648513793945e-01
-3.053258359432220459e-02
-1.679562479257583618e-01
-1.743006855249404907e-01
-1.842564791440963745e-01
-1.268412470817565918e-01
-1.496617496013641357e-01
-1.741356700658798218e-01
-2.015656381845474243e-01
-1.601063460111618042e-01
-1.969170123338699341e-01
-2.855205833911895752e-01
-1.621689796447753906e-01
-1.188573837280273438e-01
-1.357463300228118896e-01
-2.400829493999481201e-01
-2.096298038959503174e-01
-1.486899554729461670e-01
-2.270452827215194702e-01
-2.302167713642120361e-01
-1.879813373088836670e-01
-1.393973380327224731e-01
-1.453750431537628174e-01
-2.186294794082641602e-01
-1.763701438903808594e-01
-1.444119308143854141e-02
-2.048751413822174072e-01
-1.993317455053329468e-01
-6.773251295089721680e-02
-9.084860980510711670e-02
-1.063140630722045898e-01
-2.136963754892349243e-01
-2.243380695581436157e-01
-2.319601923227310181e-01
-4.481714218854904175e-02
-2.090636193752288818e-01
-4.719860851764678955e-03
-1.590705066919326782e-01
-1.667418479919433594e-01
-1.892398744821548462e-01
-2.411761879920959473e-01
-1.842691004276275635e-01
-9.119417518377304077e-02
-1.780969053506851196e-01
-9.191183745861053467e-02
-4.721941053867340088e-02
-1.586061269044876099e-01
-2.128885984420776367e-01
-1.058480441570281982e-01
-2.239904999732971191e-01
-1.887430399656295776e-01
-2.116294801235198975e-01
-1.377258002758026123e-01
-2.800296545028686523e-01
-2.572439908981323242e-01
-1.953167617321014404e-01
-2.334032803773880005e-01
-2.213870584964752197e-01
-1.913044154644012451e-01
-2.564410567283630371e-01
-2.491768747568130493e-01
-2.037908732891082764e-01
-1.989849805831909180e-01
-1.441643536090850830e-01
-1.947642415761947632e-01
-2.404409646987915039e-01
-1.383695602416992188e-01
-1.773077398538589478e-01
-1.683026850223541260e-01
-2.343893200159072876e-01
-7.572982460260391235e-02
-2.658177912235260010e-01
-2.241459041833877563e-01
-1.785986870527267456e-01
-1.804120391607284546e-01
-1.640876978635787964e-01
-1.200558617711067200e-01
-1.664097309112548828e-01
-1.763830035924911499e-01
-1.926172971725463867e-01
-2.429819703102111816e-01
-1.925008594989776611e-01
-1.697087883949279785e-01
-1.811390221118927002e-01
-1.795966327190399170e-01
-5.467237159609794617e-02
-9.005508571863174438e-02
-1.486021727323532104e-01
-2.577008008956909180e-01
-6.224534660577774048e-02
-2.030943185091018677e-01
-2.076952457427978516e-01
-1.462736278772354126e-01
-2.121785134077072144e-01
-2.715260386466979980e-01
-1.592451483011245728e-01
-1.345282196998596191e-01
-2.430948168039321899e-01
-2.049604207277297974e-01
-1.773401796817779541e-01
-2.569347321987152100e-01
-6.268821656703948975e-02
-1.992998570203781128e-01
-1.423974633216857910e-01
-1.974523812532424927e-01
-1.378279626369476318e-01
-1.862298995256423950e-01
-1.959100961685180664e-01
-1.988866776227951050e-01
-1.641364693641662598e-01
-2.028069049119949341e-01
-2.688495516777038574e-01
-1.122525855898857117e-01
-2.369193583726882935e-01
-1.991652399301528931e-01
-1.645334064960479736e-01
-1.871810555458068848e-01
-1.810454428195953369e-01
-1.758771091699600220e-01
-2.363133281469345093e-01
-1.402475833892822266e-01
-2.301509082317352295e-01
-1.695647984743118286e-01
6.189765781164169312e-02
-1.605521440505981445e-01
-1.911965161561965942e-01
-2.267462611198425293e-01
-1.761220395565032959e-01
-1.010852605104446411e-01
-2.050404101610183716e-01
-1.861832737922668457e-01
-1.867534816265106201e-01
-2.192520797252655029e-01
-2.363122850656509399e-01
-1.393525749444961548e-01
-1.672981232404708862e-01
-2.302862703800201416e-01
-1.744661033153533936e-01
-5.148889124393463135e-02
-1.694687306880950928e-01
-1.666955798864364624e-01
-1.875829398632049561e-01
-1.041586473584175110e-01
-1.819860488176345825e-01
-2.104804217815399170e-01
-2.196324318647384644e-01
-1.143331751227378845e-01
-1.293860226869583130e-01
-2.042402625083923340e-01
-1.649529337882995605e-01
-2.226923108100891113e-01
-1.174681559205055237e-01
-1.696959882974624634e-01
-2.818478643894195557e-01
5.655898526310920715e-02
-2.375537157058715820e-01
-2.212348729372024536e-01
-2.031764537096023560e-01
-1.573452800512313843e-01
-1.821474134922027588e-01
-1.914756298065185547e-01
-1.887523382902145386e-01
-2.230733782052993774e-01
-1.454489082098007202e-01
-1.520493030548095703e-01
-2.389231026172637939e-01
-8.009482175111770630e-02
-2.558646798133850098e-01
-1.427801102399826050e-01
-1.716712713241577148e-01
-7.974980026483535767e-02
-2.663698196411132812e-01
-2.097143530845642090e-01
-1.525287181138992310e-01
-1.898872107267379761e-01
-1.752264797687530518e-01
-1.635434180498123169e-01
-2.333100736141204834e-01
-1.571100056171417236e-01
-1.879606842994689941e-01
-2.416305094957351685e-01
-1.456775218248367310e-01
-1.842116713523864746e-01
-2.324825078248977661e-01
-2.993841841816902161e-02
-2.101082541048526764e-02
-1.633094847202301025e-01
-2.050841897726058960e-01
-5.541441217064857483e-02
-1.653683483600616455e-01
-1.426484733819961548e-01
-1.517791450023651123e-01
-1.108644083142280579e-01
-2.070163786411285400e-01
-1.876117289066314697e-01
-1.705704331398010254e-01
-1.537573188543319702e-01
-2.533681094646453857e-01
-1.745586246252059937e-01
-1.704971492290496826e-01
-1.646478474140167236e-01
-2.128226906061172485e-01
-2.240112572908401489e-01
-1.410782635211944580e-01
-1.699125468730926514e-01
-1.424234509468078613e-01
-1.577920019626617432e-01
-1.608915925025939941e-01
-1.926863044500350952e-01
-2.198426276445388794e-01
-1.427865028381347656e-01
-2.520213127136230469e-01
-1.255036890506744385e-01
-3.133160471916198730e-01
-1.462626010179519653e-01
-2.294016182422637939e-01
-1.803528815507888794e-01
-2.154370844364166260e-01
-1.644642353057861328e-01
-2.291556894779205322e-01
-2.219979763031005859e-01
-1.928607523441314697e-01
-2.181561142206192017e-01
-1.414420604705810547e-01
-2.806549072265625000e-01
-8.717770874500274658e-02
-1.586954891681671143e-01
-2.333736568689346313e-01
-1.928173154592514038e-01
-2.547560036182403564e-01
-1.284005939960479736e-01
-2.228100150823593140e-01
-1.710347235202789307e-01
-1.632293760776519775e-01
-1.425188183784484863e-01
-1.790649145841598511e-01
-2.446019798517227173e-01
-1.126980856060981750e-01
-1.979184895753860474e-01
-3.888044878840446472e-02
-1.927536427974700928e-01
-1.708464771509170532e-01
-2.000312358140945435e-01
-1.406603902578353882e-01
-7.834048569202423096e-02
-9.740760549902915955e-03
-1.207349672913551331e-01
-2.161801159381866455e-01
-1.366756558418273926e-01
-2.190068811178207397e-01
-1.761285811662673950e-01
-1.441800594329833984e-01
-2.625623047351837158e-01
-1.702877134084701538e-01
-1.757880002260208130e-01
-2.605767846107482910e-01
-2.430286854505538940e-01
-6.593170762062072754e-02
-2.141176909208297729e-01
-1.887719035148620605e-01
-1.691924333572387695e-01
-1.479853242635726929e-01
-1.140182688832283020e-01
-2.092508673667907715e-01
6.156643107533454895e-02
-1.472832262516021729e-01
-2.206780165433883667e-01
-2.145522385835647583e-01
-1.735479980707168579e-01
-2.263699620962142944e-01
-1.120931375771760941e-02
-2.395281493663787842e-01
5.232146754860877991e-02
-2.161201536655426025e-01
6.350273638963699341e-02
-1.775195300579071045e-01
-1.729581952095031738e-01
-1.341934204101562500e-01
-1.963541209697723389e-01
-2.164447009563446045e-01
-1.062403991818428040e-01
-1.400660574436187744e-01
-2.513313293457031250e-01
-1.749754250049591064e-01
-1.474959105253219604e-01
-1.535447686910629272e-01
-2.048535943031311035e-01
-2.186230719089508057e-01
-1.333054602146148682e-01
-1.994061470031738281e-01
-2.294530868530273438e-01
-2.115638852119445801e-01
-2.472921758890151978e-01
-1.952565610408782959e-01
-2.030832171440124512e-01
-1.720368266105651855e-01
-1.932889223098754883e-01
-2.415561228990554810e-01
-1.510850936174392700e-01
-1.350511312484741211e-01
-2.554046809673309326e-01
7.854041457176208496e-02
-1.196421310305595398e-01
-1.831274479627609253e-01
-1.289239674806594849e-01
-1.774180531501770020e-01
-2.407860755920410156e-01
-1.776924133300781250e-01
-3.756258636713027954e-02
-2.608932256698608398e-01
-2.069473713636398315e-01
-1.423231959342956543e-01
-8.458343893289566040e-02
-8.670100569725036621e-02
-1.595565527677536011e-01
-1.912750303745269775e-01
-2.025397270917892456e-01
-9.364314377307891846e-02
-1.905349493026733398e-01
-1.751890629529953003e-01
-1.969974637031555176e-01
-1.778019070625305176e-01
-2.655830979347229004e-01
-1.741473227739334106e-01
-1.795596331357955933e-01
-1.071339100599288940e-01
-2.513113319873809814e-01
-1.919126808643341064e-01
-1.903525590896606445e-01
-1.840889006853103638e-01
-1.406924128532409668e-01
-2.235478609800338745e-01
-3.346888422966003418e-01
-1.681999117136001587e-01
-1.733700335025787354e-01
-1.267987340688705444e-01
-1.941523700952529907e-01
-1.666271537542343140e-01
-2.194498926401138306e-01
-1.450455635786056519e-01
-1.479031294584274292e-01
-8.515816926956176758e-02
-2.005703747272491455e-01
-1.028942912817001343e-01
-2.197132110595703125e-01
-2.143999487161636353e-01
-1.702882200479507446e-01
4.539401456713676453e-02
-1.796250790357589722e-01
-1.979995369911193848e-01
-1.769086271524429321e-01
-1.631548106670379639e-01
-2.166782766580581665e-01
-2.316764891147613525e-01
-1.639415770769119263e-01
-3.516487404704093933e-02
-1.490095704793930054e-01
-9.180829674005508423e-02
-1.983367353677749634e-01
-1.198895648121833801e-01
-2.107297331094741821e-01
-2.528095841407775879e-01
-1.681828200817108154e-01
-2.437554448843002319e-01
-2.076345682144165039e-01
-2.585369348526000977e-01
-2.663911581039428711e-01
-1.921625584363937378e-01
-1.959958821535110474e-01
-1.993894129991531372e-01
-1.818180382251739502e-01
-1.843102276325225830e-01
-1.426353305578231812e-01
-1.706907600164413452e-01
-1.121641993522644043e-01
-9.380158782005310059e-02
-1.723823845386505127e-01
-2.032576650381088257e-01
8.113028109073638916e-02
-1.943445056676864624e-01
-1.325626373291015625e-01
-1.924401819705963135e-01
-7.432316988706588745e-02
-1.851451992988586426e-01
-2.087238281965255737e-01
-1.570493429899215698e-01
-1.808161437511444092e-01
-1.016191095113754272e-01
-1.976550668478012085e-01
-1.763503700494766235e-01
-2.467617690563201904e-01
-7.709049433469772339e-02
-1.823105216026306152e-01
-1.295109838247299194e-01
-1.669321954250335693e-01
-1.827846616506576538e-01
-2.114629149436950684e-01
-2.660334408283233643e-01
-2.096174955368041992e-01
-1.655862480401992798e-01
-2.044071108102798462e-01
-1.067680791020393372e-01
-2.301197201013565063e-01
-1.662019789218902588e-01
-2.261263877153396606e-01
-2.455352842807769775e-01
-1.257306635379791260e-01
-1.797030121088027954e-01
-1.861896216869354248e-01
-2.739892005920410156e-01
-1.458984017372131348e-01
-1.559953242540359497e-01
-1.218968555331230164e-01
-2.024713605642318726e-01
7.157056778669357300e-02
-2.226295918226242065e-01
-1.736839264631271362e-01
-1.684386432170867920e-01
-1.860287189483642578e-01
-1.658137887716293335e-01
-1.380984485149383545e-01
-2.117383480072021484e-01
-2.476428747177124023e-01
-1.842814832925796509e-01
-1.512072235345840454e-01
-1.838741749525070190e-01
-2.647330760955810547e-01
-1.146143674850463867e-01
-2.772632539272308350e-01
-8.332429081201553345e-02
-1.997152566909790039e-01
-1.026788428425788879e-01
-1.201824843883514404e-01
-1.391506195068359375e-01
-1.433367878198623657e-01
-2.185409814119338989e-01
-1.656611412763595581e-01
-1.625326573848724365e-01
-1.477929651737213135e-01
-1.417913436889648438e-01
-2.365470975637435913e-01
-2.930376827716827393e-01
-1.896735727787017822e-01
-1.925827115774154663e-01
-1.879903674125671387e-01
-2.258555740118026733e-01
-2.377559393644332886e-01
-2.199359536170959473e-01
-6.917663663625717163e-02
-7.938758283853530884e-02
-1.015411168336868286e-01
-1.273632794618606567e-01
-1.301438510417938232e-01
-1.930621713399887085e-01
-1.450293511152267456e-01
-2.110531777143478394e-01
-2.627452611923217773e-01
5.201317742466926575e-02
-2.240700125694274902e-01
-2.147953808307647705e-01
-1.887958496809005737e-01
-1.013492271304130554e-01
-1.390647888183593750e-01
-2.104383409023284912e-01
-1.048764139413833618e-01
-1.919107139110565186e-01
-3.345733880996704102e-01
-2.699792981147766113e-01
-1.253991723060607910e-01
-1.498296856880187988e-01
-1.664706766605377197e-01
-1.444841772317886353e-01
-1.841158419847488403e-01
-2.120360434055328369e-01
