2.074319273233413696e-01
2.474102079868316650e-01
1.677207797765731812e-01
2.425404489040374756e-01
2.163489162921905518e-01
1.954569518566131592e-01
2.320518791675567627e-01
2.057675123214721680e-01
2.100844681262969971e-01
2.307686060667037964e-01
2.239602804183959961e-01
1.515522897243499756e-01
1.944740861654281616e-01
2.006138712167739868e-01
2.096029818058013916e-01
2.184314578771591187e-01
1.866040229797363281e-01
1.733962148427963257e-01
1.951347887516021729e-01
2.249212861061096191e-01
2.122424095869064331e-01
1.948494762182235718e-01
2.335477024316787720e-01
2.273387163877487183e-01
2.185245156288146973e-01
1.713730245828628540e-01
1.980096250772476196e-01
2.036600261926651001e-01
1.971242725849151611e-01
2.372831553220748901e-01
1.453537195920944214e-01
1.916343718767166138e-01
2.003426104784011841e-01
1.877019852399826050e-01
2.569626569747924805e-01
1.964335441589355469e-01
1.639144867658615112e-01
1.766159981489181519e-01
1.626269966363906860e-01
2.255809009075164795e-01
2.050825804471969604e-01
1.814935803413391113e-01
2.470217496156692505e-01
2.397839725017547607e-01
2.178511321544647217e-01
2.354747354984283447e-01
2.473078221082687378e-01
1.629803180694580078e-01
1.951743066310882568e-01
2.092689275741577148e-01
1.855569034814834595e-01
2.489667534828186035e-01
2.296188920736312866e-01
2.589194774627685547e-01
2.214597314596176147e-01
2.276438772678375244e-01
1.624890714883804321e-01
1.952335834503173828e-01
1.761896610260009766e-01
1.657732874155044556e-01
2.188799232244491577e-01
2.460490465164184570e-01
1.902005672454833984e-01
2.486320585012435913e-01
2.317865639925003052e-01
1.866753548383712769e-01
2.164696604013442993e-01
2.205273211002349854e-01
2.126541137695312500e-01
1.793354153633117676e-01
1.958562433719635010e-01
1.963593661785125732e-01
1.632916331291198730e-01
2.261766046285629272e-01
2.057499289512634277e-01
1.439590603113174438e-01
2.083960026502609253e-01
1.798681616783142090e-01
1.784075200557708740e-01
1.880775690078735352e-01
1.869542747735977173e-01
1.211713626980781555e-01
1.888374090194702148e-01
1.679128557443618774e-01
1.978555768728256226e-01
2.344948649406433105e-01
1.304436177015304565e-01
1.328903138637542725e-01
2.102513760328292847e-01
2.452636510133743286e-01
1.982587724924087524e-01
2.224333584308624268e-01
1.246168166399002075e-01
2.273244261741638184e-01
1.702611446380615234e-01
2.264390736818313599e-01
1.800973266363143921e-01
1.715536266565322876e-01
2.181476652622222900e-01
1.845057308673858643e-01
1.690936386585235596e-01
1.713043898344039917e-01
1.945398002862930298e-01
1.828436255455017090e-01
2.057674974203109741e-01
2.347664833068847656e-01
2.278343439102172852e-01
2.363033145666122437e-01
2.057002186775207520e-01
2.482734173536300659e-01
2.211705446243286133e-01
2.355517894029617310e-01
2.158492356538772583e-01
1.990283727645874023e-01
2.075140774250030518e-01
2.484742701053619385e-01
2.037821859121322632e-01
1.908905357122421265e-01
1.976067870855331421e-01
2.183208912611007690e-01
1.872338652610778809e-01
1.935720890760421753e-01
1.986642032861709595e-01
1.838658601045608521e-01
2.238137423992156982e-01
2.060595154762268066e-01
1.844993531703948975e-01
2.436767369508743286e-01
