2.461922764778137207e-01
2.034049034118652344e-01
2.142958790063858032e-01
1.938343793153762817e-01
2.509605884552001953e-01
1.239733472466468811e-01
2.001319378614425659e-01
2.137023657560348511e-01
2.533669769763946533e-01
2.066680639982223511e-01
2.092792838811874390e-01
2.243694067001342773e-01
2.066118568181991577e-01
2.305689603090286255e-01
2.301501035690307617e-01
2.151865214109420776e-01
2.406751662492752075e-01
2.676413655281066895e-01
2.223435640335083008e-01
1.754247993230819702e-01
2.101473808288574219e-01
2.194212675094604492e-01
1.836907118558883667e-01
1.775508224964141846e-01
2.044832259416580200e-01
2.021226882934570312e-01
2.422431409358978271e-01
2.532011270523071289e-01
2.059016376733779907e-01
2.349865883588790894e-01
1.950428485870361328e-01
1.902929693460464478e-01
2.257634848356246948e-01
1.925078183412551880e-01
2.110533565282821655e-01
2.013100981712341309e-01
2.637320756912231445e-01
2.236891239881515503e-01
2.357089072465896606e-01
2.412090450525283813e-01
2.188561558723449707e-01
2.197015881538391113e-01
2.077515423297882080e-01
2.262797057628631592e-01
2.603694796562194824e-01
2.076824754476547241e-01
2.053607255220413208e-01
2.378895282745361328e-01
2.353620082139968872e-01
1.077347099781036377e-01
2.260352522134780884e-01
2.293016761541366577e-01
1.898964494466781616e-01
2.250571697950363159e-01
2.309124171733856201e-01
2.795163989067077637e-01
2.171763479709625244e-01
1.835902929306030273e-01
1.882862746715545654e-01
2.570650875568389893e-01
1.855961084365844727e-01
2.181701064109802246e-01
2.302535474300384521e-01
2.086018025875091553e-01
2.472451925277709961e-01
1.761825382709503174e-01
2.092625200748443604e-01
1.905345916748046875e-01
2.524331808090209961e-01
2.210734635591506958e-01
2.556104063987731934e-01
1.940165013074874878e-01
2.341701984405517578e-01
2.055488377809524536e-01
2.206431478261947632e-01
1.930059492588043213e-01
2.020901441574096680e-01
2.091925591230392456e-01
2.336265891790390015e-01
2.286294251680374146e-01
2.379131317138671875e-01
2.490117549896240234e-01
2.149098515510559082e-01
1.972862035036087036e-01
2.099261581897735596e-01
2.343618124723434448e-01
1.830270588397979736e-01
2.325760126113891602e-01
1.574143171310424805e-01
2.437827587127685547e-01
2.254213839769363403e-01
1.911248117685317993e-01
2.204330712556838989e-01
2.274474054574966431e-01
1.968958675861358643e-01
2.181919366121292114e-01
1.931249648332595825e-01
2.509458661079406738e-01
2.521285712718963623e-01
1.924658864736557007e-01
2.376875579357147217e-01
2.323528975248336792e-01
2.670381367206573486e-01
1.988177001476287842e-01
2.084411978721618652e-01
2.449633777141571045e-01
2.055098265409469604e-01
2.118919789791107178e-01
2.360154986381530762e-01
2.452103048563003540e-01
2.044683843851089478e-01
2.478088289499282837e-01
1.892980337142944336e-01
2.107859253883361816e-01
2.084374576807022095e-01
2.338812202215194702e-01
2.184661626815795898e-01
2.204815894365310669e-01
2.294065505266189575e-01
2.187845855951309204e-01
2.381137311458587646e-01
2.081677615642547607e-01
2.058110833168029785e-01
2.082872390747070312e-01
2.335786819458007812e-01
2.164031714200973511e-01
2.469742000102996826e-01
2.365757226943969727e-01
2.203410565853118896e-01
2.240318655967712402e-01
2.287885695695877075e-01
2.165105491876602173e-01
2.006710171699523926e-01
2.195389121770858765e-01
2.265858948230743408e-01
2.039141207933425903e-01
2.280946224927902222e-01
2.222213894128799438e-01
2.250848412513732910e-01
2.182217985391616821e-01
2.242846041917800903e-01
2.151649594306945801e-01
2.940640747547149658e-01
2.194189876317977905e-01
2.380999475717544556e-01
2.092758119106292725e-01
2.087210118770599365e-01
2.219859957695007324e-01
2.543176710605621338e-01
2.170180380344390869e-01
2.280291616916656494e-01
1.535043716430664062e-01
2.196009606122970581e-01
2.147799730300903320e-01
1.781342178583145142e-01
2.425588220357894897e-01
2.034177035093307495e-01
1.961577832698822021e-01
2.318349033594131470e-01
2.468837201595306396e-01
2.317851185798645020e-01
2.657285332679748535e-01
2.220064103603363037e-01
2.583689987659454346e-01
1.985552757978439331e-01
2.338620424270629883e-01
2.226382791996002197e-01
2.071340978145599365e-01
2.190219312906265259e-01
2.090664803981781006e-01
2.354213446378707886e-01
2.532879114151000977e-01
2.203913629055023193e-01
2.392547577619552612e-01
2.065952122211456299e-01
2.309714555740356445e-01
2.180156409740447998e-01
2.134165167808532715e-01
2.426592558622360229e-01
2.502276897430419922e-01
2.548710107803344727e-01
2.276118993759155273e-01
1.926346868276596069e-01
2.078746855258941650e-01
2.422994226217269897e-01
2.284543514251708984e-01
2.369697690010070801e-01
2.187415808439254761e-01
2.238158434629440308e-01
1.997530609369277954e-01
2.425861209630966187e-01
2.138587236404418945e-01
2.279551923274993896e-01
2.131934165954589844e-01
2.213971316814422607e-01
1.837152689695358276e-01
2.234447449445724487e-01
2.111270874738693237e-01
2.580108940601348877e-01
2.246495783329010010e-01
2.045322358608245850e-01
2.102603465318679810e-01
2.105249315500259399e-01
2.206819951534271240e-01
1.960464119911193848e-01
2.649508118629455566e-01
2.113387733697891235e-01
1.490121036767959595e-01
2.159808278083801270e-01
2.173974364995956421e-01
2.179900109767913818e-01
2.106844335794448853e-01
2.023891061544418335e-01
2.143562436103820801e-01
1.979153007268905640e-01
2.167883813381195068e-01
1.921348422765731812e-01
2.279143631458282471e-01
2.414902299642562866e-01
2.066665142774581909e-01
2.304765284061431885e-01
2.179612219333648682e-01
2.021793723106384277e-01
2.136955708265304565e-01
2.339229732751846313e-01
1.967589855194091797e-01
2.245620787143707275e-01
2.298646271228790283e-01
2.766399383544921875e-01
2.429795563220977783e-01
2.240862846374511719e-01
2.287329137325286865e-01
2.635470032691955566e-01
2.428951561450958252e-01
2.172347009181976318e-01
2.222050875425338745e-01
1.796170622110366821e-01
2.586143612861633301e-01
2.349833697080612183e-01
2.124329656362533569e-01
1.291274875402450562e-01
2.377810776233673096e-01
2.201002836227416992e-01
2.236115038394927979e-01
2.223415076732635498e-01
2.274717986583709717e-01
2.061469703912734985e-01
2.239054441452026367e-01
2.501655220985412598e-01
1.724043041467666626e-01
2.391961067914962769e-01
2.548801004886627197e-01
2.235202938318252563e-01
2.617501616477966309e-01
2.143633514642715454e-01
2.525463104248046875e-01
2.068887799978256226e-01
2.181502729654312134e-01
2.176784276962280273e-01
1.916868984699249268e-01
1.989532709121704102e-01
2.437419742345809937e-01
2.023732066154479980e-01
1.732136309146881104e-01
2.205981612205505371e-01
2.077496796846389771e-01
2.177719622850418091e-01
2.046044319868087769e-01
2.106723487377166748e-01
1.952942311763763428e-01
2.171201407909393311e-01
2.137378454208374023e-01
2.223482429981231689e-01
2.422682195901870728e-01
2.528579533100128174e-01
2.112825512886047363e-01
2.146011441946029663e-01
2.098353058099746704e-01
1.863131374120712280e-01
2.249054312705993652e-01
2.053746581077575684e-01
2.135806530714035034e-01
2.327707856893539429e-01
1.940360218286514282e-01
2.633280456066131592e-01
2.295960336923599243e-01
2.345994710922241211e-01
2.395487874746322632e-01
2.531902492046356201e-01
2.266849428415298462e-01
1.726531833410263062e-01
2.451405972242355347e-01
2.514111399650573730e-01
2.406646907329559326e-01
2.096924036741256714e-01
1.828992366790771484e-01
2.201036065816879272e-01
2.144051045179367065e-01
1.827172935009002686e-01
2.006354182958602905e-01
1.995202004909515381e-01
2.089565098285675049e-01
2.307655811309814453e-01
2.142076194286346436e-01
2.259758114814758301e-01
2.410387992858886719e-01
2.439542412757873535e-01
1.859249621629714966e-01
2.416082173585891724e-01
2.206577360630035400e-01
2.547275424003601074e-01
2.300371378660202026e-01
1.790533959865570068e-01
2.534069120883941650e-01
2.216583341360092163e-01
2.240057736635208130e-01
2.580250203609466553e-01
2.448446005582809448e-01
2.727740108966827393e-01
2.306108921766281128e-01
2.326068729162216187e-01
2.160340994596481323e-01
1.869358271360397339e-01
2.149278968572616577e-01
2.140538245439529419e-01
2.293130755424499512e-01
2.138043195009231567e-01
1.820780485868453979e-01
2.306144982576370239e-01
2.142330706119537354e-01
2.170004546642303467e-01
2.172920107841491699e-01
2.244024723768234253e-01
2.010727673768997192e-01
2.069490998983383179e-01
2.077220231294631958e-01
2.210492193698883057e-01
1.640140563249588013e-01
2.038577198982238770e-01
2.012985646724700928e-01
2.598434686660766602e-01
2.138816714286804199e-01
2.268044352531433105e-01
2.211656421422958374e-01
2.452646642923355103e-01
1.991216242313385010e-01
2.113471627235412598e-01
2.228461056947708130e-01
2.405542135238647461e-01
2.506366372108459473e-01
1.810894608497619629e-01
2.256246209144592285e-01
2.445078492164611816e-01
2.114338278770446777e-01
2.182423770427703857e-01
2.173490077257156372e-01
2.317412048578262329e-01
1.942490637302398682e-01
2.192609310150146484e-01
2.188474833965301514e-01
2.504353523254394531e-01
2.156250923871994019e-01
1.970159709453582764e-01
1.822864860296249390e-01
1.798036545515060425e-01
2.011513113975524902e-01
2.475430369377136230e-01
2.468100041151046753e-01
2.174308896064758301e-01
1.958242654800415039e-01
2.930887937545776367e-01
2.223728150129318237e-01
2.317615449428558350e-01
1.906112581491470337e-01
2.205621153116226196e-01
2.218636423349380493e-01
2.305856794118881226e-01
2.345605343580245972e-01
1.847015917301177979e-01
2.282801568508148193e-01
2.394473850727081299e-01
1.965045034885406494e-01
2.445445507764816284e-01
2.297589927911758423e-01
2.200354039669036865e-01
2.317706048488616943e-01
1.987923383712768555e-01
2.006054967641830444e-01
2.072262465953826904e-01
2.189556956291198730e-01
1.855248063802719116e-01
2.399285137653350830e-01
2.131664007902145386e-01
2.292944490909576416e-01
2.554408609867095947e-01
1.858420670032501221e-01
2.029251605272293091e-01
2.477096319198608398e-01
2.313193976879119873e-01
2.533474266529083252e-01
2.161814272403717041e-01
2.603281736373901367e-01
2.496828883886337280e-01
2.341866791248321533e-01
2.239000797271728516e-01
2.424688637256622314e-01
2.528989315032958984e-01
2.126814126968383789e-01
2.413465678691864014e-01
2.321913987398147583e-01
2.487749904394149780e-01
2.064018696546554565e-01
2.103579193353652954e-01
2.314753532409667969e-01
2.318990826606750488e-01
1.946370452642440796e-01
2.229040116071701050e-01
2.539890706539154053e-01
2.149555087089538574e-01
2.343085557222366333e-01
2.454714328050613403e-01
2.338871210813522339e-01
1.964937895536422729e-01
1.373080015182495117e-01
2.323005646467208862e-01
2.465153485536575317e-01
2.311402708292007446e-01
2.183565944433212280e-01
2.125250101089477539e-01
2.531441748142242432e-01
2.684952914714813232e-01
2.478500753641128540e-01
2.181714624166488647e-01
2.475980520248413086e-01
2.108862102031707764e-01
2.455786168575286865e-01
2.219322025775909424e-01
2.264297753572463989e-01
1.067051813006401062e-01
2.135730385780334473e-01
2.517028152942657471e-01
2.151821106672286987e-01
2.209480851888656616e-01
2.370559573173522949e-01
2.469871938228607178e-01
2.248634696006774902e-01
2.586646378040313721e-01
2.194885611534118652e-01
2.219114899635314941e-01
2.402154952287673950e-01
2.095912098884582520e-01
2.144620418548583984e-01
1.919369399547576904e-01
2.218381762504577637e-01
2.519511282444000244e-01
2.174640893936157227e-01
2.017681002616882324e-01
2.076108753681182861e-01
1.904979497194290161e-01
1.864398270845413208e-01
2.519376873970031738e-01
2.385522723197937012e-01
2.543336451053619385e-01
2.127294391393661499e-01
2.371640354394912720e-01
2.021873742341995239e-01
2.237527519464492798e-01
2.053295522928237915e-01
2.376442551612854004e-01
2.253419756889343262e-01
2.089711576700210571e-01
2.124637812376022339e-01
2.132440805435180664e-01
2.137626558542251587e-01
2.117541432380676270e-01
2.332666963338851929e-01
2.116110324859619141e-01
2.167988121509552002e-01
2.298828065395355225e-01
2.242511659860610962e-01
2.510354816913604736e-01
2.360528409481048584e-01
2.444311082363128662e-01
2.321903705596923828e-01
2.225262224674224854e-01
2.222459763288497925e-01
2.889147102832794189e-01
2.260231673717498779e-01
2.320252060890197754e-01
2.273600101470947266e-01
1.986826062202453613e-01
2.059217691421508789e-01
1.884173452854156494e-01
2.109715640544891357e-01
2.355612516403198242e-01
1.962978243827819824e-01
2.455828487873077393e-01
2.087639868259429932e-01
2.272320240736007690e-01
2.144106477499008179e-01
1.879516541957855225e-01
2.789529860019683838e-01
2.074163407087326050e-01
2.408780753612518311e-01
2.273852974176406860e-01
1.923218965530395508e-01
2.129827290773391724e-01
1.959520280361175537e-01
2.030302286148071289e-01
2.223867177963256836e-01
2.564336955547332764e-01
2.266070097684860229e-01
