1.143179386854171753e-01
7.571058720350265503e-02
9.144452959299087524e-02
1.119619086384773254e-01
1.156023666262626648e-01
1.359254717826843262e-01
8.381598442792892456e-02
1.182703897356987000e-01
1.306476145982742310e-01
8.848099410533905029e-02
1.083822995424270630e-01
1.306355595588684082e-01
1.053207591176033020e-01
1.467627733945846558e-01
7.375465333461761475e-02
1.035676300525665283e-01
8.732488751411437988e-02
1.162918657064437866e-01
7.683274149894714355e-02
7.277541607618331909e-02
1.531428545713424683e-01
9.426324814558029175e-02
1.123534664511680603e-01
1.238398551940917969e-01
2.047185003757476807e-01
9.200195223093032837e-02
1.434699445962905884e-01
1.362312436103820801e-01
1.108626127243041992e-01
2.187690883874893188e-01
8.649546653032302856e-02
1.191281154751777649e-01
8.894065767526626587e-02
1.052289232611656189e-01
1.365669667720794678e-01
1.328298896551132202e-01
1.250983476638793945e-01
1.528244763612747192e-01
2.020388692617416382e-01
1.532619893550872803e-01
1.039490699768066406e-01
1.003872379660606384e-01
8.425211161375045776e-02
1.067053824663162231e-01
1.523217409849166870e-01
1.989462375640869141e-01
9.364806860685348511e-02
8.020998537540435791e-02
1.393139064311981201e-01
1.332854330539703369e-01
1.424872726202011108e-01
1.022603958845138550e-01
1.806926727294921875e-01
1.136625185608863831e-01
9.210406243801116943e-02
9.900759905576705933e-02
1.293741315603256226e-01
9.207359701395034790e-02
1.385754495859146118e-01
1.248984187841415405e-01
1.100915819406509399e-01
1.373541355133056641e-01
1.408367902040481567e-01
8.732470124959945679e-02
1.087563931941986084e-01
5.064821243286132812e-02
8.846424520015716553e-02
1.000826135277748108e-01
9.106179326772689819e-02
8.049837499856948853e-02
1.002221181988716125e-01
1.057026311755180359e-01
1.324904114007949829e-01
1.070929467678070068e-01
9.924272447824478149e-02
1.107786595821380615e-01
1.345945000648498535e-01
1.270971596240997314e-01
6.773670762777328491e-02
1.193930879235267639e-01
1.223311945796012878e-01
1.384638994932174683e-01
1.078979000449180603e-01
1.060474812984466553e-01
6.109830737113952637e-02
1.347576826810836792e-01
1.082350462675094604e-01
1.542231142520904541e-01
8.871305733919143677e-02
1.154245883226394653e-01
1.260329037904739380e-01
1.264396756887435913e-01
1.798249632120132446e-01
1.189276427030563354e-01
9.786033630371093750e-02
9.807185083627700806e-02
7.905568182468414307e-02
1.434936821460723877e-01
1.182738244533538818e-01
1.050653532147407532e-01
1.221755221486091614e-01
1.360193043947219849e-01
1.385241448879241943e-01
1.430560201406478882e-01
1.287653595209121704e-01
1.498498916625976562e-01
1.085092201828956604e-01
1.627344638109207153e-01
9.390750527381896973e-02
1.142812818288803101e-01
1.390883773565292358e-01
6.360133737325668335e-02
9.671742469072341919e-02
1.255126744508743286e-01
1.151189431548118591e-01
9.635215252637863159e-02
7.867515087127685547e-02
1.066470667719841003e-01
1.409035921096801758e-01
1.013577058911323547e-01
1.143186166882514954e-01
8.626901358366012573e-02
1.536278873682022095e-01
9.850889444351196289e-02
1.438397169113159180e-01
8.949533104896545410e-02
1.469152718782424927e-01
1.271987259387969971e-01
