5.654413438021404798e-16
1.610068231821060181e-02
1.372874230146408081e-01
1.801079325377941132e-02
1.114187762141227722e-02
5.535025894641876221e-02
2.173517644405364990e-02
1.193828508257865906e-02
1.202896516770124435e-02
6.164287682622671127e-03
3.057039808481931686e-03
6.136826425790786743e-02
2.843805216252803802e-02
1.609847880899906158e-02
5.658498499542474747e-03
2.505225129425525665e-02
2.376160956919193268e-02
7.134965155273675919e-03
9.908345341682434082e-02
7.940023963835807219e-13
1.051154211163520813e-01
2.195544727146625519e-02
1.980155147612094879e-02
1.057626679539680481e-01
1.499800663441419601e-02
2.783689089119434357e-02
1.312605943530797958e-02
2.502840943634510040e-02
2.179553732275962830e-02
2.361705899238586426e-02
2.304185926914215088e-02
5.224263295531272888e-02
5.583686754107475281e-02
1.000631079077720642e-01
9.654138237237930298e-03
4.644461441785097122e-03
7.756456732749938965e-02
1.896251924335956573e-02
2.456689439713954926e-02
6.829235702753067017e-02
1.062952801585197449e-01
8.139243721961975098e-02
3.610863909125328064e-02
2.620144188404083252e-02
2.135109715163707733e-02
1.285065058618783951e-02
1.573388464748859406e-02
1.130482554435729980e-02
5.551885068416595459e-02
1.470112148672342300e-02
5.384940281510353088e-02
3.367573022842407227e-02
2.265601605176925659e-02
4.493162967264652252e-03
1.972465775907039642e-02
1.589946821331977844e-02
1.205366291105747223e-02
4.489315208047628403e-03
8.705681189894676208e-03
1.166948786703869700e-04
1.826398260891437531e-02
3.846749572676365749e-16
1.736332662403583527e-02
6.991969794034957886e-02
