1.272475719451904297e-01
1.081685125827789307e-01
1.116220429539680481e-01
1.126988604664802551e-01
1.397603750228881836e-01
1.230048760771751404e-01
1.527103781700134277e-01
1.690914183855056763e-01
1.548117250204086304e-01
9.539028257131576538e-02
1.591538190841674805e-01
1.575506925582885742e-01
1.535785049200057983e-01
1.488941013813018799e-01
1.295503675937652588e-01
1.624011844396591187e-01
2.287912815809249878e-01
1.425243765115737915e-01
1.697431355714797974e-01
1.376510262489318848e-01
1.466690897941589355e-01
1.772206723690032959e-01
1.406687498092651367e-01
1.456428766250610352e-01
1.364757269620895386e-01
1.424267441034317017e-01
1.049744114279747009e-01
1.253373324871063232e-01
1.927417069673538208e-01
1.207648366689682007e-01
1.184494495391845703e-01
1.756591051816940308e-01
1.291842907667160034e-01
1.253047883510589600e-01
1.822335124015808105e-01
1.592085063457489014e-01
1.506017446517944336e-01
1.568900644779205322e-01
1.688654124736785889e-01
1.786953806877136230e-01
1.731677204370498657e-01
1.844652742147445679e-01
1.267105489969253540e-01
1.830891370773315430e-01
1.693147569894790649e-01
1.620638221502304077e-01
1.526027768850326538e-01
1.275831907987594604e-01
1.445732563734054565e-01
1.489230245351791382e-01
1.490960866212844849e-01
1.670189797878265381e-01
1.530798077583312988e-01
1.349284350872039795e-01
1.364976912736892700e-01
1.654958426952362061e-01
1.939754486083984375e-01
1.670829057693481445e-01
1.558545082807540894e-01
1.310829818248748779e-01
2.199421077966690063e-01
2.139262706041336060e-01
1.894250214099884033e-01
1.217973455786705017e-01
1.321159303188323975e-01
1.719424575567245483e-01
1.226484030485153198e-01
1.500089764595031738e-01
1.235263869166374207e-01
1.654447764158248901e-01
1.364432573318481445e-01
1.340986043214797974e-01
1.681527197360992432e-01
1.611820459365844727e-01
1.419656276702880859e-01
1.353587210178375244e-01
1.985654383897781372e-01
1.500644683837890625e-01
1.856175810098648071e-01
2.026778757572174072e-01
1.598972231149673462e-01
1.339163035154342651e-01
2.498474717140197754e-01
1.635950207710266113e-01
1.873639672994613647e-01
1.954891383647918701e-01
1.543305963277816772e-01
1.631766855716705322e-01
1.346508413553237915e-01
1.573893278837203979e-01
2.249483764171600342e-01
1.629793196916580200e-01
1.434889435768127441e-01
1.654504984617233276e-01
1.928167492151260376e-01
1.805881559848785400e-01
9.719288349151611328e-02
1.760453283786773682e-01
1.726816892623901367e-01
1.929703950881958008e-01
1.422928869724273682e-01
1.359176486730575562e-01
1.456659287214279175e-01
2.264086753129959106e-01
1.310983300209045410e-01
1.175094023346900940e-01
1.465154439210891724e-01
1.910713613033294678e-01
2.264993637800216675e-01
1.366321444511413574e-01
1.759731322526931763e-01
2.233796417713165283e-01
1.353776752948760986e-01
1.679566800594329834e-01
1.411530077457427979e-01
1.939609348773956299e-01
1.522002369165420532e-01
2.007402628660202026e-01
1.364774554967880249e-01
1.594159305095672607e-01
1.408910006284713745e-01
1.560396105051040649e-01
1.449069976806640625e-01
1.584590375423431396e-01
1.363204419612884521e-01
1.592768281698226929e-01
1.609985083341598511e-01
1.639631241559982300e-01
1.203178092837333679e-01
1.813796311616897583e-01
1.700017899274826050e-01
1.434837728738784790e-01
1.512024700641632080e-01
1.339388787746429443e-01
1.615303307771682739e-01
1.383813023567199707e-01
1.730246245861053467e-01
1.316035389900207520e-01
1.533541083335876465e-01
1.653595268726348877e-01
1.890213042497634888e-01
1.417315453290939331e-01
1.256940662860870361e-01
1.473551392555236816e-01
1.625540852546691895e-01
1.307898312807083130e-01
1.960957944393157959e-01
1.080043688416481018e-01
1.513386964797973633e-01
1.742201745510101318e-01
1.657910943031311035e-01
1.728424280881881714e-01
1.874271631240844727e-01
1.260408908128738403e-01
1.296918541193008423e-01
1.786062717437744141e-01
1.943497061729431152e-01
1.529703140258789062e-01
1.567900627851486206e-01
1.227426305413246155e-01
1.861614882946014404e-01
1.421503573656082153e-01
1.872626841068267822e-01
1.862617284059524536e-01
1.618803292512893677e-01
1.608195006847381592e-01
1.858710497617721558e-01
1.504374891519546509e-01
2.032721489667892456e-01
1.943374574184417725e-01
1.557280272245407104e-01
2.198734581470489502e-01
1.523772031068801880e-01
1.532177478075027466e-01
1.425391137599945068e-01
1.612776070833206177e-01
1.259109973907470703e-01
1.422553807497024536e-01
1.485904455184936523e-01
1.404655128717422485e-01
1.416582167148590088e-01
1.553804278373718262e-01
1.563170105218887329e-01
1.197843924164772034e-01
1.068078950047492981e-01
1.426200419664382935e-01
1.888037472963333130e-01
1.762645095586776733e-01
1.799975037574768066e-01
1.325359642505645752e-01
1.631119102239608765e-01
1.777462512254714966e-01
1.611283719539642334e-01
1.331012845039367676e-01
1.210776567459106445e-01
1.066162586212158203e-01
1.448403745889663696e-01
1.730438917875289917e-01
1.491993069648742676e-01
1.554665565490722656e-01
1.707558333873748779e-01
1.652608066797256470e-01
1.348317712545394897e-01
1.549031287431716919e-01
3.033238351345062256e-01
1.381035149097442627e-01
1.260752975940704346e-01
1.619139760732650757e-01
1.194503456354141235e-01
1.494623422622680664e-01
1.229879036545753479e-01
1.881822049617767334e-01
1.437918841838836670e-01
1.167829260230064392e-01
1.918272972106933594e-01
1.817982494831085205e-01
1.560380309820175171e-01
1.436700522899627686e-01
1.786548644304275513e-01
1.085084304213523865e-01
1.608898788690567017e-01
1.571823507547378540e-01
1.968458741903305054e-01
1.668728440999984741e-01
1.503558158874511719e-01
2.114193141460418701e-01
1.287568658590316772e-01
1.489118039608001709e-01
1.634685397148132324e-01
1.412186920642852783e-01
1.654960662126541138e-01
1.487733125686645508e-01
1.615353226661682129e-01
1.538173705339431763e-01
1.997559219598770142e-01
1.970218122005462646e-01
1.595466881990432739e-01
1.607979983091354370e-01
1.288381665945053101e-01
1.136281341314315796e-01
1.275791376829147339e-01
1.462066620588302612e-01
1.567723900079727173e-01
1.774099320173263550e-01
1.335222274065017700e-01
1.226303800940513611e-01
1.640341430902481079e-01
2.121454775333404541e-01
1.454211175441741943e-01
1.802535355091094971e-01
1.180222034454345703e-01
1.704189032316207886e-01
1.672270596027374268e-01
1.605719774961471558e-01
1.388069540262222290e-01
1.536651253700256348e-01
