3.144429624080657959e-01
4.253487586975097656e-01
3.965581953525543213e-01
3.615347445011138916e-01
4.931508898735046387e-01
3.954716920852661133e-01
3.723661303520202637e-01
3.803817033767700195e-01
3.452655971050262451e-01
3.827177286148071289e-01
2.270992845296859741e-01
3.648648262023925781e-01
4.986357390880584717e-01
4.748801290988922119e-01
3.498058617115020752e-01
4.383481442928314209e-01
3.434289395809173584e-01
1.953376829624176025e-01
3.300902247428894043e-01
3.771855831146240234e-01
3.448685705661773682e-01
4.326392114162445068e-01
3.530105352401733398e-01
4.004386961460113525e-01
5.179105997085571289e-01
3.699487745761871338e-01
3.438535630702972412e-01
3.134387433528900146e-01
4.158326089382171631e-01
3.546455502510070801e-01
3.185575902462005615e-01
3.483680486679077148e-01
3.486167192459106445e-01
3.494136333465576172e-01
4.685747921466827393e-01
3.786889910697937012e-01
3.288769423961639404e-01
3.907625973224639893e-01
2.729487121105194092e-01
4.289948344230651855e-01
3.507974147796630859e-01
5.038576722145080566e-01
2.881923317909240723e-01
3.665466308593750000e-01
2.832004129886627197e-01
3.706189692020416260e-01
3.318739235401153564e-01
3.884073197841644287e-01
3.156585693359375000e-01
3.844690322875976562e-01
3.694863617420196533e-01
3.988661468029022217e-01
4.016328155994415283e-01
3.967744112014770508e-01
4.597781896591186523e-01
3.506887555122375488e-01
3.760810494422912598e-01
2.763001024723052979e-01
3.672181963920593262e-01
4.180198013782501221e-01
3.156496882438659668e-01
3.252151310443878174e-01
5.157963037490844727e-01
3.552404046058654785e-01
2.645284831523895264e-01
5.061298012733459473e-01
3.587057888507843018e-01
3.788692355155944824e-01
3.209040462970733643e-01
3.711225390434265137e-01
3.852945566177368164e-01
4.163814187049865723e-01
3.795679211616516113e-01
4.216790497303009033e-01
3.517257273197174072e-01
3.293289244174957275e-01
3.461257815361022949e-01
3.264193534851074219e-01
3.531057536602020264e-01
4.102116525173187256e-01
2.537404298782348633e-01
3.088039755821228027e-01
5.083019137382507324e-01
2.445032000541687012e-01
3.672260344028472900e-01
3.488791286945343018e-01
3.930173218250274658e-01
3.525264859199523926e-01
4.219424128532409668e-01
3.361880481243133545e-01
3.520675897598266602e-01
2.660696506500244141e-01
3.477336168289184570e-01
3.800528645515441895e-01
2.630250751972198486e-01
3.451479077339172363e-01
4.073874950408935547e-01
4.389837682247161865e-01
3.388202190399169922e-01
4.178544282913208008e-01
2.775428295135498047e-01
3.475366234779357910e-01
3.725418150424957275e-01
4.031104445457458496e-01
3.695091903209686279e-01
3.400206863880157471e-01
3.860955536365509033e-01
3.122740983963012695e-01
3.271316587924957275e-01
3.437905907630920410e-01
4.044345021247863770e-01
3.716936409473419189e-01
2.929618656635284424e-01
3.246056437492370605e-01
3.355445861816406250e-01
3.950360715389251709e-01
4.118502140045166016e-01
3.548844158649444580e-01
3.342586159706115723e-01
4.315853118896484375e-01
4.333328604698181152e-01
3.332696855068206787e-01
3.142862915992736816e-01
4.382653832435607910e-01
3.367675542831420898e-01
3.118797838687896729e-01
2.015222012996673584e-01
3.653641045093536377e-01
3.873167634010314941e-01
4.600187242031097412e-01
2.959547340869903564e-01
4.231692254543304443e-01
3.755933046340942383e-01
4.584026932716369629e-01
3.948646783828735352e-01
4.135680496692657471e-01
2.500232160091400146e-01
4.239270091056823730e-01
3.594078123569488525e-01
4.333167672157287598e-01
3.921358883380889893e-01
2.913662195205688477e-01
3.534106016159057617e-01
4.214086532592773438e-01
3.661470115184783936e-01
3.936792314052581787e-01
2.815847992897033691e-01
3.893183171749114990e-01
3.502851724624633789e-01
5.054596066474914551e-01
3.550722599029541016e-01
3.118017613887786865e-01
5.374608039855957031e-01
3.032335937023162842e-01
3.190654516220092773e-01
4.785793721675872803e-01
3.898343741893768311e-01
4.328868687152862549e-01
4.058723151683807373e-01
4.044882655143737793e-01
3.606972098350524902e-01
2.730520665645599365e-01
3.984168469905853271e-01
3.740153610706329346e-01
3.547952473163604736e-01
3.164661228656768799e-01
3.636604547500610352e-01
4.845280647277832031e-01
3.754415512084960938e-01
2.008983939886093140e-01
4.977103769779205322e-01
3.498744964599609375e-01
3.198698759078979492e-01
4.873158633708953857e-01
4.136090874671936035e-01
3.210586905479431152e-01
3.825487494468688965e-01
3.259005248546600342e-01
3.929910063743591309e-01
4.043971598148345947e-01
3.621778190135955811e-01
3.963627219200134277e-01
4.824092686176300049e-01
4.273082017898559570e-01
3.343756794929504395e-01
4.048473536968231201e-01
2.500435411930084229e-01
3.112978339195251465e-01
2.261913716793060303e-01
3.676983118057250977e-01
3.059298098087310791e-01
3.248937726020812988e-01
4.124315977096557617e-01
3.658083081245422363e-01
3.884758353233337402e-01
3.236334025859832764e-01
3.780908584594726562e-01
3.565427064895629883e-01
4.959885179996490479e-01
2.526384294033050537e-01
3.541264235973358154e-01
3.506851792335510254e-01
4.068052768707275391e-01
3.295908570289611816e-01
2.694267630577087402e-01
3.950783908367156982e-01
2.941744923591613770e-01
3.572971224784851074e-01
3.432571589946746826e-01
3.329734504222869873e-01
3.947793841361999512e-01
3.041878342628479004e-01
3.972879350185394287e-01
3.928950428962707520e-01
3.050320446491241455e-01
3.841861784458160400e-01
3.967613279819488525e-01
1.519399881362915039e-01
3.557790815830230713e-01
3.311484456062316895e-01
2.155875116586685181e-01
3.772248625755310059e-01
4.031801819801330566e-01
3.846882283687591553e-01
4.032374620437622070e-01
3.629851937294006348e-01
3.328727781772613525e-01
5.210161805152893066e-01
3.596094846725463867e-01
2.928809821605682373e-01
3.828459382057189941e-01
4.076156616210937500e-01
3.695389926433563232e-01
2.348915636539459229e-01
3.928866088390350342e-01
3.180378973484039307e-01
3.290951550006866455e-01
3.961756825447082520e-01
3.609959781169891357e-01
2.972883880138397217e-01
2.512880265712738037e-01
2.855967283248901367e-01
3.317356109619140625e-01
4.506150186061859131e-01
3.102876842021942139e-01
3.424072861671447754e-01
4.645434021949768066e-01
3.363097310066223145e-01
4.042354822158813477e-01
3.295540511608123779e-01
3.184429109096527100e-01
2.995438575744628906e-01
3.718284368515014648e-01
3.555349111557006836e-01
3.086317479610443115e-01
2.722229361534118652e-01
3.929001390933990479e-01
3.530135750770568848e-01
3.995010554790496826e-01
3.332673013210296631e-01
3.181601464748382568e-01
4.699566066265106201e-01
3.069962263107299805e-01
3.067642748355865479e-01
3.799416720867156982e-01
4.111675918102264404e-01
3.220646381378173828e-01
4.216067790985107422e-01
3.658587932586669922e-01
3.999314606189727783e-01
3.171620965003967285e-01
3.412109911441802979e-01
3.558246791362762451e-01
3.566287159919738770e-01
4.284002482891082764e-01
1.660389006137847900e-01
4.006755948066711426e-01
2.898051738739013672e-01
4.191907346248626709e-01
4.751546084880828857e-01
3.524873554706573486e-01
3.006631433963775635e-01
3.289116024971008301e-01
2.989187836647033691e-01
2.718148231506347656e-01
3.580489158630371094e-01
3.905816078186035156e-01
3.490683138370513916e-01
3.232360184192657471e-01
4.630417823791503906e-01
3.486217260360717773e-01
3.808182179927825928e-01
3.427971303462982178e-01
5.018994808197021484e-01
3.011089861392974854e-01
4.780691862106323242e-01
3.505915999412536621e-01
3.236956596374511719e-01
2.537967264652252197e-01
2.993886470794677734e-01
4.302976131439208984e-01
4.053633213043212891e-01
3.444713950157165527e-01
3.184345066547393799e-01
3.668384253978729248e-01
3.479365110397338867e-01
3.760537505149841309e-01
3.799466490745544434e-01
3.398761451244354248e-01
2.734719812870025635e-01
2.201916873455047607e-01
3.701837956905364990e-01
3.822018802165985107e-01
3.510713279247283936e-01
2.727667689323425293e-01
3.688254654407501221e-01
3.445976972579956055e-01
3.850446641445159912e-01
4.351580142974853516e-01
3.962146341800689697e-01
4.504090845584869385e-01
3.578287065029144287e-01
4.264877438545227051e-01
3.808653056621551514e-01
3.176814019680023193e-01
2.738612592220306396e-01
2.487467825412750244e-01
3.696234226226806641e-01
3.662563860416412354e-01
6.128358840942382812e-01
2.714003622531890869e-01
3.410284519195556641e-01
3.778527379035949707e-01
3.431434631347656250e-01
3.690012693405151367e-01
3.330999910831451416e-01
4.036014080047607422e-01
3.549951612949371338e-01
3.119698166847229004e-01
3.651562631130218506e-01
3.198732733726501465e-01
3.443136811256408691e-01
3.368625044822692871e-01
4.586364924907684326e-01
3.161794841289520264e-01
4.245100021362304688e-01
4.332175552845001221e-01
4.156329631805419922e-01
3.609266579151153564e-01
4.372690618038177490e-01
4.041859209537506104e-01
2.944246530532836914e-01
3.246741294860839844e-01
4.719965457916259766e-01
3.279096782207489014e-01
3.906492292881011963e-01
4.346561431884765625e-01
3.733194172382354736e-01
3.081427514553070068e-01
3.811281621456146240e-01
4.148437976837158203e-01
2.241725474596023560e-01
2.947404086589813232e-01
3.526466190814971924e-01
3.142456710338592529e-01
3.557371199131011963e-01
3.193912208080291748e-01
3.667961061000823975e-01
4.266301393508911133e-01
4.529108107089996338e-01
4.305209517478942871e-01
4.241761863231658936e-01
2.718246281147003174e-01
3.661166727542877197e-01
3.459298014640808105e-01
2.610999643802642822e-01
2.893790602684020996e-01
3.241504430770874023e-01
3.577732741832733154e-01
3.937534093856811523e-01
4.266915619373321533e-01
4.040031731128692627e-01
3.520828485488891602e-01
4.651811718940734863e-01
3.379034698009490967e-01
3.161839842796325684e-01
2.866157293319702148e-01
3.980642855167388916e-01
3.730345070362091064e-01
5.103368759155273438e-01
3.190681040287017822e-01
3.656331896781921387e-01
3.281769752502441406e-01
4.651970863342285156e-01
4.583458900451660156e-01
2.889894545078277588e-01
3.722934424877166748e-01
3.836488425731658936e-01
2.769115865230560303e-01
3.142307102680206299e-01
2.741665244102478027e-01
3.559136986732482910e-01
4.080728888511657715e-01
3.388306498527526855e-01
4.324937462806701660e-01
3.417580723762512207e-01
3.089848458766937256e-01
3.867839872837066650e-01
3.898465335369110107e-01
3.217124044895172119e-01
2.873233556747436523e-01
4.086289107799530029e-01
3.674736618995666504e-01
3.741779923439025879e-01
4.365293681621551514e-01
3.790786862373352051e-01
3.051551282405853271e-01
4.028654098510742188e-01
4.092268049716949463e-01
3.605509698390960693e-01
4.009739458560943604e-01
3.499028384685516357e-01
2.766154408454895020e-01
3.162205517292022705e-01
4.029158055782318115e-01
3.635667562484741211e-01
2.994252145290374756e-01
4.014050066471099854e-01
3.084967434406280518e-01
2.630308866500854492e-01
4.736544191837310791e-01
4.600936174392700195e-01
3.430843651294708252e-01
4.250395298004150391e-01
4.181512892246246338e-01
3.933695256710052490e-01
3.245463371276855469e-01
2.919404208660125732e-01
3.631098568439483643e-01
3.667035698890686035e-01
2.702976167201995850e-01
3.385660052299499512e-01
2.549450695514678955e-01
3.673621416091918945e-01
3.782171010971069336e-01
3.608156442642211914e-01
3.337568640708923340e-01
3.900413811206817627e-01
2.982362806797027588e-01
3.545955717563629150e-01
3.410096764564514160e-01
3.645009100437164307e-01
3.557024896144866943e-01
3.631241619586944580e-01
3.407026827335357666e-01
2.996140122413635254e-01
3.523839414119720459e-01
3.968521058559417725e-01
3.447135090827941895e-01
1.840618699789047241e-01
3.982302546501159668e-01
3.059957027435302734e-01
4.981516897678375244e-01
4.572144448757171631e-01
3.110765814781188965e-01
5.180180072784423828e-01
3.778856992721557617e-01
3.624067902565002441e-01
4.125690162181854248e-01
3.046558499336242676e-01
4.578739702701568604e-01
4.192170500755310059e-01
3.704022169113159180e-01
4.945591688156127930e-01
4.304454028606414795e-01
4.335974752902984619e-01
4.970603883266448975e-01
3.354769051074981689e-01
3.340263366699218750e-01
3.893270194530487061e-01
3.149563372135162354e-01
2.975830733776092529e-01
1.888243854045867920e-01
2.525169253349304199e-01
3.807314932346343994e-01
5.009472370147705078e-01
2.972742915153503418e-01
3.354904949665069580e-01
3.483625650405883789e-01
4.038187265396118164e-01
5.331599712371826172e-01
3.596101105213165283e-01
9.244304150342941284e-02
3.244452774524688721e-01
3.346921801567077637e-01
3.409589529037475586e-01
4.246170222759246826e-01
3.388461768627166748e-01
2.973405718803405762e-01
4.247130453586578369e-01
4.254877269268035889e-01
3.964375853538513184e-01
3.866617977619171143e-01
3.734230697154998779e-01
5.141466259956359863e-01
3.678161501884460449e-01
4.031750857830047607e-01
4.007431566715240479e-01
2.775875627994537354e-01
3.253177702426910400e-01
2.938426136970520020e-01
4.706546068191528320e-01
3.333834409713745117e-01
3.457361161708831787e-01
3.242818713188171387e-01
3.479323685169219971e-01
4.595233201980590820e-01
3.632828295230865479e-01
3.177243471145629883e-01
4.253546893596649170e-01
3.728089630603790283e-01
3.758622705936431885e-01
3.977241516113281250e-01
4.607648849487304688e-01
3.774055242538452148e-01
4.224098026752471924e-01
4.553197324275970459e-01
2.866493463516235352e-01
3.298435509204864502e-01
3.605490028858184814e-01
3.946350216865539551e-01
3.972465693950653076e-01
2.944627106189727783e-01
3.907611966133117676e-01
4.168500006198883057e-01
2.733564972877502441e-01
3.600555956363677979e-01
3.595024645328521729e-01
3.970577120780944824e-01
4.165920019149780273e-01
3.618534505367279053e-01
3.517474532127380371e-01
3.440462648868560791e-01
4.076921045780181885e-01
3.490622043609619141e-01
3.141262829303741455e-01
3.632906079292297363e-01
3.320951759815216064e-01
3.286499977111816406e-01
3.034953773021697998e-01
3.705986142158508301e-01
3.922731578350067139e-01
4.374904334545135498e-01
3.400675654411315918e-01
3.629307746887207031e-01
3.934969305992126465e-01
4.312967061996459961e-01
3.601387441158294678e-01
3.622224032878875732e-01
3.878545761108398438e-01
3.326989114284515381e-01
3.884061574935913086e-01
3.464939892292022705e-01
2.943460345268249512e-01
5.287322402000427246e-01
3.738529682159423828e-01
2.944841980934143066e-01
3.880402147769927979e-01
2.750861346721649170e-01
3.492615222930908203e-01
3.959886431694030762e-01
3.990216255187988281e-01
4.408181905746459961e-01
3.965232074260711670e-01
4.100989997386932373e-01
3.877890408039093018e-01
3.659214973449707031e-01
3.556283712387084961e-01
3.426580429077148438e-01
3.758476972579956055e-01
4.898031353950500488e-01
3.006807565689086914e-01
3.349861800670623779e-01
4.143970310688018799e-01
4.200116395950317383e-01
4.042674303054809570e-01
4.342130720615386963e-01
2.649532556533813477e-01
5.159524679183959961e-01
4.266175925731658936e-01
3.806831836700439453e-01
3.820703625679016113e-01
2.866910696029663086e-01
3.552671074867248535e-01
2.967675924301147461e-01
3.614623844623565674e-01
3.721359372138977051e-01
4.284259676933288574e-01
4.138179719448089600e-01
5.796990990638732910e-01
3.773212432861328125e-01
3.134826719760894775e-01
3.149578273296356201e-01
3.114580810070037842e-01
3.464094698429107666e-01
4.090993702411651611e-01
3.930349647998809814e-01
3.994400799274444580e-01
3.200418353080749512e-01
3.198148310184478760e-01
4.020107984542846680e-01
3.581739664077758789e-01
4.231247603893280029e-01
3.402677774429321289e-01
3.033597469329833984e-01
3.773249983787536621e-01
2.630294263362884521e-01
6.394864916801452637e-01
3.217382729053497314e-01
3.759182095527648926e-01
4.118205606937408447e-01
4.249021410942077637e-01
2.864747345447540283e-01
5.290786623954772949e-01
3.565475642681121826e-01
3.006303310394287109e-01
3.660529851913452148e-01
3.278218805789947510e-01
4.212656617164611816e-01
3.921218514442443848e-01
3.419221341609954834e-01
3.697940707206726074e-01
4.650391340255737305e-01
2.901166081428527832e-01
3.974704742431640625e-01
3.399718701839447021e-01
3.399390280246734619e-01
3.918208479881286621e-01
3.681854009628295898e-01
3.682177066802978516e-01
3.539871275424957275e-01
2.686192393302917480e-01
3.149670660495758057e-01
2.904934883117675781e-01
3.843959569931030273e-01
2.824049592018127441e-01
4.458724558353424072e-01
3.635547161102294922e-01
3.397813141345977783e-01
3.414920568466186523e-01
3.858080208301544189e-01
2.799783051013946533e-01
4.042782187461853027e-01
3.969361484050750732e-01
3.118137121200561523e-01
4.022753238677978516e-01
3.697319328784942627e-01
3.342469632625579834e-01
3.537352085113525391e-01
3.561641573905944824e-01
3.080947697162628174e-01
2.983324825763702393e-01
3.455647826194763184e-01
4.747763276100158691e-01
3.198464810848236084e-01
3.045812249183654785e-01
4.213452041149139404e-01
5.160866975784301758e-01
4.604034125804901123e-01
3.021093606948852539e-01
3.721534609794616699e-01
4.177630841732025146e-01
3.513604104518890381e-01
4.685636758804321289e-01
4.262668192386627197e-01
3.930127918720245361e-01
4.265047907829284668e-01
4.033790230751037598e-01
3.784510791301727295e-01
2.949668765068054199e-01
2.741743326187133789e-01
3.526338338851928711e-01
2.802489101886749268e-01
3.684414923191070557e-01
3.794302046298980713e-01
3.303064107894897461e-01
3.915290534496307373e-01
4.295990467071533203e-01
3.337891697883605957e-01
3.754335045814514160e-01
4.370622038841247559e-01
2.780618667602539062e-01
4.008046090602874756e-01
3.583701550960540771e-01
4.024917781352996826e-01
3.477178812026977539e-01
3.945142328739166260e-01
3.706532418727874756e-01
2.627304494380950928e-01
4.258645176887512207e-01
1.154892742633819580e-01
3.909903764724731445e-01
3.763962984085083008e-01
3.587782084941864014e-01
3.225290775299072266e-01
3.762159347534179688e-01
3.333611488342285156e-01
4.367252439260482788e-02
4.184863567352294922e-01
2.946790158748626709e-01
4.261881709098815918e-01
4.360216259956359863e-01
4.082615971565246582e-01
3.251213729381561279e-01
2.726099193096160889e-01
2.989458441734313965e-01
3.851283788681030273e-01
3.330146372318267822e-01
2.785951793193817139e-01
3.908022940158843994e-01
3.833843171596527100e-01
3.204323351383209229e-01
3.778915703296661377e-01
3.810494542121887207e-01
3.790693283081054688e-01
3.461677134037017822e-01
3.581275939941406250e-01
3.910182416439056396e-01
2.112998366355895996e-01
3.725348711013793945e-01
3.983522057533264160e-01
3.260612189769744873e-01
3.802938759326934814e-01
3.080381453037261963e-01
3.912002742290496826e-01
2.535948157310485840e-01
4.347199201583862305e-01
3.740869164466857910e-01
2.432087808847427368e-01
4.137765765190124512e-01
3.544831871986389160e-01
3.087702691555023193e-01
2.550243139266967773e-01
3.410055041313171387e-01
4.140342772006988525e-01
3.762533664703369141e-01
3.624040186405181885e-01
3.261349201202392578e-01
2.475004494190216064e-01
2.522234618663787842e-01
4.399492442607879639e-01
3.569707274436950684e-01
4.220999777317047119e-01
4.354692995548248291e-01
3.288941085338592529e-01
3.088842928409576416e-01
2.945027053356170654e-01
3.371792733669281006e-01
4.526540040969848633e-01
3.657133877277374268e-01
4.132989943027496338e-01
3.938622176647186279e-01
4.408533573150634766e-01
3.447452783584594727e-01
4.146189987659454346e-01
3.996064066886901855e-01
4.029635190963745117e-01
4.375800192356109619e-01
4.318262934684753418e-01
4.341293871402740479e-01
3.680272996425628662e-01
3.646292388439178467e-01
3.660880327224731445e-01
2.369016706943511963e-01
4.309842884540557861e-01
3.274922668933868408e-01
3.636359274387359619e-01
1.650421172380447388e-01
2.548481523990631104e-01
3.914808034896850586e-01
3.111859858036041260e-01
3.477365970611572266e-01
2.799832224845886230e-01
4.149447083473205566e-01
4.143172502517700195e-01
2.930448353290557861e-01
3.464665114879608154e-01
3.573004305362701416e-01
3.288358449935913086e-01
3.156779706478118896e-01
3.266387581825256348e-01
3.892612457275390625e-01
3.811646699905395508e-01
2.687218487262725830e-01
3.194263279438018799e-01
3.817990720272064209e-01
3.244096934795379639e-01
3.600674569606781006e-01
4.313129782676696777e-01
3.736084699630737305e-01
3.358402550220489502e-01
3.549649119377136230e-01
1.920720785856246948e-01
3.048436939716339111e-01
3.960934877395629883e-01
4.939090609550476074e-01
3.681885004043579102e-01
3.362704813480377197e-01
3.065766096115112305e-01
3.221178948879241943e-01
4.152230322360992432e-01
3.754648268222808838e-01
3.756494224071502686e-01
3.095403015613555908e-01
2.638336122035980225e-01
3.353262841701507568e-01
4.169341027736663818e-01
3.581611514091491699e-01
1.137775629758834839e-01
4.201416671276092529e-01
2.888846397399902344e-01
4.041652977466583252e-01
2.767206728458404541e-01
4.675400257110595703e-01
3.298464417457580566e-01
3.950230479240417480e-01
2.485261857509613037e-01
2.131090462207794189e-01
3.818925023078918457e-01
3.761392831802368164e-01
3.319762945175170898e-01
4.212212860584259033e-01
3.175106644630432129e-01
3.030764162540435791e-01
3.575051128864288330e-01
3.395523726940155029e-01
3.893002271652221680e-01
3.637783527374267578e-01
2.885839343070983887e-01
4.621636569499969482e-01
3.625256717205047607e-01
3.171449601650238037e-01
4.035303592681884766e-01
5.002886652946472168e-01
4.205884039402008057e-01
3.543648123741149902e-01
4.022649824619293213e-01
3.282011449337005615e-01
3.031794130802154541e-01
5.049101114273071289e-01
4.166382551193237305e-01
3.960610926151275635e-01
3.642118275165557861e-01
3.160773515701293945e-01
4.498739838600158691e-01
2.935884296894073486e-01
4.037682414054870605e-01
3.608176112174987793e-01
4.769147336483001709e-01
4.003216028213500977e-01
3.537008166313171387e-01
3.690800070762634277e-01
2.847537994384765625e-01
3.400058448314666748e-01
4.208222329616546631e-01
3.693021535873413086e-01
2.182585000991821289e-01
4.037138819694519043e-01
3.500002026557922363e-01
3.356885015964508057e-01
4.015487134456634521e-01
3.916007876396179199e-01
3.487683534622192383e-01
4.434285759925842285e-01
5.356090068817138672e-01
4.604952931404113770e-01
3.925207555294036865e-01
3.860406279563903809e-01
4.149666726589202881e-01
4.654579758644104004e-01
4.282864630222320557e-01
4.042212069034576416e-01
3.684733808040618896e-01
3.037380278110504150e-01
3.921093344688415527e-01
3.269851207733154297e-01
4.396705627441406250e-01
2.427536845207214355e-01
3.440429866313934326e-01
3.163695633411407471e-01
3.319489657878875732e-01
3.679378628730773926e-01
2.947895228862762451e-01
4.067918658256530762e-01
2.297487407922744751e-01
5.342590212821960449e-01
2.761112153530120850e-01
3.869933187961578369e-01
4.278686046600341797e-01
2.430124580860137939e-01
2.394115179777145386e-01
4.432421922683715820e-01
3.663186132907867432e-01
3.303841352462768555e-01
3.737472295761108398e-01
3.448090553283691406e-01
3.677561879158020020e-01
4.446586072444915771e-01
3.224548697471618652e-01
3.548771739006042480e-01
3.867560327053070068e-01
3.333346843719482422e-01
3.653460741043090820e-01
3.672628700733184814e-01
2.918578684329986572e-01
2.672010958194732666e-01
3.502246737480163574e-01
2.834818065166473389e-01
3.201968371868133545e-01
3.749500811100006104e-01
3.204211890697479248e-01
3.861788213253021240e-01
3.696250617504119873e-01
2.054663002490997314e-01
5.539610385894775391e-01
5.004579424858093262e-01
3.132261931896209717e-01
3.404870033264160156e-01
3.917556703090667725e-01
3.267671465873718262e-01
3.336950838565826416e-01
5.111631155014038086e-01
3.151933550834655762e-01
3.619705736637115479e-01
3.461461663246154785e-01
3.788019418716430664e-01
3.548713326454162598e-01
3.795085847377777100e-01
3.631179034709930420e-01
3.568238317966461182e-01
4.359132349491119385e-01
3.438764810562133789e-02
4.210353493690490723e-01
3.843213617801666260e-01
4.648901224136352539e-01
3.313448429107666016e-01
2.642951905727386475e-01
3.328469395637512207e-01
4.104059636592864990e-01
4.014354348182678223e-01
3.378261029720306396e-01
3.557014763355255127e-01
5.405315756797790527e-01
4.835368990898132324e-01
3.114702403545379639e-01
3.048433065414428711e-01
3.876900374889373779e-01
3.953389227390289307e-01
3.228870928287506104e-01
4.871002435684204102e-01
3.350874483585357666e-01
3.767366707324981689e-01
3.451719880104064941e-01
3.402799963951110840e-01
3.591877818107604980e-01
3.553206324577331543e-01
3.876717388629913330e-01
3.796674609184265137e-01
3.439472615718841553e-01
3.611132204532623291e-01
4.300008118152618408e-01
3.003358244895935059e-01
3.371391594409942627e-01
3.496416509151458740e-01
3.720364868640899658e-01
3.538478016853332520e-01
2.773477137088775635e-01
3.014688491821289062e-01
3.199842870235443115e-01
3.846349716186523438e-01
4.094861149787902832e-01
3.440663218498229980e-01
2.829514741897583008e-01
3.004819452762603760e-01
3.454284965991973877e-01
4.545826613903045654e-01
3.062459826469421387e-01
4.585276842117309570e-01
4.516383707523345947e-01
3.731181621551513672e-01
2.906301617622375488e-01
3.299480378627777100e-01
3.069889843463897705e-01
3.774380683898925781e-01
3.651614785194396973e-01
3.632532954216003418e-01
3.629530370235443115e-01
3.298484086990356445e-01
3.584886193275451660e-01
2.419157177209854126e-01
3.149061799049377441e-01
3.473932445049285889e-01
3.564112484455108643e-01
4.328490495681762695e-01
3.632673919200897217e-01
2.889749109745025635e-01
5.252532362937927246e-01
3.883609771728515625e-01
3.459564447402954102e-01
2.693925201892852783e-01
4.145800769329071045e-01
3.816074430942535400e-01
3.739339113235473633e-01
3.349658548831939697e-01
2.772938013076782227e-01
3.182245790958404541e-01
3.150801658630371094e-01
3.361446559429168701e-01
3.125416040420532227e-01
3.953660726547241211e-01
4.338494837284088135e-01
2.784564793109893799e-01
2.740454971790313721e-01
4.537422060966491699e-01
3.686470091342926025e-01
3.736977577209472656e-01
2.579834163188934326e-01
2.875214219093322754e-01
3.749612867832183838e-01
2.614749968051910400e-01
2.948375344276428223e-01
3.700044453144073486e-01
3.346552550792694092e-01
4.280322194099426270e-01
3.397095799446105957e-01
4.341310262680053711e-01
3.397864997386932373e-01
3.592755198478698730e-01
3.422015309333801270e-01
2.441253066062927246e-01
3.499087393283843994e-01
2.909152507781982422e-01
3.267272710800170898e-01
3.656930327415466309e-01
3.473847806453704834e-01
3.377129137516021729e-01
3.865506947040557861e-01
2.572814524173736572e-01
5.023867487907409668e-01
3.476816117763519287e-01
4.336094558238983154e-01
4.255020916461944580e-01
3.213342130184173584e-01
2.809484302997589111e-01
2.630188763141632080e-01
3.401919901371002197e-01
3.112964630126953125e-01
4.267858266830444336e-01
4.119669198989868164e-01
3.097410202026367188e-01
2.762388586997985840e-01
5.776343941688537598e-01
4.831400215625762939e-01
3.060494065284729004e-01
6.117960810661315918e-01
2.933978736400604248e-01
3.806800544261932373e-01
3.803378045558929443e-01
3.021323382854461670e-01
3.943032026290893555e-01
4.354965984821319580e-01
3.464187681674957275e-01
3.269783258438110352e-01
3.565167784690856934e-01
5.049226880073547363e-01
4.598945081233978271e-01
6.634125858545303345e-02
3.537782430648803711e-01
3.364249765872955322e-01
4.632638990879058838e-01
3.923751115798950195e-01
3.775585591793060303e-01
3.550696074962615967e-01
3.874166011810302734e-01
2.958195507526397705e-01
2.762539088726043701e-01
3.193151354789733887e-01
3.773532807826995850e-01
3.605171442031860352e-01
4.237814545631408691e-01
3.894395232200622559e-01
2.985153794288635254e-01
3.456529080867767334e-01
4.306764900684356689e-01
3.648721575736999512e-01
5.225296020507812500e-01
4.725986123085021973e-01
3.243508636951446533e-01
3.872936964035034180e-01
3.839185535907745361e-01
4.312337934970855713e-01
3.736522793769836426e-01
3.024794161319732666e-01
3.169074654579162598e-01
3.748501241207122803e-01
3.587082922458648682e-01
4.993391036987304688e-01
3.577060401439666748e-01
4.388855397701263428e-01
3.990333676338195801e-01
3.390677273273468018e-01
4.285094141960144043e-01
2.944953143596649170e-01
3.271534740924835205e-01
3.885774314403533936e-01
3.143450617790222168e-01
3.247101902961730957e-01
4.000698328018188477e-01
4.066928625106811523e-01
3.905287981033325195e-01
3.612509071826934814e-01
3.327047228813171387e-01
4.539805948734283447e-01
3.464589715003967285e-01
4.435977935791015625e-01
3.140583038330078125e-01
5.333262085914611816e-01
4.304149150848388672e-01
3.130417764186859131e-01
3.335926532745361328e-01
4.225392341613769531e-01
5.264290571212768555e-01
4.347780644893646240e-01
4.028386473655700684e-01
3.737367391586303711e-01
3.558568060398101807e-01
3.380747139453887939e-01
3.234271109104156494e-01
4.315890073776245117e-01
4.042628407478332520e-01
3.191715180873870850e-01
3.432082831859588623e-01
3.224657177925109863e-01
4.002178907394409180e-01
3.995542228221893311e-01
3.554894328117370605e-01
3.426648676395416260e-01
3.586814403533935547e-01
3.988686800003051758e-01
3.662332296371459961e-01
4.116282463073730469e-01
3.207005262374877930e-01
3.143305182456970215e-01
2.928337752819061279e-01
4.113886058330535889e-01
3.245984017848968506e-01
3.515617251396179199e-01
4.247546792030334473e-01
3.469156622886657715e-01
2.788805961608886719e-01
3.896853923797607422e-01
3.816255331039428711e-01
3.116469085216522217e-01
1.520166695117950439e-01
4.021764099597930908e-01
3.686725795269012451e-01
3.618799448013305664e-01
3.452075421810150146e-01
2.957218587398529053e-01
5.167668312788009644e-02
3.911012709140777588e-01
2.226751297712326050e-01
3.588133752346038818e-01
2.981207668781280518e-01
4.979898631572723389e-01
3.348723649978637695e-01
3.656857609748840332e-01
3.415105044841766357e-01
3.749027252197265625e-01
4.656781554222106934e-01
3.472451269626617432e-01
2.267091423273086548e-01
3.099217116832733154e-01
3.894428014755249023e-01
2.949295341968536377e-01
5.353085994720458984e-01
3.706464767456054688e-01
2.902743816375732422e-01
3.668318092823028564e-01
4.416089057922363281e-01
4.070897102355957031e-01
3.930258452892303467e-01
3.313263356685638428e-01
3.434823751449584961e-01
3.513842225074768066e-01
4.232516884803771973e-01
4.522448778152465820e-01
4.751265048980712891e-01
4.125138819217681885e-01
3.539082705974578857e-01
3.264493644237518311e-01
3.766462504863739014e-01
3.844111263751983643e-01
3.175753653049468994e-01
3.218176662921905518e-01
2.994779646396636963e-01
3.476072847843170166e-01
4.319655001163482666e-01
3.089531064033508301e-01
4.015275239944458008e-01
3.434706032276153564e-01
4.034188687801361084e-01
3.518314659595489502e-01
3.917035758495330811e-01
3.193215429782867432e-01
3.906787037849426270e-01
3.575755655765533447e-01
3.007962405681610107e-01
3.507308959960937500e-01
3.904945552349090576e-01
2.795854508876800537e-01
2.736048698425292969e-01
3.128415048122406006e-01
3.960768282413482666e-01
2.978974282741546631e-01
4.869789183139801025e-01
5.146783590316772461e-01
3.419379889965057373e-01
3.198593556880950928e-01
4.176876544952392578e-01
3.671275377273559570e-01
4.008638560771942139e-01
3.502086102962493896e-01
3.259131014347076416e-01
4.702517688274383545e-01
3.277682960033416748e-01
4.411250352859497070e-01
3.825477361679077148e-01
3.332817852497100830e-01
3.798332214355468750e-01
2.753843367099761963e-01
3.517691493034362793e-01
3.585153818130493164e-01
3.660535216331481934e-01
3.145043253898620605e-01
4.032293558120727539e-01
3.696844279766082764e-01
3.374116122722625732e-01
3.935247957706451416e-01
3.587671518325805664e-01
3.470064401626586914e-01
2.974271178245544434e-01
3.058895766735076904e-01
3.791316151618957520e-01
4.208608269691467285e-01
3.294071555137634277e-01
3.701907992362976074e-01
3.105306029319763184e-01
3.911569714546203613e-01
4.192729294300079346e-01
3.865525424480438232e-01
3.407773673534393311e-01
3.592160940170288086e-01
2.877481877803802490e-01
3.513954281806945801e-01
3.514576256275177002e-01
4.209676682949066162e-01
4.153984189033508301e-01
2.742251753807067871e-01
3.827044665813446045e-01
3.193787038326263428e-01
3.431766927242279053e-01
3.493337333202362061e-01
4.989387094974517822e-01
2.780196666717529297e-01
3.146215081214904785e-01
3.234724402427673340e-01
3.424608111381530762e-01
3.803920745849609375e-01
3.872698545455932617e-01
2.626489102840423584e-01
3.498015403747558594e-01
4.365241527557373047e-01
4.632720947265625000e-01
3.332557380199432373e-01
3.579704463481903076e-01
3.384641110897064209e-01
2.951286137104034424e-01
3.450285196304321289e-01
3.087871074676513672e-01
3.663208484649658203e-01
3.440333604812622070e-01
2.424197345972061157e-01
2.608012855052947998e-01
3.837919235229492188e-01
3.030746579170227051e-01
5.384612828493118286e-02
4.233835041522979736e-01
4.533578753471374512e-01
3.299802541732788086e-01
2.616126537322998047e-01
4.041565656661987305e-01
4.667772650718688965e-01
3.503212332725524902e-01
3.443949520587921143e-01
2.948539555072784424e-01
3.176270425319671631e-01
4.371849298477172852e-01
3.621375262737274170e-01
4.122272729873657227e-01
3.245056271553039551e-01
3.430816531181335449e-01
5.339847803115844727e-01
4.302057921886444092e-01
3.382340967655181885e-01
3.541081845760345459e-01
2.966996431350708008e-01
4.028123021125793457e-01
3.219399154186248779e-01
4.046835899353027344e-01
3.234483003616333008e-01
3.496693372726440430e-01
5.272927880287170410e-01
3.728502988815307617e-01
3.958396017551422119e-01
3.474304676055908203e-01
3.027351498603820801e-01
3.933319151401519775e-01
3.192657530307769775e-01
2.953970730304718018e-01
3.337889611721038818e-01
4.344808161258697510e-01
2.724096775054931641e-01
5.229497551918029785e-01
3.814864456653594971e-01
3.107011914253234863e-01
3.736102879047393799e-01
5.380879044532775879e-01
4.001393020153045654e-01
4.028066396713256836e-01
4.068579673767089844e-01
2.909823060035705566e-01
2.845288813114166260e-01
3.030805587768554688e-01
2.516471445560455322e-01
3.873886764049530029e-01
3.192274570465087891e-01
3.431402146816253662e-01
4.176146090030670166e-01
4.561021625995635986e-01
3.820903003215789795e-01
4.887328147888183594e-01
3.062227666378021240e-01
3.277488946914672852e-01
3.594669997692108154e-01
4.124260842800140381e-01
3.290956616401672363e-01
3.104296028614044189e-01
3.195709288120269775e-01
2.210399061441421509e-01
2.900515198707580566e-01
3.614817857742309570e-01
3.668130040168762207e-01
3.517623245716094971e-01
3.747150003910064697e-01
3.621331453323364258e-01
2.943050265312194824e-01
2.679807543754577637e-01
4.096905291080474854e-01
3.562341332435607910e-01
2.873201072216033936e-01
3.083123862743377686e-01
4.099530279636383057e-01
2.875978052616119385e-01
3.226839005947113037e-01
3.352919518947601318e-01
4.104510247707366943e-01
4.885274767875671387e-01
3.781511187553405762e-01
3.272458910942077637e-01
3.211552798748016357e-01
3.694135248661041260e-01
3.475016653537750244e-01
3.086586296558380127e-01
3.994754254817962646e-01
3.695218563079833984e-01
3.783484697341918945e-01
3.217594325542449951e-01
3.488934636116027832e-01
3.008752465248107910e-01
3.709845244884490967e-01
4.557120501995086670e-01
4.073164165019989014e-01
4.018302559852600098e-01
3.276296257972717285e-01
3.636887967586517334e-01
3.901083767414093018e-01
3.791535496711730957e-01
4.152446687221527100e-01
3.316506445407867432e-01
3.731081783771514893e-01
3.494577109813690186e-01
3.566486239433288574e-01
4.241783618927001953e-01
4.456752836704254150e-01
2.896570265293121338e-01
3.491765558719635010e-01
3.418570756912231445e-01
3.857761025428771973e-01
2.923947274684906006e-01
3.674745261669158936e-01
3.255475759506225586e-01
3.465774357318878174e-01
3.246893882751464844e-01
2.937693297863006592e-01
3.912365734577178955e-01
4.048886597156524658e-01
4.776406586170196533e-01
3.440112471580505371e-01
3.271093666553497314e-01
4.751733243465423584e-01
4.466338753700256348e-01
4.447859823703765869e-01
3.121687471866607666e-01
3.582687377929687500e-01
3.730195462703704834e-01
3.690688014030456543e-01
3.511917889118194580e-01
3.280657529830932617e-01
3.438591361045837402e-01
4.516552388668060303e-01
4.267187714576721191e-01
4.544778466224670410e-01
3.673741519451141357e-01
4.198650121688842773e-01
3.321991860866546631e-01
3.154655694961547852e-01
3.677290380001068115e-01
3.357085585594177246e-01
4.474758207798004150e-01
3.187403380870819092e-01
3.603308796882629395e-01
3.915504217147827148e-01
3.373724520206451416e-01
4.052996635437011719e-01
3.981292247772216797e-01
3.361699879169464111e-01
4.728270471096038818e-01
3.609610497951507568e-01
3.719232678413391113e-01
4.162785708904266357e-01
3.582508563995361328e-01
3.335980474948883057e-01
3.128810822963714600e-01
3.697435259819030762e-01
3.941604197025299072e-01
3.071630895137786865e-01
3.582955598831176758e-01
4.050236344337463379e-01
3.098532855510711670e-01
3.548415899276733398e-01
4.473009407520294189e-01
4.307106137275695801e-01
4.300212860107421875e-01
2.887368798255920410e-01
3.502542674541473389e-01
2.787110805511474609e-01
4.181853532791137695e-01
3.305308222770690918e-01
3.908030390739440918e-01
4.132828712463378906e-01
3.258959352970123291e-01
4.225163161754608154e-01
3.561026751995086670e-01
3.435956835746765137e-01
3.832126259803771973e-01
3.610893487930297852e-01
3.948693275451660156e-01
3.050070405006408691e-01
3.592070639133453369e-01
3.673686683177947998e-01
4.180386066436767578e-01
3.751554489135742188e-01
3.033452332019805908e-01
3.014073073863983154e-01
3.176924884319305420e-01
4.926491975784301758e-01
3.593177497386932373e-01
2.947216629981994629e-01
4.225028455257415771e-01
3.136431574821472168e-01
4.010814726352691650e-01
3.615202009677886963e-01
3.186888396739959717e-01
3.314157426357269287e-01
3.366890847682952881e-01
3.184644877910614014e-01
4.016964733600616455e-01
3.704864382743835449e-01
3.635385036468505859e-01
4.393968880176544189e-01
6.086045503616333008e-01
4.144843220710754395e-01
3.810105621814727783e-01
3.454510569572448730e-01
3.157301545143127441e-01
3.218930363655090332e-01
3.969585001468658447e-01
3.927964568138122559e-01
2.858437895774841309e-01
4.593371748924255371e-01
2.779703438282012939e-01
2.931303083896636963e-01
3.139536082744598389e-01
3.964585661888122559e-01
2.909576594829559326e-01
3.788386583328247070e-01
4.149038493633270264e-01
2.845832705497741699e-01
3.071340620517730713e-01
2.787874042987823486e-01
2.864237427711486816e-01
3.016453683376312256e-01
3.660283386707305908e-01
3.404600918292999268e-01
3.512817621231079102e-01
3.111641108989715576e-01
3.480515778064727783e-01
3.619618713855743408e-01
3.847717046737670898e-01
3.446840047836303711e-01
3.186366260051727295e-01
3.964112102985382080e-01
3.230993449687957764e-01
3.169093728065490723e-01
2.668263614177703857e-01
3.571697175502777100e-01
2.837824821472167969e-01
4.600361883640289307e-01
1.282067447900772095e-01
4.197488129138946533e-01
4.897918105125427246e-01
3.694473803043365479e-01
3.614322245121002197e-01
4.900505244731903076e-01
2.853648960590362549e-01
4.180247783660888672e-01
2.425755709409713745e-01
2.789347767829895020e-01
3.665342032909393311e-01
3.271436691284179688e-01
1.973310559988021851e-01
3.968862295150756836e-01
2.991463243961334229e-01
3.265320658683776855e-01
3.811621665954589844e-01
4.464811682701110840e-01
4.794630110263824463e-01
3.024104833602905273e-01
2.988283932209014893e-01
4.155830740928649902e-01
3.750245869159698486e-01
3.643934428691864014e-01
2.954237759113311768e-01
3.053475320339202881e-01
2.737054824829101562e-01
2.800523042678833008e-01
3.103372156620025635e-01
3.486065864562988281e-01
3.601849377155303955e-01
4.004950821399688721e-01
3.641422688961029053e-01
2.604067027568817139e-01
3.058368563652038574e-01
4.386711120605468750e-01
3.501833975315093994e-01
3.288090527057647705e-01
3.605938851833343506e-01
3.424401283264160156e-01
3.607585132122039795e-01
3.680840134620666504e-01
4.396735727787017822e-01
2.620367109775543213e-01
3.660874962806701660e-01
2.866672873497009277e-01
4.360503852367401123e-01
3.535902798175811768e-01
5.203271508216857910e-01
3.684466481208801270e-01
3.529171049594879150e-01
3.316733837127685547e-01
4.017058014869689941e-01
3.026888370513916016e-01
3.579402565956115723e-01
3.057278990745544434e-01
3.489643037319183350e-01
2.758740186691284180e-01
3.360902369022369385e-01
3.252805471420288086e-01
3.304116129875183105e-01
5.581800937652587891e-01
3.420822918415069580e-01
3.943901956081390381e-01
4.160970747470855713e-01
3.497872650623321533e-01
4.503036439418792725e-01
3.137871921062469482e-01
4.752622842788696289e-01
3.715587556362152100e-01
3.572521209716796875e-01
4.126822650432586670e-01
3.590615093708038330e-01
4.649296402931213379e-01
3.816586136817932129e-01
3.331672847270965576e-01
3.262182474136352539e-01
2.825136482715606689e-01
2.647534012794494629e-01
3.465612232685089111e-01
3.447684645652770996e-01
3.762121200561523438e-01
3.150737583637237549e-01
4.084340035915374756e-01
2.730852663516998291e-01
3.850235044956207275e-01
4.047879278659820557e-01
2.871130406856536865e-01
3.673635125160217285e-01
3.934620320796966553e-01
3.909069299697875977e-01
3.465422987937927246e-01
3.048943877220153809e-01
3.547623455524444580e-01
3.632823228836059570e-01
4.570853710174560547e-01
3.594900369644165039e-01
3.670601546764373779e-01
4.481890499591827393e-01
3.971180319786071777e-01
4.197783172130584717e-01
3.137385845184326172e-01
3.388087749481201172e-01
4.609357416629791260e-01
5.873817801475524902e-01
2.998817861080169678e-01
3.565517365932464600e-01
3.975752592086791992e-01
3.892786204814910889e-01
2.891914248466491699e-01
3.849361538887023926e-01
4.191427528858184814e-01
3.367853164672851562e-01
4.250944256782531738e-01
2.579219341278076172e-01
3.743937909603118896e-01
3.098696470260620117e-01
3.124308884143829346e-01
4.054073989391326904e-01
2.870055139064788818e-01
4.211560487747192383e-01
3.792194426059722900e-01
4.905005693435668945e-01
4.369622468948364258e-01
3.898373246192932129e-01
4.043731093406677246e-01
3.015757799148559570e-01
3.592041432857513428e-01
4.027476906776428223e-01
4.388784170150756836e-01
3.763316273689270020e-01
3.859563767910003662e-01
3.246659636497497559e-01
3.514079153537750244e-01
4.399619400501251221e-01
3.700379729270935059e-01
3.302605450153350830e-01
3.785378038883209229e-01
3.906007111072540283e-01
3.783341944217681885e-01
3.480450809001922607e-01
3.493601381778717041e-01
3.181797564029693604e-01
4.392503499984741211e-01
3.388861417770385742e-01
3.160499632358551025e-01
3.657481670379638672e-01
3.310146629810333252e-01
3.657437264919281006e-01
3.146800696849822998e-01
4.036988019943237305e-01
1.399869322776794434e-01
3.381737768650054932e-01
3.627345561981201172e-01
3.972139060497283936e-01
3.191646039485931396e-01
2.509782910346984863e-01
2.499434649944305420e-01
3.616037070751190186e-01
4.432182908058166504e-01
3.630478084087371826e-01
3.682929575443267822e-01
4.293788671493530273e-01
3.310341238975524902e-01
4.061003625392913818e-01
3.219159841537475586e-01
3.720708191394805908e-01
4.815078079700469971e-01
2.603424489498138428e-01
3.514595329761505127e-01
3.423343300819396973e-01
3.274918496608734131e-01
3.514585793018341064e-01
4.140013754367828369e-01
2.596231102943420410e-01
3.683741390705108643e-01
4.196833074092864990e-01
2.947193086147308350e-01
3.512312769889831543e-01
4.002683162689208984e-01
3.090853095054626465e-01
3.358425796031951904e-01
3.261928260326385498e-01
3.865167498588562012e-01
3.479316532611846924e-01
3.732069730758666992e-01
5.049943923950195312e-01
3.582011461257934570e-01
3.361990451812744141e-01
4.566293060779571533e-01
5.010542273521423340e-01
4.487149715423583984e-01
2.938643693923950195e-01
4.668418169021606445e-01
3.330125808715820312e-01
4.062298238277435303e-01
3.654720485210418701e-01
3.641638457775115967e-01
1.185713335871696472e-01
4.291426837444305420e-01
2.720530629158020020e-01
2.950541973114013672e-01
4.509906172752380371e-01
4.385988414287567139e-01
3.247534930706024170e-01
3.415963947772979736e-01
3.258919715881347656e-01
3.450311720371246338e-01
3.062410056591033936e-01
3.781722187995910645e-01
3.987981677055358887e-01
4.519100189208984375e-01
3.865064084529876709e-01
4.640247225761413574e-01
4.958828985691070557e-01
3.572752177715301514e-01
3.406066596508026123e-01
3.832387030124664307e-01
3.937841653823852539e-01
3.463843464851379395e-01
3.936628103256225586e-01
3.862883448600769043e-01
4.571923315525054932e-01
4.053596258163452148e-01
3.872448503971099854e-01
3.851054906845092773e-01
3.266977965831756592e-01
3.533314764499664307e-01
3.309924900531768799e-01
3.507026433944702148e-01
3.458057045936584473e-01
3.766162395477294922e-01
4.149921834468841553e-01
3.810064196586608887e-01
4.194365739822387695e-01
4.022065103054046631e-01
3.695677816867828369e-01
4.836914837360382080e-01
3.889167308807373047e-01
3.893879950046539307e-01
3.773567974567413330e-01
4.639065563678741455e-01
3.550088107585906982e-01
3.571341037750244141e-01
3.683372139930725098e-01
5.043428540229797363e-01
3.338201642036437988e-01
3.713487088680267334e-01
3.051274120807647705e-01
3.309002816677093506e-01
2.977488636970520020e-01
2.492936700582504272e-01
3.832366764545440674e-01
3.439984619617462158e-01
3.934865593910217285e-01
3.623224198818206787e-01
3.498415350914001465e-01
4.324336647987365723e-01
4.475998878479003906e-01
4.257310330867767334e-01
3.765611946582794189e-01
4.325248003005981445e-01
4.940565824508666992e-01
3.387434780597686768e-01
4.238177537918090820e-01
3.371899127960205078e-01
2.896861732006072998e-01
3.594112098217010498e-01
3.326931297779083252e-01
3.183487653732299805e-01
2.643144428730010986e-01
2.569008767604827881e-01
3.231545388698577881e-01
3.632837235927581787e-01
3.946263790130615234e-01
4.110736548900604248e-01
3.454912304878234863e-01
4.100547730922698975e-01
3.617864549160003662e-01
3.701410070061683655e-02
3.356728553771972656e-01
3.188331425189971924e-01
3.712030947208404541e-01
2.884641289710998535e-01
5.101147294044494629e-01
4.773046970367431641e-01
2.873736023902893066e-01
3.744045794010162354e-01
3.804345428943634033e-01
3.289572000503540039e-01
2.736568450927734375e-01
3.471032083034515381e-01
3.620194196701049805e-01
5.168414711952209473e-01
3.795609176158905029e-01
3.486636281013488770e-01
3.873338997364044189e-01
3.628682792186737061e-01
4.130062460899353027e-01
3.099434077739715576e-01
4.367004036903381348e-01
3.022320270538330078e-01
3.442846238613128662e-01
4.377361834049224854e-01
3.465816676616668701e-01
3.346008062362670898e-01
3.455610275268554688e-01
3.644121587276458740e-01
4.436764419078826904e-01
4.089110791683197021e-01
4.067345559597015381e-01
2.125918567180633545e-01
3.564765155315399170e-01
4.932863414287567139e-01
3.240741789340972900e-01
4.186270534992218018e-01
3.794233202934265137e-01
3.125831186771392822e-01
3.180513083934783936e-01
4.540232419967651367e-01
3.025932908058166504e-01
3.980772793292999268e-01
3.601916432380676270e-01
4.246907234191894531e-01
3.320525586605072021e-01
4.759927690029144287e-01
2.874315381050109863e-01
4.479099214076995850e-01
3.238864243030548096e-01
3.715536892414093018e-01
3.549580872058868408e-01
2.800194919109344482e-01
3.162999451160430908e-01
4.258402287960052490e-01
4.684714674949645996e-01
3.310751318931579590e-01
3.193449974060058594e-01
3.547232151031494141e-01
3.808884322643280029e-01
3.449684679508209229e-01
3.571321070194244385e-01
3.206249773502349854e-01
3.463367521762847900e-01
3.249944150447845459e-01
3.787437677383422852e-01
3.630428612232208252e-01
3.292695879936218262e-01
4.325289130210876465e-01
3.762075006961822510e-01
2.655460238456726074e-01
4.352176785469055176e-01
3.816221654415130615e-01
3.140708804130554199e-01
3.394463360309600830e-01
3.886286020278930664e-01
3.053292632102966309e-01
3.507656753063201904e-01
4.160930514335632324e-01
3.811970353126525879e-01
3.382877409458160400e-01
3.516847789287567139e-01
2.717638015747070312e-01
3.089861571788787842e-01
3.181428015232086182e-01
4.579417407512664795e-01
3.008430004119873047e-01
5.433374047279357910e-01
2.101200073957443237e-01
3.538219630718231201e-01
4.003612399101257324e-01
3.309180140495300293e-01
4.030766189098358154e-01
3.311827778816223145e-01
2.783562541007995605e-01
4.018864929676055908e-01
4.828073680400848389e-01
4.605073332786560059e-01
3.621894121170043945e-01
3.549613654613494873e-01
3.773793876171112061e-01
3.688226342201232910e-01
3.763476014137268066e-01
2.706407606601715088e-01
3.881424069404602051e-01
1.843107640743255615e-01
2.128099650144577026e-01
2.730884253978729248e-01
3.592532277107238770e-01
3.532465100288391113e-01
3.002906143665313721e-01
3.913955390453338623e-01
3.885201513767242432e-01
3.029529452323913574e-01
3.532016575336456299e-01
3.628156781196594238e-01
3.341560363769531250e-01
4.313485622406005859e-01
2.907254993915557861e-01
4.253631234169006348e-01
3.608628511428833008e-01
3.336620330810546875e-01
3.247271776199340820e-01
3.092327117919921875e-01
4.001514911651611328e-01
2.702314257621765137e-01
3.095317780971527100e-01
3.186433613300323486e-01
4.005263745784759521e-01
3.049909770488739014e-01
3.954063951969146729e-01
3.050494492053985596e-01
3.191849291324615479e-01
9.520833194255828857e-02
4.136506915092468262e-01
3.801582455635070801e-01
4.037475585937500000e-01
3.214192390441894531e-01
3.927460014820098877e-01
3.142921030521392822e-01
3.964121937751770020e-01
4.770280122756958008e-01
4.002821147441864014e-01
2.386315464973449707e-01
3.361145555973052979e-01
3.123255372047424316e-01
3.486768007278442383e-01
2.976506054401397705e-01
4.393194913864135742e-01
3.035490810871124268e-01
3.823262155055999756e-01
2.694782316684722900e-01
4.413401782512664795e-01
3.245332837104797363e-01
3.811400532722473145e-01
3.761065900325775146e-01
3.041289746761322021e-01
3.968609869480133057e-01
3.231096863746643066e-01
2.992090880870819092e-01
3.785480856895446777e-01
3.954997062683105469e-01
3.463333547115325928e-01
3.743315935134887695e-01
3.205372691154479980e-01
3.778214156627655029e-01
3.488009572029113770e-01
4.870221018791198730e-01
4.478245377540588379e-01
4.173453152179718018e-01
3.781309425830841064e-01
2.991333007812500000e-01
3.832273483276367188e-01
2.977590560913085938e-01
3.153598010540008545e-01
3.866815567016601562e-01
4.348975121974945068e-01
3.625557124614715576e-01
3.233354985713958740e-01
3.855899572372436523e-01
3.896308243274688721e-01
3.064408004283905029e-01
4.442760646343231201e-01
3.487029075622558594e-01
3.705533444881439209e-01
2.996534407138824463e-01
5.141265988349914551e-01
3.050603270530700684e-01
3.182460665702819824e-01
4.737161695957183838e-01
2.871189117431640625e-01
2.891704738140106201e-01
3.228241801261901855e-01
2.669236660003662109e-01
3.117238581180572510e-01
3.191998302936553955e-01
3.935024142265319824e-01
9.846607595682144165e-02
4.078598022460937500e-01
4.188203513622283936e-01
5.853230357170104980e-01
3.381457030773162842e-01
3.059488832950592041e-01
2.679909765720367432e-01
3.859383463859558105e-01
3.425028026103973389e-01
3.341049849987030029e-01
2.995002269744873047e-01
3.869978189468383789e-01
3.620950281620025635e-01
4.077159464359283447e-01
3.694477677345275879e-01
3.811946511268615723e-01
3.297122716903686523e-01
4.812764525413513184e-01
3.622572124004364014e-01
4.421995282173156738e-01
4.641820490360260010e-01
3.846340477466583252e-01
3.656215369701385498e-01
3.095650970935821533e-01
3.409012258052825928e-01
3.431346416473388672e-01
3.235438466072082520e-01
3.962256908416748047e-01
7.846480607986450195e-02
3.554626703262329102e-01
3.195456564426422119e-01
3.652794659137725830e-01
3.153494298458099365e-01
