-3.372583389282226562e-01
-3.700454160571098328e-02
8.484265208244323730e-02
-2.323259860277175903e-01
-1.325896568596363068e-02
-2.513591051101684570e-01
-2.831910550594329834e-01
1.538841724395751953e-01
-7.379492521286010742e-01
-4.004480540752410889e-01
-4.972258210182189941e-01
-1.536441128700971603e-02
1.104257628321647644e-02
1.702512502670288086e-01
-1.904669702053070068e-01
-1.872206628322601318e-01
-2.833786010742187500e-01
1.658318638801574707e-01
3.355096280574798584e-01
-7.962680459022521973e-01
-3.526046574115753174e-01
5.559331923723220825e-02
1.385685550303605851e-06
6.253715127968462184e-07
-8.752873539924621582e-02
-9.991677943617105484e-04
2.792830467224121094e-01
-1.947381794452667236e-01
5.029759556055068970e-02
1.193652376532554626e-01
1.785451546311378479e-02
-6.286405771970748901e-02
-9.395336359739303589e-02
-1.484275329858064651e-02
-4.397958219051361084e-01
-5.770776271820068359e-01
-6.361235976219177246e-01
1.410287469625473022e-01
-5.531432628631591797e-01
-1.797940433025360107e-01
4.317048564553260803e-02
-2.632632553577423096e-01
-2.207309752702713013e-01
-8.710749447345733643e-02
-2.116723358631134033e-01
3.319362076581455767e-05
-3.825892806053161621e-01
-2.142892330884933472e-01
-3.512172028422355652e-02
-5.808700323104858398e-01
-3.902477622032165527e-01
3.632169216871261597e-02
-1.443114456378680188e-06
1.662964001297950745e-02
-2.639038264751434326e-01
-8.689432144165039062e-01
-1.105603575706481934e-01
-3.473863750696182251e-02
1.076515391469001770e-01
-2.503013610839843750e-01
-6.385574340820312500e-01
-8.825212717056274414e-02
-1.997534781694412231e-01
-2.963591814041137695e-01
-8.030817184589977842e-07
-7.435557991266250610e-02
-2.340281605720520020e-01
8.456096984446048737e-03
1.574151962995529175e-02
-3.603094816207885742e-01
-2.396429181098937988e-01
-2.062018324977543671e-07
-7.855711579322814941e-01
-3.893665075302124023e-01
-1.882741153240203857e-01
3.802682459354400635e-01
-8.035012520849704742e-03
2.182402163743972778e-01
-3.927883207798004150e-01
1.947770714759826660e-01
-4.828226268291473389e-01
1.659463346004486084e-01
-4.001752138137817383e-01
6.210174615262076259e-05
7.981341481208801270e-01
1.811391115188598633e-01
-3.132216036319732666e-01
-6.006969215377466753e-07
1.589172035455703735e-01
-7.313731771318998653e-07
-4.268311262130737305e-01
-2.046484500169754028e-01
7.385571487247943878e-03
1.683621481060981750e-02
4.054883494973182678e-03
-4.686555862426757812e-01
2.609867155551910400e-01
3.679506778717041016e-01
-6.674984097480773926e-02
-3.796924650669097900e-01
-2.347428798675537109e-01
-1.352155209133343305e-06
-2.926332652568817139e-01
-5.563250184059143066e-01
-1.853608936071395874e-01
-4.030671119689941406e-01
8.362931199371814728e-03
-2.052859599643852562e-06
-4.439587891101837158e-02
-8.286503702402114868e-02
-3.698812723159790039e-01
3.875187933444976807e-01
4.142798483371734619e-02
-1.685887724161148071e-01
-1.355842947959899902e-01
-4.631568863987922668e-02
-3.271171748638153076e-01
-3.987202603639161680e-07
-5.109063163399696350e-02
-9.869132190942764282e-02
-3.735571801662445068e-01
-2.865274064242839813e-02
-3.135363757610321045e-01
-2.060992264887318015e-04
-4.070077240467071533e-01
-1.195078417658805847e-01
-3.195388913154602051e-01
1.905000885017216206e-03
5.770732089877128601e-02
8.526328951120376587e-02
-2.363685332238674164e-02
-1.645353585481643677e-01
1.340211629867553711e-01
-2.099409130096319132e-06
-1.537111711513716727e-05
-2.973212003707885742e-01
1.466073989868164062e-01
-4.632264748215675354e-02
-2.684321999549865723e-01
-6.829945743083953857e-02
-1.249995753169059753e-01
-1.170794814825057983e-01
-6.564596295356750488e-02
-4.619029760360717773e-01
-3.442912362515926361e-03
-3.761346042156219482e-01
3.890086337924003601e-02
-1.467764079570770264e-01
2.705373242497444153e-02
-3.314968049526214600e-01
-1.227558180689811707e-01
-3.852969780564308167e-02
1.221312358975410461e-01
6.845482438802719116e-02
2.131431102752685547e-01
-2.098022699356079102e-01
-1.168297082185745239e-01
-2.141647739335894585e-03
-2.410939931869506836e-01
-5.076940059661865234e-01
-2.397286444902420044e-01
2.330979704856872559e-01
-1.843547970056533813e-01
1.635470509529113770e+00
4.632445797324180603e-02
-3.728511035442352295e-01
2.521668560802936554e-02
-7.098155617713928223e-01
-2.677852213382720947e-01
-2.033811956644058228e-01
-5.559822544455528259e-02
-3.956899046897888184e-01
7.000380009412765503e-02
-8.356314152479171753e-02
-3.610723069868981838e-05
5.768497474491596222e-03
2.569553256034851074e-01
9.611938595771789551e-01
4.658820629119873047e-01
-3.501171171665191650e-01
1.627056747674942017e-01
2.176687568426132202e-01
-3.273157477378845215e-01
-1.006213650107383728e-01
4.319211095571517944e-02
-2.129057065758388489e-06
-7.448756694793701172e-01
-2.425630092620849609e-01
-1.220946237444877625e-01
1.713640093803405762e-01
-4.400855600833892822e-01
2.195948660373687744e-01
-2.089874595403671265e-01
-2.057584673166275024e-01
-8.467923849821090698e-02
-1.032516360282897949e+00
-2.738783061504364014e-01
2.987569868564605713e-01
-9.082321822643280029e-02
6.693003524560481310e-05
-3.408612906932830811e-01
1.939545124769210815e-01
7.528043965976394247e-07
-8.131633512675762177e-03
6.553091935757038300e-08
-3.451622724533081055e-01
-1.024943366646766663e-01
1.045463723130524158e-03
-2.823392152786254883e-01
-1.481035202741622925e-01
-2.549162209033966064e-01
7.604179531335830688e-02
-3.142992779612541199e-02
-3.604946732521057129e-01
2.167720140278106555e-06
-1.959589272737503052e-01
7.609868794679641724e-02
1.174495592713356018e-01
-2.346431463956832886e-01
3.684535622596740723e-01
-1.843311041593551636e-01
1.570822894573211670e-01
-8.709196746349334717e-02
-4.246259331703186035e-01
1.676230728626251221e-01
-5.284895896911621094e-01
1.074404790997505188e-01
-4.315856993198394775e-01
1.003615632653236389e-01
2.398412376642227173e-01
5.129465833306312561e-02
-5.973339080810546875e-02
-2.489299774169921875e-01
1.082470491528511047e-01
4.191224277019500732e-01
-8.057302832603454590e-01
3.930216431617736816e-01
1.436102688312530518e-01
-3.096994757652282715e-01
-1.154173910617828369e-01
-1.907309144735336304e-01
-6.146081686019897461e-01
-4.196009635925292969e-01
-8.713749051094055176e-02
-9.107492119073867798e-02
-4.317760765552520752e-01
-1.936243206728249788e-04
2.106023728847503662e-01
-3.304244875907897949e-01
2.212445139884948730e-01
-1.365761011838912964e-01
-3.238027691841125488e-01
-9.436514973640441895e-01
1.483518332242965698e-01
2.276455461978912354e-01
1.512478739023208618e-01
