-7.930418848991394043e-02
-1.009929105639457703e-01
4.666177928447723389e-02
-1.660995334386825562e-01
-1.141796447336673737e-02
8.039863407611846924e-02
1.947143487632274628e-02
-6.619416177272796631e-02
-5.366082489490509033e-02
1.003421917557716370e-01
2.326599508523941040e-02
1.508629135787487030e-02
-7.466320693492889404e-02
-6.474055349826812744e-02
1.548424810171127319e-01
-1.208451241254806519e-01
8.959418535232543945e-02
-1.078976318240165710e-01
-1.556781232357025146e-01
5.965813249349594116e-02
-4.453366249799728394e-02
-1.505310982465744019e-01
-6.907990574836730957e-02
2.461001649498939514e-02
-2.770558893680572510e-01
-1.640982478857040405e-01
-6.425151228904724121e-02
3.814395284280180931e-03
2.723534218966960907e-02
9.505196660757064819e-02
-2.006075531244277954e-02
3.429070487618446350e-02
-7.096815854310989380e-02
-5.468592420220375061e-02
-1.085257530212402344e-01
-1.499515324831008911e-01
9.965703636407852173e-02
-1.704499311745166779e-02
-7.687072455883026123e-02
-3.787266835570335388e-02
-1.906238645315170288e-01
-1.518989205360412598e-01
2.392406202852725983e-02
-1.301353573799133301e-01
6.502308696508407593e-02
1.312496606260538101e-02
-2.698356509208679199e-01
-7.793743163347244263e-02
4.727485775947570801e-02
-5.014485865831375122e-02
-3.054351918399333954e-02
-4.231865704059600830e-02
1.331312805414199829e-01
-1.527151912450790405e-01
-1.187538057565689087e-01
-5.240768939256668091e-02
-5.595196783542633057e-02
-2.253970503807067871e-01
-1.133801192045211792e-01
6.720355898141860962e-02
1.651066355407238007e-02
-1.373798549175262451e-01
-7.647356390953063965e-02
-9.578771889209747314e-02
-1.687386184930801392e-01
-1.591042280197143555e-01
8.027462661266326904e-02
-2.354420721530914307e-02
-5.615401268005371094e-02
2.689177356660366058e-02
-1.044811010360717773e-01
8.538819849491119385e-02
-3.661856055259704590e-02
-1.868258118629455566e-01
5.494119599461555481e-02
-1.035397872328758240e-01
-7.217466086149215698e-02
-1.378600448369979858e-01
1.137360855937004089e-01
-1.884162798523902893e-02
1.637501083314418793e-02
-9.795041382312774658e-02
-6.447409093379974365e-02
-5.533235147595405579e-03
-1.113607734441757202e-01
-2.106642425060272217e-01
3.598304465413093567e-02
-6.354612857103347778e-02
-2.316650152206420898e-01
-4.649967700242996216e-02
-7.483484596014022827e-02
3.934597223997116089e-02
-8.182748407125473022e-02
-1.567851155996322632e-01
-1.421805769205093384e-01
4.443866014480590820e-02
-2.565919756889343262e-01
-4.223813116550445557e-02
9.227725863456726074e-02
-7.844360917806625366e-02
-4.283978044986724854e-02
-1.718249171972274780e-01
1.246409565210342407e-01
-5.887628719210624695e-02
-2.272582501173019409e-01
1.092904340475797653e-02
-3.127358853816986084e-03
-8.634134382009506226e-02
-1.057182103395462036e-01
-3.814734145998954773e-02
-2.501523196697235107e-01
3.906590864062309265e-02
1.161078587174415588e-01
-7.561373710632324219e-02
-8.336678147315979004e-02
-1.092480346560478210e-01
-6.757836043834686279e-02
-1.526114940643310547e-01
5.445178970694541931e-02
-1.913837343454360962e-01
-9.425746649503707886e-02
-5.769931524991989136e-02
8.648160845041275024e-02
-5.589722841978073120e-02
-1.692381501197814941e-01
-1.210563108325004578e-01
-1.527719795703887939e-01
-7.348665595054626465e-02
