1.851489394903182983e-02
2.953766845166683197e-02
1.686633378267288208e-02
1.783234998583793640e-02
1.160197891294956207e-02
1.471113972365856171e-02
1.602761074900627136e-02
8.540522307157516479e-03
1.396746560931205750e-02
2.024274319410324097e-02
2.640563435852527618e-02
4.887722432613372803e-03
2.249443717300891876e-02
2.216429822146892548e-02
2.204337157309055328e-02
1.960473880171775818e-02
1.824396103620529175e-02
1.762234978377819061e-02
1.983329840004444122e-02
2.128520794212818146e-02
1.991620659828186035e-02
1.127263344824314117e-02
2.715100161731243134e-02
2.308845333755016327e-02
1.208888832479715347e-02
2.458265982568264008e-02
2.233481779694557190e-02
1.903650909662246704e-02
2.420742250978946686e-02
1.871758513152599335e-02
1.953360624611377716e-02
2.006409130990505219e-02
1.046254765242338181e-02
2.744884416460990906e-02
1.638559438288211823e-02
1.433617807924747467e-02
1.418425608426332474e-02
1.729991473257541656e-02
1.120889279991388321e-02
1.201733108609914780e-02
2.701716870069503784e-02
1.548664830625057220e-02
1.723244227468967438e-02
1.459317747503519058e-02
2.331257425248622894e-02
2.210732363164424896e-02
1.915147528052330017e-02
1.729321107268333435e-02
2.225571684539318085e-02
1.519408542662858963e-02
2.115833200514316559e-02
1.491560414433479309e-02
1.792084239423274994e-02
1.967586204409599304e-02
1.776367612183094025e-02
1.619600318372249603e-02
2.288266085088253021e-02
1.166537683457136154e-02
1.742564514279365540e-02
1.546430867165327072e-02
1.226510852575302124e-02
2.309935167431831360e-02
1.735188253223896027e-02
1.233536470681428909e-02
