4.326591733843088150e-03
-5.207146704196929932e-02
-8.913759142160415649e-02
-3.611344099044799805e-02
-5.229052901268005371e-02
-3.976581245660781860e-02
-7.357801496982574463e-02
-1.051797047257423401e-01
-3.904753550887107849e-02
-6.927569210529327393e-02
3.669595718383789062e-02
-6.943631172180175781e-02
-1.563380211591720581e-01
-8.870077878236770630e-02
-3.312026336789131165e-02
-1.219816729426383972e-01
-1.993392780423164368e-02
6.616645306348800659e-02
-3.540783748030662537e-02
-4.465781897306442261e-02
-1.060774177312850952e-01
-7.443279027938842773e-02
-7.858233153820037842e-02
-4.436023533344268799e-02
-9.833306819200515747e-02
-5.823602154850959778e-02
-9.638194926083087921e-03
-9.753470122814178467e-02
-7.090561091899871826e-02
-2.480023726820945740e-02
-6.355272233486175537e-02
-1.114703193306922913e-01
-1.084417775273323059e-01
-1.063252761960029602e-01
-9.014916419982910156e-02
-1.204273477196693420e-01
-9.823383390903472900e-02
-3.560638800263404846e-02
-1.550978142768144608e-02
-8.896157145500183105e-02
-1.080470383167266846e-01
-1.425534933805465698e-01
-2.576154656708240509e-02
1.239974647760391235e-01
-6.549464166164398193e-02
-1.620884053409099579e-02
-3.724391013383865356e-02
-1.698980182409286499e-01
-2.382438071072101593e-02
-5.107786878943443298e-02
-2.974644303321838379e-02
-4.272394999861717224e-02
-1.504693776369094849e-01
-6.419042497873306274e-02
-1.207903698086738586e-01
-2.094227261841297150e-02
-4.992814734578132629e-02
-9.732400625944137573e-02
-5.741656944155693054e-02
-1.179027333855628967e-01
-9.478292614221572876e-02
-5.454603582620620728e-02
-4.303558170795440674e-02
-2.899140119552612305e-02
-1.074461415410041809e-01
-3.571327775716781616e-02
-8.110643178224563599e-02
-1.036105304956436157e-01
-2.542478218674659729e-02
-7.729921489953994751e-02
-5.345153063535690308e-02
-3.615668043494224548e-02
-1.928862929344177246e-02
-5.198824405670166016e-02
-1.314360201358795166e-01
-4.217256978154182434e-02
-7.095525413751602173e-02
-6.261716037988662720e-02
-9.491223096847534180e-02
-3.882380947470664978e-02
-1.726387627422809601e-02
2.889160066843032837e-02
-6.341132521629333496e-02
-7.647110149264335632e-03
-3.348454087972640991e-02
-8.138413727283477783e-02
-6.898786872625350952e-02
-1.211699768900871277e-01
-4.920800402760505676e-02
-6.903424113988876343e-02
-4.218979179859161377e-02
-6.504583358764648438e-02
-2.865079231560230255e-02
-5.660325288772583008e-02
-2.207712642848491669e-02
-5.687685683369636536e-02
-8.949436992406845093e-02
-3.796403110027313232e-02
-1.198835521936416626e-01
-1.145613491535186768e-01
-1.932733319699764252e-02
-1.585192382335662842e-01
-3.906264156103134155e-02
-4.058972373604774475e-02
-1.033537313342094421e-01
-6.029252707958221436e-02
-6.157783418893814087e-02
-9.298092126846313477e-02
-3.845299780368804932e-02
-1.471367329359054565e-01
-6.268151104450225830e-02
-7.636976987123489380e-02
-8.599042892456054688e-02
-2.806917019188404083e-02
-9.561853483319282532e-03
-6.276296824216842651e-02
-7.434463500976562500e-02
-6.601650267839431763e-02
-5.131364986300468445e-02
-7.344845682382583618e-02
-1.492533534765243530e-01
-3.243058919906616211e-02
-3.334826231002807617e-02
-2.014458738267421722e-02
-1.997786387801170349e-02
-2.507476136088371277e-02
-9.043765068054199219e-02
-6.790356338024139404e-02
-2.443557605147361755e-03
-4.593781009316444397e-02
-3.409924730658531189e-02
-7.294775545597076416e-02
-3.191408887505531311e-02
-6.811431795358657837e-02
-1.716751791536808014e-02
-9.729223698377609253e-02
-7.791925221681594849e-02
-4.008702933788299561e-02
1.280810032039880753e-02
-9.404011815786361694e-02
-8.645911701023578644e-03
-1.110873669385910034e-01
8.528533391654491425e-03
6.087320297956466675e-02
1.308818608522415161e-01
-2.041205018758773804e-01
-7.784169912338256836e-02
-4.130278102820739150e-05
-5.593349784612655640e-02
-3.572163358330726624e-02
-6.489509344100952148e-02
-6.699364632368087769e-02
-1.615243107080459595e-01
-3.567908331751823425e-02
-5.748997256159782410e-02
-3.373293951153755188e-02
-4.502687603235244751e-02
5.023886635899543762e-02
-8.529265969991683960e-02
-1.178988441824913025e-01
-6.320579349994659424e-02
-5.347109213471412659e-02
-3.693778067827224731e-02
-5.490398779511451721e-02
-4.659649729728698730e-02
-1.137377768754959106e-01
-4.625922068953514099e-02
-8.987751603126525879e-02
-6.945685297250747681e-02
-2.821100875735282898e-02
-3.230464830994606018e-02
-4.493837803602218628e-02
-1.398009806871414185e-01
-7.523427158594131470e-02
-7.061533629894256592e-02
2.007286623120307922e-02
-9.763482958078384399e-02
-7.868627458810806274e-02
-2.805331908166408539e-02
-7.809253782033920288e-02
-2.372670359909534454e-02
-6.682408601045608521e-02
-1.299405843019485474e-02
-5.240781232714653015e-02
-1.384137123823165894e-01
-5.523602664470672607e-02
-4.113728180527687073e-03
-7.920990884304046631e-02
1.940300874412059784e-02
-9.769885241985321045e-02
-4.769818857312202454e-02
-1.179422140121459961e-01
-4.047057032585144043e-02
-2.258518896996974945e-02
-3.443400561809539795e-02
-3.913251310586929321e-02
-1.927377469837665558e-02
-4.108285158872604370e-02
-4.352348670363426208e-02
-1.897871941328048706e-01
-7.508051395416259766e-02
1.086366921663284302e-02
-5.203039199113845825e-02
-2.723996713757514954e-02
-4.173753783106803894e-02
-1.538378745317459106e-01
1.361634116619825363e-03
-6.457730382680892944e-02
-7.791665196418762207e-02
-1.466063559055328369e-01
-9.228502959012985229e-02
-2.628421224653720856e-02
-3.478523343801498413e-02
-1.027877442538738251e-02
-4.420686140656471252e-02
-6.405524909496307373e-02
-2.968261949717998505e-02
-5.272301658987998962e-02
-1.347620040178298950e-01
-1.256617605686187744e-01
1.109756249934434891e-02
-3.317612037062644958e-02
-8.263910561800003052e-02
-2.484387531876564026e-02
-4.460634663701057434e-02
-9.571281820535659790e-02
4.819693975150585175e-03
-1.946900784969329834e-01
-4.864332266151905060e-03
-9.193659573793411255e-02
-7.728312164545059204e-02
-8.024190366268157959e-02
-8.523326367139816284e-02
-2.220750041306018829e-02
-4.695340245962142944e-02
-6.843630224466323853e-02
-1.148203313350677490e-01
-6.793893873691558838e-02
-9.605094045400619507e-02
-1.006943359971046448e-01
7.426902651786804199e-02
-6.753743439912796021e-02
-9.127405285835266113e-02
-1.323704868555068970e-01
-5.930654332041740417e-02
-1.994532644748687744e-01
-3.225500509142875671e-02
-2.746303193271160126e-02
-5.223295185714960098e-03
-8.173800259828567505e-02
-5.460843443870544434e-02
-4.252848401665687561e-02
-8.377382904291152954e-02
-1.125435531139373779e-01
-4.759598150849342346e-02
-2.186750248074531555e-02
-2.563165314495563507e-02
-3.566987439990043640e-02
1.935843378305435181e-02
-1.114301905035972595e-01
-4.515215381979942322e-02
-1.039054170250892639e-01
-8.206912130117416382e-02
-8.047520369291305542e-02
-5.998984351754188538e-02
-5.249082297086715698e-02
-9.931331127882003784e-02
-1.297086924314498901e-01
-8.002287149429321289e-02
-1.062199994921684265e-01
-8.441360294818878174e-02
-5.446401610970497131e-02
-7.248327136039733887e-02
-1.429556459188461304e-01
-9.117537736892700195e-02
-8.820121735334396362e-02
-2.603922784328460693e-02
-6.658808141946792603e-02
-7.513731718063354492e-02
-6.178410723805427551e-02
-1.031174883246421814e-01
-3.681014478206634521e-02
-8.336856216192245483e-02
-1.106450334191322327e-02
-4.609082266688346863e-02
-1.096960306167602539e-01
-9.014177322387695312e-02
-2.094389125704765320e-02
-5.624249577522277832e-02
-3.924054652452468872e-02
-5.147568508982658386e-02
-8.864747732877731323e-02
-1.101326663047075272e-02
-1.460386365652084351e-01
-1.113954186439514160e-01
-3.869441803544759750e-03
-7.827071845531463623e-02
-3.155924752354621887e-02
-5.793262645602226257e-02
-1.485177129507064819e-01
-3.946499526500701904e-02
1.377642154693603516e-01
1.099392864853143692e-02
2.187660196796059608e-03
-5.761353671550750732e-02
-6.331128627061843872e-02
-3.479731455445289612e-02
-5.998227000236511230e-02
-9.104084223508834839e-02
-1.375101953744888306e-01
-4.553283751010894775e-02
-3.452784568071365356e-02
-4.146902635693550110e-02
-9.277252852916717529e-02
-1.911533065140247345e-02
-9.031404554843902588e-02
5.696132034063339233e-02
3.829286247491836548e-02
-1.135008558630943298e-01
-5.064439401030540466e-02
-8.907844126224517822e-02
-1.340218186378479004e-01
-7.329665869474411011e-02
2.741959504783153534e-02
-9.373433142900466919e-02
-8.287604153156280518e-02
-1.076181307435035706e-01
1.401005499064922333e-02
-9.935133904218673706e-02
-1.436315476894378662e-01
-2.117131091654300690e-02
-4.149403423070907593e-02
-1.274886913597583771e-02
-2.361464314162731171e-02
-1.054391823709011078e-02
-7.917723804712295532e-02
-1.769888997077941895e-01
-2.177230864763259888e-01
-2.997311949729919434e-02
-3.534344583749771118e-02
-1.064756289124488831e-01
-2.792158536612987518e-02
-2.663931995630264282e-02
-1.666146516799926758e-01
-5.531768128275871277e-02
-5.831025913357734680e-02
-1.042431741952896118e-01
-2.152589708566665649e-02
-8.011728525161743164e-02
-1.521027684211730957e-01
-8.226035535335540771e-02
-2.127626538276672363e-01
-1.375937275588512421e-02
-1.093835756182670593e-01
-8.358834683895111084e-02
-5.820107460021972656e-02
-5.090869218111038208e-02
-6.445062905550003052e-02
7.442588359117507935e-02
6.725348066538572311e-04
-1.842237114906311035e-01
-1.310227904468774796e-02
-5.006273090839385986e-02
5.988815426826477051e-02
-7.132675498723983765e-02
-8.561285585165023804e-02
-5.023328587412834167e-02
-9.634738415479660034e-02
1.050173863768577576e-02
-2.583909966051578522e-02
-8.636736869812011719e-02
-1.291780918836593628e-01
-1.412785202264785767e-01
-5.394048616290092468e-02
-4.126325249671936035e-02
-5.334505438804626465e-02
-5.331608653068542480e-02
-7.443467527627944946e-02
-2.552164904773235321e-02
-1.427315920591354370e-01
-9.770318865776062012e-02
-8.892859518527984619e-02
-1.200475245714187622e-01
-6.213014572858810425e-02
-9.068221598863601685e-02
-6.660101562738418579e-02
-1.129498481750488281e-01
-1.219408884644508362e-01
-4.992233216762542725e-02
-1.269912123680114746e-01
-2.234283275902271271e-02
-7.147011905908584595e-02
-1.311129182577133179e-01
-1.479587256908416748e-01
-8.665098249912261963e-02
-5.589327961206436157e-02
-5.131591111421585083e-02
8.764829486608505249e-03
-1.100766807794570923e-01
-5.301405489444732666e-02
2.420494519174098969e-02
-1.363551765680313110e-01
-3.575241565704345703e-02
-2.951102703809738159e-02
-6.030906364321708679e-02
-4.301091656088829041e-02
-8.453769236803054810e-02
-5.711338669061660767e-02
-1.142068020999431610e-02
-4.214940965175628662e-02
-9.271038323640823364e-02
-5.061616189777851105e-03
-6.933648884296417236e-02
-6.821188330650329590e-02
-2.735679224133491516e-02
-4.951371252536773682e-02
-1.784165948629379272e-01
-1.032816469669342041e-01
-1.044259443879127502e-01
-7.186809182167053223e-02
-2.730359509587287903e-02
-5.008741840720176697e-02
-1.019697263836860657e-01
-5.526790767908096313e-02
-6.835762411355972290e-02
-8.383586257696151733e-02
-9.774272888898849487e-02
-1.124975532293319702e-01
-7.973543554544448853e-02
-4.411593079566955566e-02
-9.095457941293716431e-02
-5.635026842355728149e-02
-1.352902948856353760e-01
-6.944158673286437988e-02
-8.356186747550964355e-02
-2.969739958643913269e-02
-2.211032621562480927e-02
4.690446332097053528e-02
-1.861966699361801147e-01
-7.580027729272842407e-02
-8.324415236711502075e-02
-6.960511207580566406e-02
-4.725859966129064560e-03
-1.095070466399192810e-01
-1.868538558483123779e-02
-1.868216320872306824e-02
-4.248495399951934814e-02
-4.020921140909194946e-02
-6.167171988636255264e-03
-1.974688097834587097e-02
-5.811509490013122559e-02
-7.830604910850524902e-02
-7.135843485593795776e-02
-1.358269006013870239e-01
-7.469738274812698364e-02
-9.268591552972793579e-02
-8.130816370248794556e-02
-1.233685985207557678e-01
3.814290743321180344e-03
-9.280258417129516602e-02
-1.125956047326326370e-02
-3.683269396424293518e-02
-1.228923797607421875e-01
-6.627450138330459595e-02
9.360422380268573761e-03
-8.936328440904617310e-02
-6.750027090311050415e-02
-3.058158420026302338e-02
-3.665352985262870789e-02
-5.171813815832138062e-02
-9.858782589435577393e-02
-1.880101561546325684e-01
-7.197640836238861084e-02
-8.667412400245666504e-02
-2.006960473954677582e-02
8.182160556316375732e-03
-9.138976782560348511e-02
-2.106254920363426208e-03
-2.693367563188076019e-02
-8.637499809265136719e-02
-9.494609385728836060e-02
-1.501099169254302979e-01
-2.032641172409057617e-01
-5.564168468117713928e-02
-1.082973629236221313e-01
-1.078158989548683167e-01
-3.612587228417396545e-02
2.912641968578100204e-03
-8.172646164894104004e-02
-1.251917183399200439e-01
-2.288564667105674744e-02
-1.980453170835971832e-02
-3.056663833558559418e-02
-7.366384565830230713e-02
-8.255760185420513153e-03
-2.784341387450695038e-02
-1.857338473200798035e-02
-7.004059851169586182e-02
-7.420453429222106934e-02
-7.490382064133882523e-03
-6.296128779649734497e-02
-6.148973107337951660e-02
-6.763006001710891724e-02
-4.617136344313621521e-02
-7.626898586750030518e-02
-7.686503231525421143e-02
-3.066676901653409004e-03
-3.534426912665367126e-02
-8.855114132165908813e-02
-6.750253960490226746e-03
-1.385189965367317200e-02
-1.750216446816921234e-02
-7.523614913225173950e-02
-9.671013057231903076e-02
-8.949305862188339233e-03
-1.422576159238815308e-01
-1.416997015476226807e-01
-9.993991255760192871e-02
-1.223089024424552917e-01
-1.006311699748039246e-01
-1.638855636119842529e-01
-7.231716997921466827e-03
-3.399312868714332581e-02
-2.517150528728961945e-02
-1.200419887900352478e-01
-7.663253694772720337e-02
-6.242493540048599243e-02
-7.622196525335311890e-02
-4.991278797388076782e-02
-6.094057857990264893e-02
-3.350577875971794128e-02
5.404631607234477997e-03
-9.756078012287616730e-03
-4.338946938514709473e-02
-7.074392586946487427e-02
-7.564440369606018066e-02
-3.545282781124114990e-02
-1.332340389490127563e-01
-9.884078800678253174e-02
1.436692010611295700e-02
-9.754929691553115845e-02
-2.853517234325408936e-02
-4.763959720730781555e-02
-1.178432926535606384e-01
-1.936275698244571686e-02
-8.017083257436752319e-02
-4.619799554347991943e-02
2.735374495387077332e-02
3.413419472053647041e-03
-6.335657835006713867e-02
-8.711487054824829102e-02
-1.243332847952842712e-01
-5.394532904028892517e-02
-6.789380311965942383e-02
-3.330620750784873962e-02
-3.586816415190696716e-02
6.547779310494661331e-03
-6.366827338933944702e-02
-1.089333817362785339e-01
-7.706099748611450195e-02
-4.264172166585922241e-02
-7.362193614244461060e-02
-8.184269815683364868e-02
-2.318300120532512665e-02
-2.691202238202095032e-02
-8.681122213602066040e-02
-5.485807731747627258e-02
-2.947494387626647949e-02
-5.786615982651710510e-02
-8.003955706954002380e-03
-1.007363796234130859e-01
-4.709483124315738678e-03
-2.552243322134017944e-02
-6.142307072877883911e-02
-9.932538121938705444e-02
-9.002387523651123047e-02
-5.187480151653289795e-02
-1.444433629512786865e-01
-3.591934451833367348e-03
-1.238932162523269653e-01
-1.137660518288612366e-01
-2.189818322658538818e-01
-4.309950768947601318e-02
-8.895494788885116577e-02
-1.011274456977844238e-01
-9.899932891130447388e-02
-7.478053122758865356e-02
-1.177789941430091858e-01
-2.851622924208641052e-02
-3.649658337235450745e-02
-1.558487582951784134e-02
9.537800797261297703e-04
-3.855517506599426270e-02
-4.222429171204566956e-02
-6.016557291150093079e-02
-5.120751261711120605e-02
-2.722619101405143738e-03
-1.018952727317810059e-01
-7.846349477767944336e-02
-5.934752523899078369e-02
-7.974679768085479736e-02
1.699236570857465267e-03
-4.608083888888359070e-02
-7.569982856512069702e-02
-5.301654711365699768e-02
-9.818776696920394897e-02
-2.050629071891307831e-02
-9.361745417118072510e-02
-4.383699223399162292e-02
-9.956858307123184204e-02
-7.303550094366073608e-02
-7.930411398410797119e-02
-2.815823629498481750e-02
-1.562318950891494751e-01
-8.310046046972274780e-02
-1.545646972954273224e-02
-1.169994845986366272e-01
-3.366892412304878235e-02
-1.086815521121025085e-01
-2.050066553056240082e-02
-7.082331925630569458e-02
-6.798169761896133423e-02
-9.805864095687866211e-02
-4.539098218083381653e-02
-2.961752191185951233e-02
-1.018321588635444641e-01
-6.132030393928289413e-03
-7.621654868125915527e-02
-5.076314508914947510e-02
-7.472219318151473999e-02
-6.225168332457542419e-02
-6.881892681121826172e-02
-1.031103059649467468e-01
-6.225853785872459412e-02
-4.513743147253990173e-02
-3.294409438967704773e-02
-7.007303833961486816e-02
-6.071591749787330627e-02
-4.969438165426254272e-02
-2.698626182973384857e-02
-1.004348024725914001e-01
-1.352458298206329346e-01
-7.905225455760955811e-02
-9.196992218494415283e-02
-2.417425625026226044e-02
-7.911939173936843872e-02
-5.619322508573532104e-02
-5.295640230178833008e-02
-1.079470291733741760e-01
-9.431729465723037720e-02
-4.502859711647033691e-02
-4.947270080447196960e-02
2.201563492417335510e-02
-9.597016870975494385e-02
-5.916055291891098022e-02
-2.124588750302791595e-02
1.027637626975774765e-03
-2.699363278225064278e-03
-8.770948648452758789e-02
-1.416562497615814209e-02
-6.305552273988723755e-02
-2.721379045397043228e-03
-2.041471190750598907e-02
-1.161884665489196777e-01
-7.158869504928588867e-02
-8.196854591369628906e-02
-2.758281119167804718e-02
-9.824538975954055786e-02
-3.451561555266380310e-02
-8.020458370447158813e-02
-4.099535942077636719e-02
-7.608081400394439697e-02
-2.113664597272872925e-01
-8.023612946271896362e-02
-1.126876249909400940e-01
-8.108445256948471069e-02
-7.396365702152252197e-02
-4.825384914875030518e-02
3.501528641209006310e-03
-1.618086397647857666e-01
-5.397438630461692810e-02
-8.601140230894088745e-02
-4.969087243080139160e-02
-6.985957920551300049e-02
-8.924279361963272095e-02
-1.790830679237842560e-02
-2.207712829113006592e-02
-9.598425775766372681e-02
-3.015983849763870239e-02
-6.993535906076431274e-02
-1.642237044870853424e-02
-7.349788397550582886e-02
5.098202265799045563e-03
-9.391008876264095306e-03
-1.651721894741058350e-01
-4.162378609180450439e-02
-3.182846680283546448e-02
5.604033824056386948e-03
-8.237543702125549316e-02
-1.777305752038955688e-01
-4.323397204279899597e-02
-6.503143161535263062e-02
-3.960573673248291016e-02
-1.297206580638885498e-01
-4.609500616788864136e-02
-6.539291143417358398e-02
-1.383960992097854614e-01
-1.475047171115875244e-01
-1.007365211844444275e-01
-3.004375845193862915e-02
-4.749812185764312744e-02
-5.434481427073478699e-02
-7.018765807151794434e-02
-9.773763269186019897e-02
-8.833745121955871582e-02
-1.226364597678184509e-01
-1.129278074949979782e-02
-1.255240291357040405e-02
1.790898665785789490e-02
-1.745949685573577881e-02
-9.881628304719924927e-02
-1.538689136505126953e-01
-6.867062300443649292e-02
-8.714878559112548828e-02
-4.217474907636642456e-02
-6.190463528037071228e-02
-1.466862261295318604e-01
-1.563450507819652557e-02
-4.902078583836555481e-02
-3.615979105234146118e-02
-3.418016433715820312e-02
-2.187842689454555511e-02
-4.567079618573188782e-02
-6.908088177442550659e-02
-3.804778680205345154e-02
-1.668488979339599609e-02
-1.218342706561088562e-01
-6.666837632656097412e-02
-1.377528011798858643e-01
-7.314270734786987305e-02
-1.304843276739120483e-01
-3.502915427088737488e-02
-4.639889672398567200e-02
-6.575427204370498657e-02
-7.466213405132293701e-02
-5.268685147166252136e-02
-8.472003787755966187e-02
-5.945913866162300110e-02
-7.446829974651336670e-02
-2.514111623167991638e-02
-1.174752041697502136e-01
-3.097419999539852142e-02
-5.205965414643287659e-02
-1.535452157258987427e-02
-8.335208892822265625e-02
-1.253338009119033813e-01
-3.932603821158409119e-02
-6.151165440678596497e-02
-9.371232986450195312e-02
-4.104412719607353210e-02
-2.853930369019508362e-02
-1.570264250040054321e-02
-6.339302659034729004e-02
-4.725472629070281982e-02
-5.740215256810188293e-02
-5.319456756114959717e-02
-3.036108240485191345e-02
-1.140772625803947449e-01
-1.342809051275253296e-01
-5.807309970259666443e-02
-2.249757200479507446e-01
-6.853695958852767944e-02
-3.952484950423240662e-02
-2.571505494415760040e-02
-1.167580112814903259e-01
-1.643582731485366821e-01
-5.277669802308082581e-02
-7.066249847412109375e-02
-4.742163419723510742e-02
-6.568471342325210571e-02
-5.514931306242942810e-02
-7.334549725055694580e-02
-4.278900846838951111e-02
-3.682066500186920166e-02
-4.761158302426338196e-02
-1.027275398373603821e-01
-4.516441747546195984e-02
-4.912802949547767639e-03
-3.509892895817756653e-02
-1.725414246320724487e-01
-1.228448525071144104e-01
-4.663411527872085571e-02
-6.075289472937583923e-02
-5.097994953393936157e-02
-1.017398610711097717e-01
-7.499735057353973389e-02
-9.653120487928390503e-02
-7.907593250274658203e-02
-6.727033853530883789e-02
-3.486121818423271179e-02
-2.638863865286111832e-03
-8.234610408544540405e-02
-3.372687473893165588e-02
-2.181825414299964905e-02
-1.330446898937225342e-01
-7.242816686630249023e-02
-1.272020768374204636e-02
-8.690414577722549438e-02
-8.539006114006042480e-02
-8.412656188011169434e-02
-1.945510879158973694e-02
-9.055485576391220093e-02
-1.787627232261002064e-03
-3.126574307680130005e-02
-3.599105775356292725e-02
-8.417441695928573608e-02
-5.082451552152633667e-02
-2.241029590368270874e-02
-2.307686209678649902e-02
-5.346892401576042175e-02
-7.252825051546096802e-02
-6.254657357931137085e-02
-9.679190069437026978e-02
-8.755978941917419434e-02
-9.900400415062904358e-03
-2.784866373986005783e-04
-1.837885007262229919e-02
-3.569862246513366699e-02
-6.851501017808914185e-02
-1.629530638456344604e-01
-5.542513728141784668e-02
-7.578197121620178223e-02
-1.647492870688438416e-02
-4.104615002870559692e-02
-1.065971795469522476e-02
-4.862713068723678589e-02
-6.455941498279571533e-02
-1.104802563786506653e-01
4.381333291530609131e-02
-1.176453679800033569e-01
-1.048028469085693359e-01
-1.827896200120449066e-02
-7.099166512489318848e-02
-1.291007455438375473e-02
-2.364438399672508240e-02
-9.345743805170059204e-02
-6.544651836156845093e-02
-6.291003525257110596e-02
-9.182832390069961548e-02
-8.421490341424942017e-02
-2.014903724193572998e-01
-4.443398118019104004e-02
-1.281852126121520996e-01
-1.982828043401241302e-02
-5.314504355192184448e-02
-7.264398783445358276e-02
-1.006823964416980743e-02
-8.909055590629577637e-02
-6.054675579071044922e-02
-1.934051960706710815e-01
-3.613250702619552612e-02
-8.697263151407241821e-02
-9.138908982276916504e-02
-1.376118697226047516e-02
-2.761722169816493988e-02
-2.412310428917407990e-02
-5.381550639867782593e-02
-6.021569669246673584e-02
1.047833729535341263e-02
-1.033383309841156006e-01
-5.444164574146270752e-02
-2.004823647439479828e-02
-4.257133230566978455e-02
5.518240854144096375e-02
-9.040745347738265991e-02
-3.110867366194725037e-02
-1.858148723840713501e-02
-6.108228489756584167e-02
-2.251739650964736938e-01
-7.190039008855819702e-02
-7.007114589214324951e-02
-1.200713589787483215e-02
-1.027913540601730347e-01
-8.152859658002853394e-02
-1.431782823055982590e-02
-4.971431568264961243e-02
-1.231717411428689957e-02
-4.707077145576477051e-02
-7.164931297302246094e-02
-9.682592004537582397e-03
-1.094213500618934631e-01
-3.644578158855438232e-02
-1.151382923126220703e-01
3.041841555386781693e-03
-1.288172155618667603e-01
-7.674365490674972534e-02
-4.672800749540328979e-02
-5.954349786043167114e-02
-6.185993552207946777e-02
-3.103457204997539520e-02
-6.531621515750885010e-02
-6.878582388162612915e-02
-5.305378884077072144e-02
-3.629565984010696411e-02
-3.137641772627830505e-02
-3.007103689014911652e-02
6.029076408594846725e-03
-8.716458082199096680e-02
-7.032396644353866577e-02
-9.100974351167678833e-02
-7.904651015996932983e-02
-1.280321031808853149e-01
1.534520555287599564e-02
-7.585872709751129150e-02
-9.131627529859542847e-02
-9.710151702165603638e-02
-1.510674692690372467e-02
-6.862407922744750977e-02
6.898467987775802612e-02
-7.013534009456634521e-02
-5.304677784442901611e-02
-6.636315584182739258e-02
-3.458222374320030212e-02
-2.312341518700122833e-02
-6.926851719617843628e-02
-5.432844907045364380e-02
-7.973040640354156494e-02
-6.175190210342407227e-02
-4.509188607335090637e-02
-1.005400866270065308e-01
-6.857217848300933838e-02
-8.474604785442352295e-02
-5.398635566234588623e-02
-1.257751137018203735e-01
5.302711948752403259e-02
-5.804620683193206787e-02
-7.829097658395767212e-02
-1.243229061365127563e-01
-9.366022795438766479e-02
-1.134539842605590820e-01
-1.154473423957824707e-01
-8.013348281383514404e-02
-6.678639352321624756e-02
-1.116389930248260498e-01
-4.557553678750991821e-02
-1.291515231132507324e-01
-1.065720543265342712e-01
9.629473090171813965e-02
-2.059407345950603485e-02
-5.687933415174484253e-02
-6.314665824174880981e-02
-5.698647350072860718e-02
-3.008766286075115204e-02
-5.634647980332374573e-02
-6.131518259644508362e-02
-3.937947005033493042e-02
-5.486620590090751648e-02
-2.705986052751541138e-02
-6.815053522586822510e-02
-2.231944724917411804e-02
-8.097863942384719849e-02
9.485831484198570251e-03
-4.064970836043357849e-02
3.664987161755561829e-02
-6.535530090332031250e-02
-7.701246440410614014e-02
8.031649515032768250e-03
-1.100070178508758545e-01
-1.135478243231773376e-01
-1.214843839406967163e-01
-1.167182549834251404e-01
-3.827874734997749329e-02
-9.507875889539718628e-02
-4.316577687859535217e-02
-5.334283225238323212e-03
-7.391667366027832031e-02
-1.242018267512321472e-01
-4.137938469648361206e-02
-8.387222141027450562e-02
-1.411446928977966309e-01
-4.463371355086565018e-03
-6.623093038797378540e-02
-3.910312429070472717e-02
-1.018298342823982239e-01
-6.991095095872879028e-02
-4.361676052212715149e-02
-5.697293579578399658e-02
-6.890606135129928589e-02
-7.693368196487426758e-02
-3.416101634502410889e-02
-3.850756585597991943e-02
-9.755263477563858032e-02
-5.586946383118629456e-02
-8.069986850023269653e-02
-1.324701607227325439e-01
-4.985456541180610657e-02
-1.608726531267166138e-01
-1.582527458667755127e-01
-6.515201926231384277e-02
1.285387761890888214e-02
-2.420003153383731842e-02
-1.056321188807487488e-01
-1.267668139189481735e-02
-3.648758307099342346e-02
-7.852382957935333252e-02
-5.253114551305770874e-02
-1.184984222054481506e-01
-1.087822467088699341e-01
-1.050484180450439453e-01
-1.231369450688362122e-01
-1.165043935179710388e-01
-4.904250428080558777e-02
-1.037002578377723694e-01
-1.250970512628555298e-01
-1.256102025508880615e-01
-5.018060281872749329e-02
-6.351775676012039185e-02
-1.520986016839742661e-02
-7.933553308248519897e-02
-2.967504039406776428e-02
2.204343862831592560e-02
-8.504740893840789795e-02
-2.220559678971767426e-02
-7.843424566090106964e-03
