1.865397393703460693e-02
2.328848280012607574e-02
2.498708106577396393e-02
1.310551725327968597e-02
1.435250416398048401e-02
3.738559782505035400e-02
1.557000726461410522e-02
2.048964053392410278e-02
3.551468998193740845e-02
1.875020377337932587e-02
2.662840485572814941e-02
6.624607741832733154e-02
1.821425370872020721e-02
2.012764662504196167e-02
4.590027034282684326e-02
3.251940757036209106e-02
1.683997362852096558e-02
1.591271162033081055e-02
1.835936121642589569e-02
2.005870826542377472e-02
3.148356825113296509e-02
2.986513823270797729e-02
1.372426096349954605e-02
2.674770914018154144e-02
1.835663989186286926e-02
3.146165981888771057e-02
2.304570376873016357e-02
2.666801586747169495e-02
6.355220079421997070e-02
5.375522002577781677e-02
3.753182664513587952e-02
2.388868294656276703e-02
1.627266407012939453e-02
2.656345255672931671e-02
1.881015114486217499e-02
3.635760769248008728e-02
9.268832392990589142e-03
1.222725398838520050e-02
3.693220019340515137e-02
2.690258622169494629e-02
2.028348110616207123e-02
2.857836149632930756e-02
2.494796551764011383e-02
3.446172177791595459e-02
2.035272121429443359e-02
1.688575558364391327e-02
1.845506019890308380e-02
1.442358084022998810e-02
1.468966808170080185e-02
2.549540251493453979e-02
4.095217585563659668e-02
2.201773598790168762e-02
1.784232072532176971e-02
1.514266338199377060e-02
3.118201531469821930e-02
6.813154369592666626e-02
1.184325292706489563e-02
1.561867259442806244e-02
2.136250771582126617e-02
1.212057471275329590e-02
1.638153567910194397e-02
1.504615787416696548e-02
2.688353322446346283e-02
1.756790280342102051e-02
1.664537377655506134e-02
4.279883205890655518e-02
1.086592674255371094e-02
2.972947806119918823e-02
3.309813514351844788e-02
1.485074404627084732e-02
1.525345724076032639e-02
1.824305951595306396e-02
2.390157058835029602e-02
3.687629476189613342e-02
2.141376584768295288e-02
2.786351554095745087e-02
2.187569998204708099e-02
2.527312003076076508e-02
2.267183363437652588e-02
3.141386806964874268e-02
2.081481181085109711e-02
2.619428373873233795e-02
1.354567520320415497e-02
1.845529302954673767e-02
3.141964226961135864e-02
4.587695747613906860e-02
4.781709238886833191e-02
2.045031823217868805e-02
1.623617857694625854e-02
3.953579813241958618e-02
1.160996127873659134e-02
1.328026130795478821e-02
3.355617821216583252e-02
1.279970724135637283e-02
2.092819847166538239e-02
1.844559796154499054e-02
1.722060516476631165e-02
1.986065506935119629e-02
1.631334796547889709e-02
1.956813782453536987e-02
1.559122093021869659e-02
1.930947788059711456e-02
1.883443444967269897e-02
2.662821300327777863e-02
2.147513255476951599e-02
3.095128014683723450e-02
1.921053975820541382e-02
2.321466803550720215e-02
2.624736912548542023e-02
1.302806101739406586e-02
1.668936200439929962e-02
1.915816217660903931e-02
1.929078437387943268e-02
2.256140671670436859e-02
2.452844195067882538e-02
1.517579331994056702e-02
1.330718304961919785e-02
2.816621772944927216e-02
3.640310093760490417e-02
2.656807936728000641e-02
1.873314753174781799e-02
9.622567333281040192e-03
1.943709142506122589e-02
1.632079482078552246e-02
1.571667753159999847e-02
1.828424446284770966e-02
1.704840734601020813e-02
3.022402152419090271e-02
1.339356414973735809e-02
1.964996568858623505e-02
1.513102278113365173e-02
1.513424981385469437e-02
1.945484429597854614e-02
1.614313945174217224e-02
1.464171707630157471e-02
1.135333999991416931e-02
1.964935287833213806e-02
3.529427573084831238e-02
2.624808624386787415e-02
1.892134174704551697e-02
2.454953826963901520e-02
1.527516450732946396e-02
2.083243243396282196e-02
2.243244089186191559e-02
1.739094033837318420e-02
2.820244245231151581e-02
1.645370200276374817e-02
2.846482582390308380e-02
2.607133053243160248e-02
1.496338658034801483e-02
1.406624540686607361e-02
1.331168692559003830e-02
1.990126818418502808e-02
2.435787022113800049e-02
2.543987706303596497e-02
1.641648821532726288e-02
3.029753826558589935e-02
1.672444492578506470e-02
1.690952666103839874e-02
3.139571473002433777e-02
2.529290318489074707e-02
3.203376010060310364e-02
1.969685964286327362e-02
3.033981844782829285e-02
1.884795911610126495e-02
1.855902560055255890e-02
2.924922481179237366e-02
1.484199799597263336e-02
2.485654503107070923e-02
2.324363216757774353e-02
1.818438060581684113e-02
2.431203052401542664e-02
2.345659583806991577e-02
1.938755437731742859e-02
2.110582403838634491e-02
2.034915424883365631e-02
1.063993759453296661e-02
2.733732387423515320e-02
1.973450183868408203e-02
1.759430766105651855e-02
7.027532905340194702e-02
1.524548511952161789e-02
1.821822114288806915e-02
3.022603690624237061e-02
1.910671219229698181e-02
1.564702205359935760e-02
1.620055176317691803e-02
2.557806484401226044e-02
1.446582470089197159e-02
1.399605069309473038e-02
1.383491512387990952e-02
1.786998286843299866e-02
2.602899447083473206e-02
1.137769874185323715e-02
2.586857788264751434e-02
1.582524925470352173e-02
1.631402783095836639e-02
2.157787606120109558e-02
2.240062318742275238e-02
1.414543390274047852e-02
2.410187572240829468e-02
1.921222358942031860e-02
2.320421487092971802e-02
3.703178092837333679e-02
1.729816198348999023e-02
1.491995435208082199e-02
2.015356533229351044e-02
1.027395110577344894e-02
2.200371958315372467e-02
1.425292156636714935e-02
2.239786647260189056e-02
2.092401869595050812e-02
2.013610117137432098e-02
1.874047517776489258e-02
2.015767991542816162e-02
2.334999851882457733e-02
1.900238171219825745e-02
1.092814002186059952e-02
1.907944865524768829e-02
2.487321756780147552e-02
1.707300357520580292e-02
1.444509066641330719e-02
1.033649966120719910e-02
3.347315266728401184e-02
2.067996561527252197e-02
3.009472228586673737e-02
1.838921941816806793e-02
2.243058569729328156e-02
2.552557177841663361e-02
2.028481289744377136e-02
4.862617701292037964e-02
1.693681068718433380e-02
2.247474156320095062e-02
2.152831666171550751e-02
1.335162203758955002e-02
1.942852139472961426e-02
1.334476377815008163e-02
2.774234674870967865e-02
2.097917534410953522e-02
1.524057611823081970e-02
1.923200488090515137e-02
1.711396500468254089e-02
2.023783139884471893e-02
1.878551580011844635e-02
1.874948292970657349e-02
2.601381205022335052e-02
1.630547642707824707e-02
2.392339892685413361e-02
1.759855262935161591e-02
1.321809832006692886e-02
1.776442676782608032e-02
1.756800152361392975e-02
2.533858083188533783e-02
2.726623602211475372e-02
1.389576960355043411e-02
1.946080103516578674e-02
