1.255440246313810349e-02
9.705190546810626984e-03
1.725994981825351715e-02
1.210991479456424713e-02
1.370900217443704605e-02
1.902657933533191681e-02
1.553562935441732407e-02
1.088090986013412476e-02
1.553464401513338089e-02
1.546551380306482315e-02
1.284248754382133484e-02
1.289231982082128525e-02
1.323788892477750778e-02
1.371876057237386703e-02
1.141170877963304520e-02
1.289231982082128525e-02
1.234390120953321457e-02
2.348153106868267059e-02
1.368210557848215103e-02
1.338318083435297012e-02
1.234478596597909927e-02
1.688944175839424133e-02
1.083981711417436600e-02
1.211481820791959763e-02
1.083348598331212997e-02
1.125751528888940811e-02
1.130198407918214798e-02
1.359146088361740112e-02
1.416982430964708328e-02
1.006879378110170364e-02
1.580877415835857391e-02
1.300834584981203079e-02
1.089353673160076141e-02
1.294189877808094025e-02
1.447281707078218460e-02
1.074614468961954117e-02
1.863445527851581573e-02
1.452291756868362427e-02
1.806636527180671692e-02
1.348119415342807770e-02
1.488041505217552185e-02
1.324595697224140167e-02
1.190933678299188614e-02
1.498185284435749054e-02
1.640787906944751740e-02
1.936539262533187866e-02
1.714477501809597015e-02
1.416349690407514572e-02
1.031531020998954773e-02
1.966153830289840698e-02
1.145107857882976532e-02
1.626869663596153259e-02
1.215242594480514526e-02
9.876929223537445068e-03
1.214885432273149490e-02
1.782120950520038605e-02
1.316566485911607742e-02
1.370078139007091522e-02
1.027807593345642090e-02
1.333843823522329330e-02
1.226004306226968765e-02
2.178640104830265045e-02
1.092880219221115112e-02
1.525631826370954514e-02
1.582454144954681396e-02
1.173433009535074234e-02
1.690807938575744629e-02
1.812755875289440155e-02
1.132249739021062851e-02
1.552421133965253830e-02
1.321027148514986038e-02
9.590459056198596954e-03
1.244608405977487564e-02
1.229113806039094925e-02
1.476316526532173157e-02
1.167458202689886093e-02
1.074950490146875381e-02
1.637569628655910492e-02
1.167998835444450378e-02
1.462166849523782730e-02
1.277017220854759216e-02
1.548503059893846512e-02
1.445533987134695053e-02
1.580734178423881531e-02
1.598980277776718140e-02
1.350673288106918335e-02
1.029567793011665344e-02
1.284928061068058014e-02
1.351907942444086075e-02
1.419136766344308853e-02
1.296484656631946564e-02
1.289084274321794510e-02
1.276058517396450043e-02
1.207155454903841019e-02
1.098208874464035034e-02
1.043187826871871948e-02
1.168936304748058319e-02
1.391472294926643372e-02
2.708638459444046021e-02
1.424804329872131348e-02
1.051170378923416138e-02
1.493861339986324310e-02
1.744376309216022491e-02
1.140468474477529526e-02
1.435408834367990494e-02
1.523201167583465576e-02
1.476690731942653656e-02
1.839448325335979462e-02
1.135369855910539627e-02
1.197735127061605453e-02
1.226908247917890549e-02
1.289330329746007919e-02
1.122492924332618713e-02
1.626993715763092041e-02
1.094775553792715073e-02
1.320512592792510986e-02
1.369022950530052185e-02
1.552074216306209564e-02
1.336425915360450745e-02
1.356512308120727539e-02
1.174312084913253784e-02
1.655962318181991577e-02
1.428212318569421768e-02
1.399788539856672287e-02
1.411042548716068268e-02
1.084343064576387405e-02
1.046681962907314301e-02
1.854911260306835175e-02
9.420715272426605225e-03
1.486664544790983200e-02
1.233794167637825012e-02
1.592892222106456757e-02
1.187323313206434250e-02
1.419051550328731537e-02
1.245432533323764801e-02
1.301211398094892502e-02
1.175784412771463394e-02
1.534230448305606842e-02
1.190154813230037689e-02
1.187345385551452637e-02
1.652962714433670044e-02
1.469098404049873352e-02
2.260695397853851318e-02
1.055876351892948151e-02
2.036555670201778412e-02
1.202775351703166962e-02
1.332500297576189041e-02
1.277017779648303986e-02
1.200653612613677979e-02
1.090306695550680161e-02
1.332093682140111923e-02
1.194132957607507706e-02
1.409525889903306961e-02
2.383777685463428497e-02
1.705543138086795807e-02
1.415542792528867722e-02
1.400350872427225113e-02
1.093087624758481979e-02
1.778070628643035889e-02
1.771873049437999725e-02
1.240429189056158066e-02
1.434370409697294235e-02
1.254522334784269333e-02
1.613182388246059418e-02
1.332669984549283981e-02
1.519560068845748901e-02
1.312778051942586899e-02
1.221145689487457275e-02
1.076734066009521484e-02
1.468335557729005814e-02
1.375288143754005432e-02
1.406052708625793457e-02
1.187572162598371506e-02
1.625471748411655426e-02
1.057553477585315704e-02
1.234434917569160461e-02
1.422561239451169968e-02
1.102757826447486877e-02
1.593377813696861267e-02
2.185317873954772949e-02
1.711021549999713898e-02
1.042860001325607300e-02
9.627282619476318359e-03
1.410227920860052109e-02
1.585534587502479553e-02
1.046478189527988434e-02
1.082207169383764267e-02
1.593747735023498535e-02
1.136382482945919037e-02
1.197994407266378403e-02
1.862544193863868713e-02
1.189401652663946152e-02
2.034055069088935852e-02
1.070970389991998672e-02
1.110670156776905060e-02
1.160180754959583282e-02
1.001920737326145172e-02
1.149217411875724792e-02
1.704834401607513428e-02
1.323867589235305786e-02
1.156886201351881027e-02
1.054795738309621811e-02
1.268312707543373108e-02
1.335236243903636932e-02
1.083749160170555115e-02
1.215464994311332703e-02
1.308066491037607193e-02
1.954247057437896729e-02
1.806343905627727509e-02
1.250961609184741974e-02
1.036119274795055389e-02
1.328071579337120056e-02
1.817183196544647217e-02
1.009727269411087036e-02
1.268851943314075470e-02
1.601937226951122284e-02
1.138514559715986252e-02
9.666868485510349274e-03
1.865343749523162842e-02
1.160869468003511429e-02
1.473622955381870270e-02
9.180351160466670990e-03
1.431042980402708054e-02
1.028594002127647400e-02
1.173892244696617126e-02
1.238067913800477982e-02
1.424016617238521576e-02
1.197246834635734558e-02
1.652099750936031342e-02
1.125886850059032440e-02
1.682908087968826294e-02
1.195438858121633530e-02
1.309520844370126724e-02
3.303375095129013062e-02
1.289511565119028091e-02
1.450991723686456680e-02
1.210310496389865875e-02
1.436976809054613113e-02
1.730280555784702301e-02
1.649464666843414307e-02
1.040284056216478348e-02
1.392615307122468948e-02
1.488152705132961273e-02
1.508771628141403198e-02
1.288364455103874207e-02
1.943740248680114746e-02
1.303638052195310593e-02
1.395796891301870346e-02
1.487305853515863419e-02
1.040293183177709579e-02
1.899461820721626282e-02
1.134923845529556274e-02
1.243173703551292419e-02
1.596830971539020538e-02
1.385066192597150803e-02
1.611865684390068054e-02
1.291093230247497559e-02
1.989631541073322296e-02
2.049852721393108368e-02
1.348468754440546036e-02
1.361641194671392441e-02
1.499648112803697586e-02
1.142103783786296844e-02
1.252477895468473434e-02
1.248539611697196960e-02
1.475853938609361649e-02
1.080775912851095200e-02
1.053523179143667221e-02
1.301787793636322021e-02
1.089713443070650101e-02
1.400943286716938019e-02
1.321498770266771317e-02
1.691896654665470123e-02
1.284479256719350815e-02
1.313846372067928314e-02
1.490449346601963043e-02
1.032614614814519882e-02
1.706097275018692017e-02
1.193245965987443924e-02
1.184537541121244431e-02
1.558316498994827271e-02
1.437293458729982376e-02
1.316940691322088242e-02
1.426182501018047333e-02
1.367346569895744324e-02
1.945059373974800110e-02
1.320913061499595642e-02
1.312630809843540192e-02
2.041331864893436432e-02
1.440466009080410004e-02
1.406305190175771713e-02
1.334293931722640991e-02
1.369637809693813324e-02
1.041637454181909561e-02
1.198555715382099152e-02
1.315822917968034744e-02
1.504442375153303146e-02
1.156780030578374863e-02
1.359221059828996658e-02
1.114036981016397476e-02
1.195776741951704025e-02
1.082475576549768448e-02
1.439186185598373413e-02
9.980463422834873199e-03
1.227272953838109970e-02
1.490211952477693558e-02
1.505725737661123276e-02
1.306407991796731949e-02
1.594081334769725800e-02
1.505785994231700897e-02
1.449082326143980026e-02
1.254646852612495422e-02
8.112893439829349518e-03
1.751524582505226135e-02
1.518900413066148758e-02
1.502875052392482758e-02
1.648857444524765015e-02
1.265842188149690628e-02
1.557712908834218979e-02
1.178777310997247696e-02
1.477558352053165436e-02
1.093101873993873596e-02
1.438526716083288193e-02
1.527833938598632812e-02
1.578396558761596680e-02
1.044936012476682663e-02
1.170802116394042969e-02
1.097359415143728256e-02
1.334128435701131821e-02
1.243517734110355377e-02
1.125354692339897156e-02
1.750427484512329102e-02
1.953855901956558228e-02
1.055730972439050674e-02
1.276004593819379807e-02
1.193708088248968124e-02
1.103768404573202133e-02
1.106878649443387985e-02
1.580687612295150757e-02
1.420891191810369492e-02
1.075085345655679703e-02
1.104725152254104614e-02
1.383777614682912827e-02
1.636044681072235107e-02
1.289750449359416962e-02
9.539518505334854126e-03
1.495973765850067139e-02
1.637962460517883301e-02
1.664680801331996918e-02
1.426091045141220093e-02
1.474296394735574722e-02
1.578165031969547272e-02
1.144663244485855103e-02
1.302245259284973145e-02
1.073811482638120651e-02
9.592935442924499512e-03
1.369052659720182419e-02
1.279048249125480652e-02
1.311735529452562332e-02
1.216576993465423584e-02
1.440529804676771164e-02
1.508073601871728897e-02
1.178376283496618271e-02
1.112799998372793198e-02
1.403490267693996429e-02
1.335720531642436981e-02
1.875587180256843567e-02
1.250670105218887329e-02
9.598281234502792358e-03
1.315642427653074265e-02
1.703011058270931244e-02
1.263113785535097122e-02
1.508527249097824097e-02
1.207276433706283569e-02
1.872652769088745117e-02
1.543376408517360687e-02
1.496307179331779480e-02
1.397031173110008240e-02
1.455455273389816284e-02
1.530674379318952560e-02
1.054980512708425522e-02
1.407401915639638901e-02
1.475460547953844070e-02
1.722130738198757172e-02
1.439859531819820404e-02
1.361980102956295013e-02
1.753268577158451080e-02
1.115547027438879013e-02
1.374232582747936249e-02
1.016895379871129990e-02
1.234111376106739044e-02
1.284242607653141022e-02
1.182958483695983887e-02
1.548471674323081970e-02
1.867889799177646637e-02
1.508352253586053848e-02
1.431863568723201752e-02
1.392802316695451736e-02
1.479913201183080673e-02
1.281993184238672256e-02
1.334588974714279175e-02
1.083729695528745651e-02
1.430109422653913498e-02
1.189720910042524338e-02
1.162004750221967697e-02
1.158501673489809036e-02
1.280465070158243179e-02
1.590795442461967468e-02
1.043573115020990372e-02
1.709667779505252838e-02
1.208159048110246658e-02
1.176944747567176819e-02
1.391440443694591522e-02
1.452531758695840836e-02
1.749867014586925507e-02
1.033783610910177231e-02
1.365343295037746429e-02
1.198208797723054886e-02
1.091770920902490616e-02
1.725916564464569092e-02
1.412188261747360229e-02
1.346686575561761856e-02
1.381735038012266159e-02
2.004163525998592377e-02
9.670468978583812714e-03
1.337590720504522324e-02
1.375314500182867050e-02
1.524505205452442169e-02
1.617065817117691040e-02
1.029454171657562256e-02
1.344098616391420364e-02
1.233057677745819092e-02
1.853980682790279388e-02
1.192534621804952621e-02
1.588969491422176361e-02
1.342874020338058472e-02
1.142946723848581314e-02
1.461630035191774368e-02
2.296334132552146912e-02
1.485042273998260498e-02
1.322423387318849564e-02
1.182182598859071732e-02
1.204207539558410645e-02
1.325737498700618744e-02
1.912086643278598785e-02
1.023715361952781677e-02
1.483217533677816391e-02
1.968666911125183105e-02
1.165612507611513138e-02
1.223423797637224197e-02
1.583595573902130127e-02
1.410406641662120819e-02
1.220082212239503860e-02
1.474706735461950302e-02
1.526909787207841873e-02
1.354427635669708252e-02
1.399655174463987350e-02
1.449523214250802994e-02
1.112130284309387207e-02
1.230049692094326019e-02
2.182143554091453552e-02
1.684136688709259033e-02
1.420061662793159485e-02
1.599704660475254059e-02
9.785590693354606628e-03
1.444432977586984634e-02
1.303547061979770660e-02
1.133385766297578812e-02
1.241060253232717514e-02
1.250417530536651611e-02
1.343438401818275452e-02
1.553655695170164108e-02
1.521829795092344284e-02
1.500814128667116165e-02
1.145648956298828125e-02
1.229684334248304367e-02
1.195265632122755051e-02
1.280278712511062622e-02
1.060188747942447662e-02
1.173090469092130661e-02
1.639710366725921631e-02
1.524976640939712524e-02
1.878379657864570618e-02
1.559308078140020370e-02
1.444975286722183228e-02
1.331430021673440933e-02
2.299121208488941193e-02
1.507458928972482681e-02
1.270457915961742401e-02
1.213369891047477722e-02
1.013428904116153717e-02
1.395537238568067551e-02
1.099258847534656525e-02
1.482808776199817657e-02
1.707307621836662292e-02
1.401414629071950912e-02
1.496019680052995682e-02
2.035756409168243408e-02
1.869300939142704010e-02
1.614434272050857544e-02
1.435120496898889542e-02
1.455484610050916672e-02
1.204848103225231171e-02
1.759996078908443451e-02
1.256438624113798141e-02
1.396683882921934128e-02
1.062472071498632431e-02
1.494260411709547043e-02
1.198380067944526672e-02
1.178625132888555527e-02
1.392993051558732986e-02
1.292783580720424652e-02
