4.940980579704046249e-03
1.114992331713438034e-02
1.073341164737939835e-02
1.654468849301338196e-02
1.578047685325145721e-02
1.114905439317226410e-02
1.038651634007692337e-02
1.564051210880279541e-02
1.211094483733177185e-02
2.000569365918636322e-02
1.064074970781803131e-02
1.921804435551166534e-02
8.371607400476932526e-03
1.197475846856832504e-02
1.764258742332458496e-02
1.095965318381786346e-02
1.856746152043342590e-02
1.071263477206230164e-02
8.425952866673469543e-03
1.062666252255439758e-02
1.336873602122068405e-02
9.642278775572776794e-03
1.332258991897106171e-02
1.695353165268898010e-02
1.463464647531509399e-02
7.849282585084438324e-03
2.118159085512161255e-02
4.996975418180227280e-03
9.477494284510612488e-03
1.469602342694997787e-02
9.714391082525253296e-03
1.913882419466972351e-02
1.304118987172842026e-02
7.589289918541908264e-03
2.116120606660842896e-02
1.316436380147933960e-02
1.935291104018688202e-02
1.801840215921401978e-02
9.207656607031822205e-03
9.328105486929416656e-03
5.662191659212112427e-03
1.347391586750745773e-02
1.545396633446216583e-02
7.420487701892852783e-03
1.208702102303504944e-02
1.292077824473381042e-02
8.583672344684600830e-03
1.536763459444046021e-02
6.517326459288597107e-03
1.020401157438755035e-02
1.068280450999736786e-02
2.217311412096023560e-02
9.658896364271640778e-03
1.383654121309518814e-02
1.230973564088344574e-02
1.688537187874317169e-02
1.527095492929220200e-02
1.068715285509824753e-02
8.818348869681358337e-03
1.634752936661243439e-02
2.135344222187995911e-02
1.042613573372364044e-02
6.146813277155160904e-03
1.098316814750432968e-02
