1.204435247927904129e-03
1.698866137303411961e-03
1.593906432390213013e-03
1.170496339909732342e-03
2.420898526906967163e-03
1.863165060058236122e-03
1.230676891282200813e-03
1.414424856193363667e-03
1.311281579546630383e-03
1.548073254525661469e-03
8.730971021577715874e-04
1.377236330881714821e-03
1.819552038796246052e-03
1.557610812596976757e-03
2.053859410807490349e-03
1.789971021935343742e-03
2.159365219995379448e-03
8.224324556067585945e-04
1.441624364815652370e-03
1.460519153624773026e-03
1.959540881216526031e-03
1.610094099305570126e-03
1.112921163439750671e-03
1.627718680538237095e-03
2.224908675998449326e-03
2.084268722683191299e-03
7.726062322035431862e-04
1.205478911288082600e-03
1.847238861955702305e-03
1.069187303073704243e-03
2.111925743520259857e-03
1.457478152588009834e-03
1.426068134605884552e-03
1.325215329416096210e-03
2.616963116452097893e-03
1.312899286858737469e-03
1.761823892593383789e-03
1.464811735786497593e-03
9.240319021046161652e-03
2.436410402879118919e-03
1.696589752100408077e-03
2.175746718421578407e-03
1.883417600765824318e-03
1.314692082814872265e-03
6.477106362581253052e-04
2.218617359176278114e-03
1.128831179812550545e-03
2.425457583740353584e-03
1.231456641107797623e-03
1.952020335011184216e-03
1.316405949182808399e-03
1.462594140321016312e-03
2.772626932710409164e-03
1.308996579609811306e-03
1.191208953969180584e-03
1.245220424607396126e-03
1.309853279963135719e-03
1.007853890769183636e-03
1.219146652147173882e-03
1.862134085968136787e-03
1.166331581771373749e-03
1.151051488704979420e-03
2.509103622287511826e-03
1.061340677551925182e-03
1.344092190265655518e-03
3.300748299807310104e-03
1.777478028088808060e-03
1.698722946457564831e-03
1.290721702389419079e-03
1.398928929120302200e-03
1.479401602409780025e-03
1.622415613383054733e-03
1.437246333807706833e-03
1.080594956874847412e-03
1.423048786818981171e-03
1.037560403347015381e-03
1.129330950789153576e-03
2.095198258757591248e-03
1.119597465731203556e-03
1.388537697494029999e-03
1.007313956506550312e-03
1.446001697331666946e-03
2.010605763643980026e-03
1.734348246827721596e-03
1.785734319128096104e-03
2.480905968695878983e-03
1.134029007516801357e-03
2.097096294164657593e-03
3.014181042090058327e-03
1.198703772388398647e-03
1.696161809377372265e-03
5.998373380862176418e-04
1.339320559054613113e-03
1.421707798726856709e-03
1.135405735112726688e-03
1.983046997338533401e-03
1.719028106890618801e-03
1.394235994666814804e-03
9.978524176403880119e-04
1.543507212772965431e-03
9.813306387513875961e-04
1.003496116027235985e-03
1.538303564302623272e-03
4.993174225091934204e-03
1.359530258923768997e-03
1.050891471095383167e-03
1.473459647968411446e-03
9.305551648139953613e-04
1.170177944004535675e-03
1.662263763137161732e-03
2.488200552761554718e-03
1.329478342086076736e-03
8.739058393985033035e-04
2.534146886318922043e-03
2.774442546069622040e-03
1.743112923577427864e-03
1.380837755277752876e-03
1.325228251516819000e-03
1.158472266979515553e-03
2.727348124608397484e-03
1.362954732030630112e-03
1.209582434967160225e-03
1.634526299312710762e-03
1.499907113611698151e-03
1.492438022978603840e-03
1.152941840700805187e-03
9.975509019568562508e-04
2.438962925225496292e-03
1.804739353246986866e-03
1.620458671823143959e-03
1.139908330515027046e-03
1.974003156647086143e-03
1.087736571207642555e-03
2.343320287764072418e-03
2.304497873410582542e-03
1.443846500478684902e-03
6.131821428425610065e-04
2.824981696903705597e-03
1.980404835194349289e-03
2.543416107073426247e-03
1.326295663602650166e-03
8.767422405071556568e-04
1.346868579275906086e-03
2.502411138266324997e-03
1.043655560351908207e-03
1.647621160373091698e-03
1.915744040161371231e-03
1.898307353258132935e-03
8.552491781301796436e-04
3.539926605299115181e-03
1.504636253230273724e-03
1.932025421410799026e-03
2.376236487179994583e-03
1.210921793244779110e-03
1.776796067133545876e-03
3.723717760294675827e-03
1.695008715614676476e-03
2.770560095086693764e-03
1.517725293524563313e-03
2.074215561151504517e-03
1.028093625791370869e-03
8.380195940844714642e-04
1.179124927148222923e-03
1.744018052704632282e-03
1.554332673549652100e-03
8.659294690005481243e-04
1.640325644984841347e-03
1.672523212619125843e-03
1.745388377457857132e-03
9.094195556826889515e-04
2.355449832975864410e-03
3.161840606480836868e-03
1.373071805573999882e-03
2.599697792902588844e-03
1.623744145035743713e-03
1.436419435776770115e-03
1.540814759209752083e-03
1.320146024227142334e-03
1.523634069599211216e-03
1.613559317775070667e-03
2.039449755102396011e-03
1.762936590239405632e-03
3.264055354520678520e-03
2.227874472737312317e-03
1.060671289451420307e-03
1.461195410229265690e-03
1.281243166886270046e-03
9.536953293718397617e-04
1.359465881250798702e-03
1.841615070588886738e-03
9.284234256483614445e-04
1.256529474630951881e-03
2.154457848519086838e-03
1.639505033381283283e-03
1.495731878094375134e-03
1.260592602193355560e-03
1.725315582007169724e-03
1.127427909523248672e-03
1.736468984745442867e-03
9.523313492536544800e-04
1.780211692675948143e-03
1.621608156710863113e-03
1.513224560767412186e-03
1.681863097473978996e-03
8.928589522838592529e-04
1.450542244128882885e-03
1.481687300838530064e-03
1.442888285964727402e-03
1.225102227181196213e-03
1.289183041080832481e-03
1.419337349943816662e-03
1.283855410292744637e-03
2.165885409340262413e-03
1.907729776576161385e-03
8.420184021815657616e-04
1.226409571245312691e-03
2.056491794064640999e-03
1.657762797549366951e-03
1.891871914267539978e-03
1.190774026326835155e-03
1.439185580238699913e-03
2.012607874348759651e-03
1.505499123595654964e-03
1.293399254791438580e-03
1.473039737902581692e-03
1.800800906494259834e-03
1.063490053638815880e-03
2.257935004308819771e-03
2.184710698202252388e-03
1.617914298549294472e-03
1.210782211273908615e-03
2.624580170959234238e-03
1.217837561853230000e-03
1.248729648068547249e-03
1.155675970949232578e-03
1.009688479825854301e-03
1.936191227287054062e-03
2.114396309480071068e-03
2.250104676932096481e-03
2.914991462603211403e-03
2.199558774009346962e-03
7.282259757630527020e-04
1.533098402433097363e-03
2.911447547376155853e-03
1.220039557665586472e-03
2.275129081681370735e-03
2.398441312834620476e-03
1.836340292356908321e-03
1.897344947792589664e-03
1.828625448979437351e-03
3.619601251557469368e-03
1.041007577441632748e-03
2.320450730621814728e-03
1.727940863929688931e-03
1.595136476680636406e-03
9.577962919138371944e-04
1.485620858147740364e-03
1.705190283246338367e-03
1.329623861238360405e-03
9.325494756922125816e-04
2.172315260395407677e-03
2.489271806553006172e-03
1.418417203240096569e-03
1.037060981616377831e-03
1.662130234763026237e-03
1.572104054503142834e-03
1.956048421561717987e-03
4.980545490980148315e-03
1.223711296916007996e-03
2.543199574574828148e-03
1.273657660931348801e-03
1.296453876420855522e-03
1.240753685124218464e-03
1.930620055645704269e-03
1.788475085049867630e-03
3.029196523129940033e-04
1.262504491023719311e-03
1.171016716398298740e-03
1.781042665243148804e-03
2.663037739694118500e-03
1.625470584258437157e-03
9.330564644187688828e-04
1.142108114436268806e-03
9.510337258689105511e-04
1.597099355421960354e-03
1.196694327518343925e-03
1.623264630325138569e-03
1.531954505480825901e-03
1.075279433280229568e-03
1.953147584572434425e-03
1.401541638188064098e-03
1.702960813418030739e-03
1.507424516603350639e-03
1.940892660059034824e-03
9.495678241364657879e-04
1.632834202609956264e-03
1.404986949637532234e-03
1.011202111840248108e-03
1.931480597704648972e-03
1.145859016105532646e-03
1.572483801282942295e-03
2.182472031563520432e-03
1.457022619433701038e-03
1.854159520007669926e-03
1.777102123014628887e-03
1.395119703374803066e-03
1.336621236987411976e-03
1.195676741190254688e-03
1.597958616912364960e-03
1.000190037302672863e-03
2.056041499599814415e-03
1.271539018489420414e-03
1.959878019988536835e-03
4.025360569357872009e-03
7.613984635099768639e-04
1.486398046836256981e-03
2.055974444374442101e-03
1.351937768049538136e-03
2.046464476734399796e-03
1.593125867657363415e-03
1.662798225879669189e-03
2.180243143811821938e-03
1.752619748003780842e-03
1.593275344930589199e-03
1.349839149042963982e-03
7.412951090373098850e-04
8.274861611425876617e-04
1.395224942825734615e-03
1.466846908442676067e-03
3.488650312647223473e-03
6.339711253531277180e-04
1.581280026584863663e-03
1.519347075372934341e-03
1.237538410350680351e-03
2.201435388997197151e-03
9.814983932301402092e-04
1.284287311136722565e-03
1.447765971533954144e-03
8.175380644388496876e-04
1.889688312076032162e-03
1.209404086694121361e-03
1.075675478205084801e-03
9.284710977226495743e-04
2.920832252129912376e-03
8.542626164853572845e-04
3.239490324631333351e-03
3.403359092772006989e-03
1.455407938919961452e-03
1.814876217395067215e-03
2.026563510298728943e-03
1.181812025606632233e-03
9.187500108964741230e-04
1.079606474377214909e-03
2.163972239941358566e-03
9.667415288276970387e-04
2.174363937228918076e-03
2.484282711520791054e-03
9.524470660835504532e-04
1.064894255250692368e-03
1.255183946341276169e-03
1.455452176742255688e-03
1.113043283112347126e-03
9.837651159614324570e-04
1.304290490224957466e-03
1.493466901592910290e-03
1.941636088304221630e-03
1.134906662628054619e-03
1.350162085145711899e-03
2.274739788845181465e-03
1.466040615923702717e-03
1.993792131543159485e-03
1.757175778038799763e-03
1.235074945725500584e-03
1.548267202451825142e-03
1.565985381603240967e-03
1.004038727842271328e-03
8.398808422498404980e-04
1.462443731725215912e-03
1.700462191365659237e-03
1.411390956491231918e-03
2.060260856524109840e-03
2.300258958712220192e-03
8.417071076110005379e-04
1.972149126231670380e-03
9.852325310930609703e-04
1.324320444837212563e-03
1.551871071569621563e-03
1.666717347688972950e-03
2.784536685794591904e-03
2.725482918322086334e-03
1.387393451295793056e-03
1.243251026608049870e-03
1.209613634273409843e-03
1.438454026356339455e-03
1.619959366507828236e-03
9.093582630157470703e-04
1.588805462233722210e-03
1.600224873982369900e-03
1.741468557156622410e-03
1.238381955772638321e-03
1.397908665239810944e-03
2.111366018652915955e-03
2.950360998511314392e-03
1.162408269010484219e-03
1.346514327451586723e-03
1.342249335721135139e-03
8.030835306271910667e-04
1.131252502091228962e-03
1.652603619731962681e-03
1.415256527252495289e-03
1.044170348905026913e-03
2.845809329301118851e-03
1.518426695838570595e-03
1.644075615331530571e-03
2.167959930375218391e-03
1.271241810172796249e-03
1.526066567748785019e-03
1.301652402617037296e-03
1.689301687292754650e-03
1.564017031341791153e-03
9.817144600674510002e-04
9.471905650570988655e-04
1.230823341757059097e-03
1.163432956673204899e-03
2.332606120035052299e-03
1.749604241922497749e-03
2.634789096191525459e-03
1.694804755970835686e-03
1.120417960919439793e-03
2.008877228945493698e-03
1.596649177372455597e-03
2.338020829483866692e-03
1.194807700812816620e-03
1.727805123664438725e-03
1.372111495584249496e-03
2.018203958868980408e-03
1.281760632991790771e-03
1.457789912819862366e-03
1.284309197217226028e-03
1.543658203445374966e-03
8.162455051206052303e-04
1.905616372823715210e-03
3.711379133164882660e-03
1.871031243354082108e-03
1.499386271461844444e-03
1.047276658937335014e-03
1.514981384389102459e-03
1.501737162470817566e-03
1.732475007884204388e-03
1.330390456132590771e-03
1.188121037557721138e-03
2.099388744682073593e-03
1.153922872617840767e-03
1.400247681885957718e-03
9.835385717451572418e-04
8.835847838781774044e-04
1.226596068590879440e-03
1.437023165635764599e-03
2.119999844580888748e-03
2.854757243767380714e-03
1.618389738723635674e-03
1.061547663994133472e-03
1.823539263568818569e-03
2.219534246250987053e-03
2.058051992207765579e-03
2.435050439089536667e-03
1.666346448473632336e-03
1.667945412918925285e-03
1.389076584018766880e-03
1.401939196512103081e-03
1.994205871596932411e-03
1.276596682146191597e-03
2.680360106751322746e-03
2.340412000194191933e-03
1.847214996814727783e-03
1.203287043608725071e-03
1.648164354264736176e-02
9.971442632377147675e-04
1.618470298126339912e-03
1.623205142095685005e-03
1.014430541545152664e-03
6.782953860238194466e-04
5.255821743048727512e-04
3.115267492830753326e-03
2.901480998843908310e-03
2.211355837062001228e-03
9.490616503171622753e-04
1.267803600057959557e-03
1.027113175950944424e-03
2.056585857644677162e-03
2.404756145551800728e-03
1.446947571821510792e-03
1.586593454703688622e-03
1.277280971407890320e-03
1.134999911300837994e-03
1.577188959345221519e-03
2.837333828210830688e-03
1.439269748516380787e-03
1.485795946791768074e-03
2.057601697742938995e-03
1.357255154289305210e-03
1.870998181402683258e-03
1.918707159347832203e-03
1.493741408921778202e-03
1.948428805917501450e-03
1.181914005428552628e-03
1.286042039282619953e-03
1.129564596340060234e-03
1.142458990216255188e-03
9.835599921643733978e-04
1.207002322189509869e-03
2.484949305653572083e-03
1.406167168170213699e-03
1.044552074745297432e-03
1.204949454404413700e-03
1.183561747893691063e-03
1.960779074579477310e-03
1.178639591671526432e-03
1.270196167752146721e-03
1.883274642750620842e-03
1.377885346300899982e-03
1.098546548746526241e-03
1.244382699951529503e-03
1.578242518007755280e-03
1.218181219883263111e-03
2.064808504655957222e-03
1.841152319684624672e-03
1.159208361059427261e-03
9.992085397243499756e-04
1.290341489948332310e-03
1.938212197273969650e-03
1.407130155712366104e-03
1.933383056893944740e-03
1.453454606235027313e-03
1.608485821634531021e-03
6.294417544268071651e-04
1.428971532732248306e-03
1.297888811677694321e-03
2.163875382393598557e-03
1.472828327678143978e-03
1.586051192134618759e-03
1.205531181767582893e-03
1.244269660674035549e-03
1.261516357772052288e-03
1.863427460193634033e-03
1.758185098879039288e-03
1.554454327560961246e-03
1.221862738020718098e-03
1.462918939068913460e-03
1.679386477917432785e-03
1.203163061290979385e-03
2.093524904921650887e-03
1.962785376235842705e-03
1.711109187453985214e-03
1.311155268922448158e-03
1.556110219098627567e-03
2.042577601969242096e-03
1.691365847364068031e-03
1.162123749963939190e-03
1.585894613526761532e-03
1.013479544781148434e-03
1.642965245991945267e-03
1.703497953712940216e-03
9.157039457932114601e-04
4.086054395884275436e-03
1.079455949366092682e-03
1.336686313152313232e-03
1.911393250338733196e-03
4.174186382442712784e-03
3.901262767612934113e-03
2.136868657544255257e-03
1.758208498358726501e-03
1.992505742236971855e-03
1.843810081481933594e-03
1.719780848361551762e-03
2.103284467011690140e-03
1.561533892527222633e-03
1.194377313368022442e-03
1.012362074106931686e-03
1.514968229457736015e-03
2.570390934124588966e-03
9.069016086868941784e-04
1.552791451103985310e-03
1.002929289825260639e-03
1.481681363657116890e-03
1.767473528161644936e-03
1.747821224853396416e-03
6.069251103326678276e-04
1.970035489648580551e-03
2.589042298495769501e-03
1.575559144839644432e-03
1.851690467447042465e-03
1.666896278038620949e-03
1.869702246040105820e-03
1.404260168783366680e-03
1.122223562560975552e-03
1.521650934591889381e-03
1.706007984466850758e-03
1.915320055559277534e-03
2.581327920779585838e-03
1.326700788922607899e-03
1.241026562638580799e-03
8.654231787659227848e-04
1.290861982852220535e-03
1.054077874869108200e-03
1.868513878434896469e-03
2.793566323816776276e-03
1.928817247971892357e-03
1.537651405669748783e-03
1.256877556443214417e-03
1.205025007948279381e-03
1.472613657824695110e-03
2.736953319981694221e-03
1.342763542197644711e-03
1.161804655566811562e-03
1.012845663353800774e-03
2.088233362883329391e-03
7.326440885663032532e-03
1.395791536197066307e-03
1.237351098097860813e-03
1.792585710063576698e-03
1.685790484771132469e-03
1.484804088249802589e-03
1.864876598119735718e-03
7.053554058074951172e-03
6.797161768190562725e-04
1.613250002264976501e-03
1.005191588774323463e-03
1.878376584500074387e-03
1.235034200362861156e-03
3.077082335948944092e-03
1.341302995570003986e-03
1.536431023851037025e-03
1.954721985384821892e-03
1.834600465372204781e-03
1.303530181758105755e-03
1.179108396172523499e-03
2.065881155431270599e-03
1.561846002005040646e-03
1.037219539284706116e-03
1.315668807365000248e-03
1.289921929128468037e-03
1.287844264879822731e-03
1.402794616296887398e-03
1.468883361667394638e-03
2.044638153165578842e-03
4.369306843727827072e-03
1.407752861268818378e-03
1.026913640089333057e-03
1.438258215785026550e-03
1.647137803956866264e-03
6.885883049108088017e-04
1.627327757887542248e-03
1.793840317986905575e-03
1.516983844339847565e-03
2.503841416910290718e-03
1.774524454958736897e-03
1.918499125167727470e-03
1.701773842796683311e-03
1.458942191675305367e-03
8.664946653880178928e-04
1.158101367764174938e-03
1.325806486420333385e-03
1.871999236755073071e-03
1.254022237844765186e-03
9.665802936069667339e-04
2.601310377940535545e-03
4.299321677535772324e-03
1.561344601213932037e-03
1.390479970723390579e-03
1.719003426842391491e-03
1.716793747618794441e-03
1.590995467267930508e-03
1.803716761060059071e-03
1.765178749337792397e-03
1.145336776971817017e-03
1.862804521806538105e-03
1.715964986942708492e-03
1.876612077467143536e-03
1.950996229425072670e-03
1.424906775355339050e-03
1.805997802875936031e-03
9.437095723114907742e-04
1.776756136678159237e-03
1.681511872448027134e-03
1.079235109500586987e-03
1.942700822837650776e-03
1.862267148680984974e-03
1.067484030500054359e-03
2.762837568297982216e-03
1.200792379677295685e-03
9.855746757239103317e-04
1.494248630478978157e-03
1.383368624374270439e-03
1.941719790920615196e-03
1.459784107282757759e-03
1.435718149878084660e-03
1.342971809208393097e-03
6.549674435518682003e-04
1.810288289561867714e-03
5.120384972542524338e-03
2.584282075986266136e-03
2.891947980970144272e-03
2.046056324616074562e-03
2.171709667891263962e-03
1.527440850622951984e-03
1.303345547057688236e-03
4.935349803417921066e-03
1.760094426572322845e-03
1.149699091911315918e-03
1.421262859366834164e-03
1.719394116662442684e-03
1.893605804070830345e-03
1.334606204181909561e-03
1.297002774663269520e-03
1.087856595404446125e-03
1.457111327908933163e-03
7.842002669349312782e-04
1.185095170512795448e-03
1.062988769263029099e-03
1.249230583198368549e-03
1.863246900029480457e-03
1.700907479971647263e-03
2.038974314928054810e-03
1.273231930099427700e-03
1.137087820097804070e-03
1.204584725201129913e-03
1.787226647138595581e-03
4.184023709967732430e-04
6.920889951288700104e-03
1.728748204186558723e-03
8.749171392992138863e-04
1.820991747081279755e-03
1.146184862591326237e-03
1.537412987090647221e-03
2.126968931406736374e-03
1.296436064876616001e-03
1.881952979601919651e-03
7.681339047849178314e-04
1.302880351431667805e-03
1.479618134908378124e-03
1.207625493407249451e-03
1.832899055443704128e-03
1.412920188158750534e-03
1.649574842303991318e-03
1.612398773431777954e-03
9.573996067047119141e-04
1.302347634918987751e-03
1.375900930725038052e-03
1.439339946955442429e-03
2.432342385873198509e-03
1.168218324892222881e-03
1.541744335554540157e-03
2.876945538446307182e-03
1.850341795943677425e-03
9.391464409418404102e-04
9.460478322580456734e-04
9.661143412813544273e-04
5.573123693466186523e-03
1.599995186552405357e-03
1.735833706334233284e-03
1.187214627861976624e-03
1.824913430027663708e-03
1.175041776150465012e-03
1.488060923293232918e-03
1.519266515970230103e-03
1.846162136644124985e-03
2.419911790639162064e-03
2.303907182067632675e-03
1.252001733519136906e-03
2.019463106989860535e-03
1.222535152919590473e-03
2.265353221446275711e-03
3.426348557695746422e-03
1.771546783857047558e-03
1.122984336689114571e-03
1.453098142519593239e-03
2.108674496412277222e-03
1.262787031009793282e-03
2.162123797461390495e-03
2.064103959128260612e-03
2.703904174268245697e-03
1.561404322274029255e-03
2.514892490580677986e-03
1.969457836821675301e-03
8.331967401318252087e-04
1.380921807140111923e-03
1.775818644091486931e-03
1.090381527319550514e-03
1.414949423633515835e-03
1.820137840695679188e-03
1.310293329879641533e-03
1.034274231642484665e-03
8.397878846153616905e-04
1.342035015113651752e-03
1.471327152103185654e-03
9.932494722306728363e-04
1.919619855470955372e-03
3.154795151203870773e-03
2.652934519574046135e-03
1.222933526150882244e-03
1.035606372170150280e-03
4.444576625246554613e-04
9.297243086621165276e-04
1.326793804764747620e-03
1.831554342061281204e-03
1.794017385691404343e-03
1.077903085388243198e-03
1.361528295092284679e-03
1.622364274226129055e-03
4.860374145209789276e-03
1.564633450470864773e-03
1.573710469529032707e-03
1.253674621693789959e-03
2.012014389038085938e-03
1.090284204110503197e-03
2.104613464325666428e-03
1.452479278668761253e-03
1.558334217406809330e-03
2.776466310024261475e-03
1.218310208059847355e-03
1.126472256146371365e-03
7.884169463068246841e-04
1.599299488589167595e-03
1.735741738229990005e-03
2.171291038393974304e-03
8.662335458211600780e-04
4.474906018003821373e-04
1.472925301641225815e-03
1.618672045879065990e-03
1.796735101379454136e-03
2.478064503520727158e-03
1.351680373772978783e-03
6.764960708096623421e-04
1.422273693606257439e-03
1.058208988979458809e-03
1.460090861655771732e-03
1.096944208256900311e-03
6.719030789099633694e-04
2.195433946326375008e-03
9.369333856739103794e-04
1.047567231580615044e-03
2.623793901875615120e-03
2.379308687523007393e-03
1.787196029908955097e-03
2.535985782742500305e-03
2.149020321667194366e-03
7.533433963544666767e-04
1.019642339088022709e-03
1.584046403877437115e-03
1.583925564773380756e-03
1.703010406345129013e-03
1.821019104681909084e-03
1.487649511545896530e-03
1.774700358510017395e-03
1.200906699523329735e-03
1.730116666294634342e-03
1.689826138317584991e-03
1.860225573182106018e-03
2.548088785260915756e-03
1.391572761349380016e-03
1.021455624140799046e-03
1.062675029970705509e-03
1.051667146384716034e-03
1.809901441447436810e-03
1.318319118581712246e-03
6.656695040874183178e-04
1.610480831004679203e-03
1.655621221289038658e-03
8.216311107389628887e-04
1.809275127016007900e-03
1.787732937373220921e-03
1.025076722726225853e-03
2.897597383707761765e-03
3.796564647927880287e-03
3.489065449684858322e-03
1.543935271911323071e-03
2.222662093117833138e-03
1.750648720189929008e-03
3.740060608834028244e-03
9.980918839573860168e-04
1.513112569227814674e-03
1.708940020762383938e-03
1.196091878227889538e-03
2.146693877875804901e-03
1.558077638037502766e-03
1.971432706341147423e-03
6.525125936605036259e-04
1.314954482950270176e-03
9.623349760659039021e-04
1.780192833393812180e-03
1.617532921954989433e-03
8.259848691523075104e-04
1.978197367861866951e-03
6.231222068890929222e-04
3.139143809676170349e-03
7.877778843976557255e-04
1.321749761700630188e-03
2.308331197127699852e-03
1.025910838507115841e-03
7.324184989556670189e-04
1.377618289552628994e-03
1.518225646577775478e-03
1.156088314019143581e-03
1.893852022476494312e-03
1.271789078600704670e-03
1.584946643561124802e-03
2.098855562508106232e-03
1.458035432733595371e-03
1.807072083465754986e-03
1.128040952607989311e-03
1.234529772773385048e-03
1.850893488153815269e-03
1.598634407855570316e-03
1.284767291508615017e-03
1.426638802513480186e-03
1.741906511597335339e-03
5.973698571324348450e-04
4.188223741948604584e-03
1.756842713803052902e-03
1.103259855881333351e-03
1.165732508525252342e-03
1.379621913656592369e-03
2.800983842462301254e-03
5.622965283691883087e-03
2.707657404243946075e-03
2.069806447252631187e-03
1.172192045487463474e-03
2.588697243481874466e-03
1.449274946935474873e-03
1.484536798670887947e-03
2.168170874938368797e-03
2.489317208528518677e-03
1.572433859109878540e-03
1.019468647427856922e-03
1.580169307999312878e-03
1.383617403917014599e-03
1.954781822860240936e-03
2.536243759095668793e-03
1.394755439832806587e-03
1.018554670736193657e-03
2.429089136421680450e-02
3.284924430772662163e-03
1.790751586668193340e-03
2.426267601549625397e-03
5.641918629407882690e-03
5.780979408882558346e-04
1.353769563138484955e-03
2.132137073203921318e-03
1.572086941450834274e-03
1.079362235032021999e-03
1.373261678963899612e-03
1.820476492866873741e-03
2.647202694788575172e-03
1.093791681341826916e-03
1.201508101075887680e-03
9.891664376482367516e-04
1.303050783462822437e-03
2.648675348609685898e-03
2.256604377180337906e-03
1.303001656197011471e-03
1.170824631117284298e-03
1.228183507919311523e-03
1.863198820501565933e-03
1.133657991886138916e-03
1.869936357252299786e-03
1.089760800823569298e-03
1.856485847383737564e-03
1.513040857389569283e-03
2.137357601895928383e-03
2.161566866561770439e-03
1.343273324891924858e-03
1.680217916145920753e-03
1.417735358700156212e-03
1.542171579785645008e-03
1.436626305803656578e-03
8.671742398291826248e-04
1.688617514446377754e-03
1.153359538875520229e-03
1.166892587207257748e-03
2.102756407111883163e-03
1.178453094325959682e-03
8.326934766955673695e-04
1.115704770199954510e-03
1.563049503602087498e-03
1.631528721190989017e-03
1.018191687762737274e-03
2.386491512879729271e-03
1.714960089884698391e-03
2.505690325051546097e-03
9.859878337010741234e-04
1.193466130644083023e-03
2.532198559492826462e-03
1.971340738236904144e-03
1.370628713630139828e-03
1.420459360815584660e-03
1.112748752348124981e-03
1.077675609849393368e-03
1.220019301399588585e-03
6.994647555984556675e-04
1.317580812610685825e-03
1.091744750738143921e-03
1.305142766796052456e-03
1.832388923503458500e-03
1.182759762741625309e-03
9.676088811829686165e-04
2.500992035493254662e-03
1.515688258223235607e-03
2.037294907495379448e-03
9.085613419301807880e-04
1.849685329943895340e-03
1.235307659953832626e-03
1.832038746215403080e-03
1.516361720860004425e-03
7.667184108868241310e-04
1.361473812721669674e-03
2.049254020676016808e-03
1.630015671253204346e-03
1.685325056314468384e-03
1.870262320153415203e-03
2.605861751362681389e-03
1.660521258600056171e-03
8.614950347691774368e-04
1.607820042409002781e-03
1.363720628432929516e-03
1.710176235064864159e-03
9.301052195951342583e-04
1.342971576377749443e-03
9.390835766680538654e-04
8.957433165051043034e-04
8.585919858887791634e-04
1.160735148005187511e-03
1.860748394392430782e-03
1.740418258123099804e-03
1.173035590909421444e-03
1.892263186164200306e-03
1.170412520878016949e-03
2.237880136817693710e-03
1.999054336920380592e-03
6.066526402719318867e-04
1.482215477153658867e-03
1.246484462171792984e-03
1.565792248584330082e-03
2.154612448066473007e-03
1.394079998135566711e-03
1.476872363127768040e-03
1.557209994643926620e-03
7.994794868864119053e-04
1.257971045561134815e-03
1.710339915007352829e-03
2.060970291495323181e-03
1.851410139352083206e-03
1.296826056204736233e-03
1.204150728881359100e-03
1.100938767194747925e-03
2.159568946808576584e-03
1.048776321113109589e-03
2.542463829740881920e-03
2.357187913730740547e-03
1.075245323590934277e-03
1.009370200335979462e-03
4.209555219858884811e-03
1.835323404520750046e-03
1.229041721671819687e-03
8.668293245136737823e-03
1.107852905988693237e-03
1.821679645217955112e-03
1.518156379461288452e-03
1.009230269119143486e-03
1.112078200094401836e-03
1.412335550412535667e-03
1.515453914180397987e-03
1.078989706002175808e-03
1.438242150470614433e-03
2.316822297871112823e-03
3.136028535664081573e-03
2.522272290661931038e-03
1.341404276899993420e-03
2.026830567046999931e-03
1.842911704443395138e-03
1.560457865707576275e-03
1.237108255736529827e-03
1.834577531553804874e-03
1.832979149185121059e-03
2.095258329063653946e-03
8.423706749454140663e-04
1.867342274636030197e-03
1.387664000503718853e-03
1.375151448883116245e-03
3.140385728329420090e-03
1.519312616437673569e-03
1.306514837779104710e-03
1.337888767011463642e-03
2.926493529230356216e-03
1.395343453623354435e-03
1.828185515478253365e-03
3.369940444827079773e-03
1.293234759941697121e-03
1.628226833418011665e-03
1.290717395022511482e-03
2.186646219342947006e-03
1.332335872575640678e-03
1.240164740011096001e-03
1.539970980957150459e-03
1.202782266773283482e-03
2.022853819653391838e-03
2.317017177119851112e-03
1.049548736773431301e-03
1.804300933144986629e-03
1.208508387207984924e-03
1.375642721541225910e-03
2.152307657524943352e-03
8.586290059611201286e-04
1.328466110862791538e-03
1.158119179308414459e-03
1.740446197800338268e-03
1.390130608342587948e-03
2.259459113702178001e-03
2.489901613444089890e-03
1.783529412932693958e-03
1.099430257454514503e-03
1.227604690939188004e-03
1.883752993308007717e-03
1.082819071598351002e-03
1.562429708428680897e-03
1.038680551573634148e-03
2.663089428097009659e-03
2.148222411051392555e-03
1.665277290157973766e-03
1.157137914560735226e-03
1.958877313882112503e-03
3.456217236816883087e-03
2.248267643153667450e-03
2.728667808696627617e-03
2.857819199562072754e-03
2.394315553829073906e-03
1.301446580328047276e-03
8.799968054518103600e-04
1.729507232084870338e-03
1.031935447826981544e-03
1.389018143527209759e-03
1.021321630105376244e-03
1.468959497287869453e-03
2.964353654533624649e-03
1.332332729361951351e-03
1.399681554175913334e-03
2.439054427668452263e-03
1.309271086938679218e-03
2.172645879909396172e-03
1.806312240660190582e-03
1.449457253329455853e-03
1.126878429204225540e-03
1.051766332238912582e-03
1.507409149780869484e-03
1.864648540504276752e-03
1.108925673179328442e-03
1.068356796167790890e-03
1.896044588647782803e-03
1.456137280911207199e-03
7.131866295821964741e-04
1.850639702752232552e-03
1.230292371474206448e-03
1.295707537792623043e-03
2.560184570029377937e-03
1.328037818893790245e-03
3.517357865348458290e-03
2.039943123236298561e-03
9.903385071083903313e-04
1.424234709702432156e-03
1.406921166926622391e-02
1.720975968055427074e-03
9.433843079023063183e-04
1.546439598314464092e-03
1.488060923293232918e-03
2.801169641315937042e-03
1.876811729744076729e-03
1.252690097317099571e-03
1.123181893490254879e-03
1.789108151569962502e-03
2.740806899964809418e-03
1.310851541347801685e-03
1.196954865008592606e-03
1.483038999140262604e-03
1.699627260677516460e-03
9.390375926159322262e-04
3.181369742378592491e-03
1.755692414008080959e-03
2.187876030802726746e-03
1.417435007169842720e-03
2.634285250678658485e-03
1.961790490895509720e-03
1.457300968468189240e-03
1.168001326732337475e-03
1.766607630997896194e-03
1.046414370648562908e-03
1.339704496785998344e-03
2.267394680529832840e-03
2.007653471082448959e-03
1.843359088525176048e-03
1.839069416746497154e-03
1.904181321151554585e-03
1.593750668689608574e-03
1.075063832104206085e-03
9.675517794676125050e-04
1.154789817519485950e-03
1.154442434199154377e-03
1.170514500699937344e-03
1.860159100033342838e-03
2.316828118637204170e-03
1.814552815631031990e-03
1.783829648047685623e-03
2.009932650253176689e-03
1.623532269150018692e-03
3.084372263401746750e-03
8.686308283358812332e-04
1.628325204364955425e-03
4.033538047224283218e-03
1.171480631455779076e-03
1.427184324711561203e-03
2.541849855333566666e-03
9.452176163904368877e-04
9.340886026620864868e-04
2.279354026541113853e-03
1.556271454319357872e-03
1.142938621342182159e-03
2.242062473669648170e-03
2.266381168738007545e-03
1.447851071134209633e-03
1.750765484757721424e-03
1.835082890465855598e-03
1.810229383409023285e-03
1.064368523657321930e-03
1.127217779867351055e-03
1.123285270296037197e-03
1.778518431819975376e-03
1.677362946793437004e-03
2.353743650019168854e-03
1.696513616479933262e-03
1.062073046341538429e-03
1.409030286595225334e-03
1.287624705582857132e-03
9.636784670874476433e-04
2.566291252151131630e-03
1.636046101339161396e-03
1.155906589701771736e-03
1.326436526142060757e-03
1.647292869165539742e-03
1.246435334905982018e-03
1.675227656960487366e-03
1.173736993223428726e-03
1.315225963480770588e-03
1.753028947860002518e-03
1.263659331016242504e-03
1.460318570025265217e-03
1.565121347084641457e-03
1.944508985616266727e-03
1.808964996598660946e-03
1.824605162255465984e-03
1.970908138900995255e-03
2.212484134361147881e-03
1.249264576472342014e-03
5.269647110253572464e-03
1.525245257653295994e-03
8.060319232754409313e-04
1.293061650358140469e-03
1.026724232360720634e-03
1.873089466243982315e-03
1.862171106040477753e-03
7.112338207662105560e-04
1.195835764519870281e-03
9.600978810340166092e-04
9.870157809928059578e-04
8.717660675756633282e-04
1.668798387981951237e-03
7.083431119099259377e-04
7.772220997139811516e-04
1.226547406986355782e-03
1.524779247120022774e-03
1.141902408562600613e-03
1.697840169072151184e-03
9.820564882829785347e-04
1.534457085654139519e-03
2.107375301420688629e-03
2.067319815978407860e-03
1.839283970184624195e-03
1.291158259846270084e-03
1.151207019574940205e-03
1.676206826232373714e-03
1.196341123431921005e-03
9.219067287631332874e-04
1.591476262547075748e-03
2.004316775128245354e-03
5.664055352099239826e-04
1.536897383630275726e-03
1.714652869850397110e-03
9.806335438042879105e-04
1.459163962863385677e-03
1.198067562654614449e-03
1.354792155325412750e-03
1.768545247614383698e-03
9.423804585821926594e-04
1.415632199496030807e-03
3.432736033573746681e-03
1.413265010342001915e-03
2.915914636105298996e-03
1.090735546313226223e-03
1.302767195738852024e-03
1.741008949466049671e-03
1.248487504199147224e-03
1.460120780393481255e-03
1.177265192382037640e-03
1.136831589974462986e-03
3.010637359693646431e-03
1.070188940502703190e-03
1.439217361621558666e-03
1.188285532407462597e-03
1.217105193063616753e-03
1.854280242696404457e-03
1.214871183037757874e-03
1.571366330608725548e-03
1.939328620210289955e-03
1.255329698324203491e-03
1.538321143016219139e-03
2.543132752180099487e-03
1.594288158230483532e-03
1.328500569798052311e-03
1.301138778217136860e-03
1.607524463906884193e-03
1.896524452604353428e-03
1.365958363749086857e-03
1.145271700806915760e-03
4.084368702024221420e-03
5.263270577415823936e-04
1.882486511021852493e-03
1.603882876224815845e-03
9.849577909335494041e-04
1.041359035298228264e-03
4.898504354059696198e-03
1.423103269189596176e-03
9.940548334270715714e-04
1.824459177441895008e-03
9.653796441853046417e-04
9.334877831861376762e-04
9.930890519171953201e-04
5.000279634259641171e-04
2.672776579856872559e-03
2.388641238212585449e-03
1.547795487567782402e-03
1.681935857050120831e-03
1.140748383477330208e-03
9.598881588317453861e-04
2.780256792902946472e-03
1.488642534241080284e-03
7.919742492958903313e-04
1.732718897983431816e-03
1.997425686568021774e-03
1.169574679806828499e-03
1.440426334738731384e-03
9.918279247358441353e-04
4.133884795010089874e-03
9.326074505224823952e-04
1.109521486796438694e-03
1.201354549266397953e-03
8.870325400494039059e-04
8.652936667203903198e-04
1.810653717257082462e-03
1.171288779005408287e-03
2.073229756206274033e-03
1.822895254008471966e-03
1.543662860058248043e-03
1.371863181702792645e-03
8.715374278835952282e-04
1.595964422449469566e-03
1.345964381471276283e-03
8.744592778384685516e-04
1.159693696536123753e-03
2.068877685815095901e-03
3.343711607158184052e-03
1.543208607472479343e-03
2.746877958998084068e-03
1.041566370986402035e-03
1.460492843762040138e-03
8.474502246826887131e-04
1.213035546243190765e-03
1.560461940243840218e-03
1.593051245436072350e-03
1.187243615277111530e-03
1.448111142963171005e-03
9.468867792747914791e-04
1.766783301718533039e-03
1.567201223224401474e-03
2.831878606230020523e-03
1.620529103092849255e-03
2.736228052526712418e-03
1.193962059915065765e-03
2.103558043017983437e-03
3.840393619611859322e-03
2.737611532211303711e-03
1.704388298094272614e-03
1.623806194402277470e-03
1.687693176791071892e-03
7.562706596218049526e-04
1.583423698320984840e-03
2.057672012597322464e-03
1.780303427949547768e-03
1.246781786903738976e-03
9.852602379396557808e-04
1.954228151589632034e-03
1.759807928465306759e-03
1.014447072520852089e-03
1.549673499539494514e-03
3.026305232197046280e-03
1.346773817203938961e-03
1.155234989710152149e-03
1.409105490893125534e-03
1.555752009153366089e-03
3.421852132305502892e-03
2.824377967044711113e-03
2.049798145890235901e-03
1.346560660749673843e-03
2.597602549940347672e-03
2.359675709158182144e-03
2.457266906276345253e-03
1.162093714810907841e-03
2.180587267503142357e-03
1.886698300950229168e-03
1.673613325692713261e-03
9.671713924035429955e-04
1.144772977568209171e-03
1.274927402846515179e-03
3.007394727319478989e-03
1.503115985542535782e-03
1.747309230268001556e-03
1.729325973428785801e-03
1.238139113411307335e-03
1.161053543910384178e-03
1.372569589875638485e-03
1.432281220331788063e-03
1.866891398094594479e-03
1.424409565515816212e-03
1.654231688007712364e-03
1.914773834869265556e-03
2.327669411897659302e-03
1.362222596071660519e-03
1.280481927096843719e-03
1.661125104874372482e-03
9.742729016579687595e-04
1.984088448807597160e-03
1.243397942744195461e-03
1.460680388845503330e-03
1.510134665295481682e-03
9.950676467269659042e-04
1.446192269213497639e-03
1.071225851774215698e-03
1.439963351003825665e-03
1.460436498746275902e-03
1.636385684832930565e-03
1.109928009100258350e-03
1.464507426135241985e-03
1.684283372014760971e-03
1.558789750561118126e-03
1.869739033281803131e-03
3.257046220824122429e-03
1.975959399715065956e-03
8.465683204121887684e-04
8.957260288298130035e-04
1.193593139760196209e-03
2.351674949750304222e-03
1.225181738846004009e-03
1.897634123452007771e-03
4.263295326381921768e-03
1.710935961455106735e-03
1.865576603449881077e-03
1.204527681693434715e-03
1.498649828135967255e-03
1.686731353402137756e-03
1.533480128273367882e-03
1.219855272211134434e-03
1.653943676501512527e-03
1.352136721834540367e-03
1.140628010034561157e-03
1.972909318283200264e-03
2.137661911547183990e-03
9.655072935856878757e-04
8.121518767438828945e-04
1.170322881080210209e-03
1.647497876547276974e-03
1.383981434628367424e-03
8.596858242526650429e-04
2.189552178606390953e-03
1.186427427455782890e-03
1.596995163708925247e-03
2.087279455736279488e-03
1.799467252567410469e-03
1.148254843428730965e-03
1.337349996902048588e-03
1.729213865473866463e-03
1.485944725573062897e-03
2.176220295950770378e-03
9.582612547092139721e-04
2.597627229988574982e-03
5.857605487108230591e-03
1.838898169808089733e-03
3.513739211484789848e-03
1.546568470075726509e-03
1.336478046141564846e-03
1.249592634849250317e-03
1.552968635223805904e-03
1.968509284779429436e-03
8.492987253703176975e-04
1.918836496770381927e-03
1.797644188627600670e-03
9.545701323077082634e-04
1.404852489940822124e-03
1.471097813919186592e-03
7.658156100660562515e-04
1.249751425348222256e-03
1.443228684365749359e-03
3.116084728389978409e-03
9.930408559739589691e-04
9.346069418825209141e-04
2.240495057776570320e-03
9.211474680341780186e-04
2.016739919781684875e-03
1.732678851112723351e-03
1.564314938150346279e-03
1.360719790682196617e-03
9.795286459848284721e-04
1.194890122860670090e-03
1.520589459687471390e-03
1.393899554386734962e-03
1.309828832745552063e-03
1.452994649298489094e-03
1.619464601390063763e-03
1.664820360019803047e-03
1.294675166718661785e-03
1.049786340445280075e-03
1.262702979147434235e-03
1.212655100971460342e-03
2.322732936590909958e-03
2.977442927658557892e-03
1.277436036616563797e-03
1.324504497461020947e-03
1.763260923326015472e-03
4.431470762938261032e-03
7.352624088525772095e-04
1.558754825964570045e-03
1.159699866548180580e-03
1.368750934489071369e-03
2.223569434136152267e-03
1.051638391800224781e-03
4.413886636029928923e-04
2.069932641461491585e-03
9.605229715816676617e-04
1.075391191989183426e-03
1.295584719628095627e-03
2.556126564741134644e-03
3.184316679835319519e-03
7.818890153430402279e-04
1.079491456039249897e-03
1.864276127889752388e-03
2.100902143865823746e-03
1.268904772587120533e-03
7.472875877283513546e-04
8.165721665136516094e-04
9.102184558287262917e-04
2.916937228292226791e-03
1.098113600164651871e-03
1.209112000651657581e-03
9.133837884292006493e-04
1.541338162496685982e-03
1.332079758867621422e-03
1.004747347906231880e-03
1.322662108577787876e-03
4.320518579334020615e-03
1.373243285343050957e-03
1.279106712900102139e-03
1.222948892973363400e-03
1.252052141353487968e-03
1.235542702488601208e-03
1.283206045627593994e-03
2.549075521528720856e-03
6.423385930247604847e-04
1.320162438787519932e-03
1.291187945753335953e-03
1.693283207714557648e-03
1.465731533244252205e-03
2.035186393186450005e-03
1.580863259732723236e-03
1.827396336011588573e-03
1.270639593712985516e-03
2.081320621073246002e-03
9.585871011950075626e-04
1.277507515624165535e-03
1.973219681531190872e-03
1.456476282328367233e-03
1.567736850120127201e-03
3.589738393202424049e-03
1.514756237156689167e-03
1.393599319271743298e-03
2.611075295135378838e-03
1.125004375353455544e-03
3.780773142352700233e-03
1.736367121338844299e-03
1.268848427571356297e-03
2.084611216560006142e-03
9.925626218318939209e-04
2.004083944484591484e-03
1.002748031169176102e-03
1.224530278705060482e-03
1.672571641393005848e-03
1.473412383347749710e-03
5.894483067095279694e-03
1.795500982552766800e-03
9.773796191439032555e-04
1.012601307593286037e-03
3.085466567426919937e-03
1.347622019238770008e-03
9.026681073009967804e-04
1.285934122279286385e-03
1.108396099880337715e-03
1.110665732994675636e-03
1.588819432072341442e-03
9.315232746303081512e-04
3.596220165491104126e-03
1.441102707758545876e-03
2.864770824089646339e-03
1.244048355147242546e-03
1.287173829041421413e-03
1.558268326334655285e-03
1.015276880934834480e-03
8.544902084395289421e-04
1.483974163420498371e-03
1.583062927238643169e-03
1.707644551061093807e-03
1.828302978537976742e-03
1.254354370757937431e-03
2.166669582948088646e-03
1.776166493073105812e-03
1.259813783690333366e-03
1.048646867275238037e-03
1.091620186343789101e-03
2.342081861570477486e-03
2.971709938719868660e-03
1.848577754572033882e-03
1.183706684969365597e-03
1.596491667442023754e-03
1.770375762134790421e-03
1.034691696986556053e-03
1.402479130774736404e-03
1.841944525949656963e-03
1.134553342126309872e-03
1.376019907183945179e-03
6.270084995776414871e-04
1.731077907606959343e-03
1.934857922606170177e-03
1.407545758411288261e-03
1.518866745755076408e-03
9.528219816274940968e-04
1.990402815863490105e-03
1.282578916288912296e-03
1.811924856156110764e-03
2.392994938418269157e-03
2.899460494518280029e-03
2.240517409518361092e-03
1.111577148549258709e-03
1.514757284894585609e-03
1.716726692393422127e-03
1.499441685155034065e-03
1.786597887985408306e-03
1.608282793313264847e-03
2.728965831920504570e-03
1.355929300189018250e-03
2.268974902108311653e-03
1.579258125275373459e-03
1.521848491393029690e-03
1.033690990880131721e-03
1.818010234273970127e-03
3.187731374055147171e-03
1.252080081030726433e-03
1.317706424742937088e-03
3.016704926267266273e-03
1.777429715730249882e-03
1.065827789716422558e-03
9.957903530448675156e-04
1.187089481391012669e-03
1.993729034438729286e-03
1.187495887279510498e-03
1.322547323070466518e-03
1.607875688932836056e-03
1.796958036720752716e-03
1.148623297922313213e-03
1.473680138587951660e-03
1.886062091216444969e-03
1.318367198109626770e-03
3.785168752074241638e-03
1.026128302328288555e-03
1.162887550890445709e-03
1.925248769111931324e-03
1.321577001363039017e-03
1.716500381007790565e-03
1.985260751098394394e-03
1.171103795059025288e-03
1.288730069063603878e-03
1.815060386434197426e-03
1.441110274754464626e-03
2.811260055750608444e-03
1.092699589207768440e-03
1.540345605462789536e-03
9.092486579902470112e-04
1.005087862722575665e-03
3.407250856980681419e-03
9.777068626135587692e-04
1.214261865243315697e-03
1.853313297033309937e-03
2.042246283963322639e-03
1.129472511820495129e-03
9.388860198669135571e-04
1.486759749241173267e-03
1.516641932539641857e-03
8.997186669148504734e-04
7.885372615419328213e-04
1.245692837983369827e-03
1.510090194642543793e-03
1.520165242254734039e-03
4.740359727293252945e-03
1.491244533099234104e-03
1.649196841754019260e-03
1.705531496554613113e-03
2.178829163312911987e-03
1.585360034368932247e-03
1.126607763580977917e-03
1.571461209096014500e-03
1.334214932285249233e-03
1.390698016621172428e-03
2.073864219710230827e-03
1.311947125941514969e-03
1.533734030090272427e-03
1.394351245835423470e-03
8.620865410193800926e-04
9.936799760907888412e-04
2.521550748497247696e-03
1.978345448151230812e-03
1.085545518435537815e-03
1.173047116026282310e-03
1.316458918154239655e-03
1.539053511805832386e-03
1.148270559497177601e-03
1.842300524003803730e-03
1.381000503897666931e-03
2.212889958173036575e-03
2.632612595334649086e-03
2.251465339213609695e-03
1.904961187392473221e-03
1.466036774218082428e-03
1.099237590096890926e-03
1.536565367132425308e-03
1.471391995437443256e-03
2.563698682934045792e-03
1.862493692897260189e-03
1.711471355520188808e-03
1.597238820977509022e-03
1.375057385303080082e-03
1.260884921066462994e-03
1.572521287016570568e-03
1.324955956079065800e-03
9.293567272834479809e-04
1.227042172104120255e-03
9.524684865027666092e-04
1.285332837142050266e-03
1.733696437440812588e-03
2.773006446659564972e-03
2.131450222805142403e-03
1.547176972962915897e-03
1.027077785693109035e-03
1.256838557310402393e-03
3.198561724275350571e-03
1.583034172654151917e-03
2.094557741656899452e-03
1.607674988918006420e-03
2.057441510260105133e-03
1.277276198379695415e-03
1.114639919251203537e-03
1.987676369026303291e-03
2.455793553963303566e-03
8.681376348249614239e-04
1.585713471285998821e-03
6.532847764901816845e-04
1.140196574851870537e-03
1.450018025934696198e-03
2.580369357019662857e-03
1.895389519631862640e-03
9.701796225272119045e-04
1.599692157469689846e-03
1.881452044472098351e-03
1.910598482936620712e-03
1.407832722179591656e-03
2.223300747573375702e-03
1.774153439328074455e-03
1.730857533402740955e-03
1.336438930593430996e-03
2.139528281986713409e-03
1.204530009999871254e-03
1.769106253050267696e-03
1.087940880097448826e-03
6.261990405619144440e-03
1.168273971416056156e-03
1.701602479442954063e-03
8.950039045885205269e-04
9.936710121110081673e-04
7.252936484292149544e-04
1.510091009549796581e-03
1.168791088275611401e-03
1.548100379295647144e-03
2.570408163592219353e-03
1.986424904316663742e-03
1.547952997498214245e-03
9.922229219228029251e-04
1.096338685601949692e-02
1.269708736799657345e-03
1.602724660187959671e-03
1.800512429326772690e-03
7.491437136195600033e-04
3.630461869761347771e-03
2.457383088767528534e-03
1.148847746662795544e-03
1.258143805898725986e-03
1.179013634100556374e-03
9.765278664417564869e-04
7.248180918395519257e-04
1.648296834900975227e-03
1.241762307472527027e-03
1.883841818198561668e-03
9.710852173157036304e-04
1.423157053068280220e-03
2.008310984820127487e-03
2.930184593424201012e-03
1.175070297904312611e-03
1.353137427940964699e-03
1.684136223047971725e-03
9.884219616651535034e-04
9.338466334156692028e-04
1.292661996558308601e-03
9.980048052966594696e-04
1.879834802821278572e-03
1.597713329829275608e-03
2.009048592299222946e-03
2.199859824031591415e-03
2.478956710547208786e-03
1.424598856829106808e-03
5.816792254336178303e-04
1.170499017462134361e-03
1.946421340107917786e-03
1.640917384065687656e-03
1.594593748450279236e-03
1.973971026018261909e-03
1.149082207120954990e-03
1.570111839100718498e-03
2.351615577936172485e-03
1.686934381723403931e-03
1.486689085140824318e-03
1.093106460757553577e-03
1.654979772865772247e-03
1.185945817269384861e-03
1.809224602766335011e-03
9.185817907564342022e-04
2.182646188884973526e-03
1.545490580610930920e-03
1.403064117766916752e-03
1.238350989297032356e-03
9.731243480928242207e-04
2.300634747371077538e-03
1.744462642818689346e-03
2.003782894462347031e-03
1.485180109739303589e-03
2.134303562343120575e-03
1.441388158127665520e-03
1.367457560263574123e-03
1.510240952484309673e-03
1.838834723457694054e-03
1.439499785192310810e-03
1.492508803494274616e-03
1.603743992745876312e-03
1.588445389643311501e-03
1.386708929203450680e-03
2.726555569097399712e-03
2.477480797097086906e-03
1.311813946813344955e-03
8.767567924223840237e-04
1.218771911226212978e-03
1.846102997660636902e-03
1.100006978958845139e-03
1.555278780870139599e-03
1.184241613373160362e-03
7.465530652552843094e-04
2.355108968913555145e-03
1.686272560618817806e-03
2.310798503458499908e-03
1.696913386695086956e-03
1.247664447873830795e-03
8.276461740024387836e-04
7.736978004686534405e-04
9.678282658569514751e-04
3.168343333527445793e-03
1.040979987010359764e-03
2.063631312921643257e-03
3.159150073770433664e-04
1.447267364710569382e-03
1.446992857381701469e-03
1.168373040854930878e-03
1.461273874156177044e-03
1.044422388076782227e-03
9.668722632341086864e-04
1.762611558660864830e-03
2.776843262836337090e-03
2.636173740029335022e-03
1.280953176319599152e-03
1.109701697714626789e-03
2.782696625217795372e-03
1.478120801039040089e-03
1.223358674906194210e-03
1.131341909058392048e-03
1.487671281211078167e-03
6.047332426533102989e-04
2.966093830764293671e-03
7.833615527488291264e-04
1.567242667078971863e-03
1.133175799623131752e-03
1.011874177493155003e-03
1.679449691437184811e-03
1.825527637265622616e-03
1.519411220215260983e-03
1.508667133748531342e-03
2.154765417799353600e-03
1.702028443105518818e-03
1.685717958025634289e-03
1.170026836916804314e-03
2.389737404882907867e-03
1.316497102379798889e-03
1.725596608594059944e-03
1.060895505361258984e-03
1.733216689899563789e-03
1.594994682818651199e-03
1.200139289721846581e-03
1.395747414790093899e-03
8.671768009662628174e-04
1.581284683197736740e-03
1.237101154401898384e-03
1.763917622156441212e-03
1.105581293813884258e-03
9.050058433786034584e-04
4.638274200260639191e-03
1.874637557193636894e-03
1.829100889153778553e-03
1.461844076402485371e-03
1.475329394452273846e-03
1.486873719841241837e-03
4.686930216848850250e-03
1.159455743618309498e-03
1.522824401035904884e-03
1.638281159102916718e-03
5.688322708010673523e-04
1.201206585392355919e-03
1.090043224394321442e-03
1.197120058350265026e-03
8.551200153306126595e-04
1.906485063955187798e-03
9.668640559539198875e-04
2.335966564714908600e-03
6.600276101380586624e-04
1.533550792373716831e-03
9.861828293651342392e-04
1.715184771455824375e-03
1.719488529488444328e-03
7.533974712714552879e-04
1.726287184283137321e-03
2.360676648095250130e-03
7.926665712147951126e-04
1.190561684779822826e-03
1.151981065049767494e-03
1.026951242238283157e-03
1.320522977039217949e-03
1.403781119734048843e-03
2.147933468222618103e-03
1.868245541118085384e-03
2.402020385488867760e-03
2.194663975387811661e-03
2.495491411536931992e-03
2.033883938565850258e-03
1.848493702709674835e-03
1.645183423534035683e-03
1.012068125419318676e-03
1.038748188875615597e-03
1.983384834602475166e-03
1.236912561580538750e-03
2.534719416871666908e-03
1.331691513769328594e-03
1.285996055230498314e-03
1.420521177351474762e-03
7.173155900090932846e-04
2.509586280211806297e-03
2.087067347019910812e-03
1.395598403178155422e-03
1.313230488449335098e-03
2.273794729262590408e-03
1.347023411653935909e-03
9.538217564113438129e-04
2.127533545717597008e-03
7.115373737178742886e-04
9.136903681792318821e-04
3.336143447086215019e-03
2.263740170747041702e-03
1.342098927125334740e-03
1.127540715970098972e-03
1.489258022047579288e-03
3.296887036412954330e-03
1.671074540354311466e-03
3.679902758449316025e-03
8.713715709745883942e-03
1.304785488173365593e-03
1.196152064949274063e-03
7.148858276195824146e-04
1.579265692271292210e-03
1.459635561332106590e-03
1.453685690648853779e-03
9.832577779889106750e-04
2.024807035923004150e-03
1.434584846720099449e-03
1.446914742700755596e-03
1.309111714363098145e-03
1.397175365127623081e-03
1.329028862528502941e-03
1.831349567510187626e-03
1.142370165325701237e-03
2.895341487601399422e-03
1.583789708092808723e-03
2.145046135410666466e-03
1.646244898438453674e-03
1.133949146606028080e-03
9.771323530003428459e-04
1.516394549980759621e-03
8.941250271163880825e-04
1.509214169345796108e-03
1.531079062260687351e-03
1.184416585601866245e-03
1.036699744872748852e-03
1.663932926021516323e-03
1.262564095668494701e-03
