1.136657875031232834e-02
4.033832810819149017e-03
2.636979799717664719e-03
1.230141427367925644e-02
3.624120960012078285e-03
2.329457085579633713e-03
8.935965597629547119e-03
1.460492057958617806e-05
6.633661221712827682e-03
4.462278913706541061e-03
3.727764124050736427e-03
2.231314079836010933e-03
1.507459301501512527e-02
1.056820712983608246e-02
1.158168725669384003e-02
5.643839016556739807e-03
1.380709465593099594e-02
2.626751374918967485e-04
8.983034640550613403e-03
3.392176469787955284e-03
4.643613006919622421e-03
3.632176667451858521e-03
2.431466244161128998e-02
2.302056178450584412e-03
1.213925192132592201e-03
5.883264821022748947e-03
1.068267598748207092e-02
8.486894890666007996e-03
7.759379688650369644e-03
1.523866411298513412e-02
1.033936999738216400e-02
8.000859059393405914e-03
4.876209888607263565e-03
8.592102676630020142e-03
2.671862253919243813e-03
4.324521869421005249e-03
4.152104724198579788e-03
7.961643859744071960e-03
8.449933491647243500e-03
2.470083534717559814e-03
1.047871075570583344e-02
1.394812949001789093e-02
2.677148394286632538e-02
3.319242969155311584e-03
2.943320432677865028e-03
1.542461104691028595e-02
4.404134117066860199e-03
9.593506343662738800e-03
4.791785962879657745e-03
1.014063972979784012e-02
1.554414909332990646e-02
1.225842628628015518e-02
2.993837697431445122e-04
2.592892153188586235e-03
8.512999862432479858e-03
1.371412817388772964e-02
6.086448673158884048e-03
8.780505508184432983e-03
1.184598822146654129e-02
2.320203464478254318e-03
3.146964590996503830e-03
9.287713095545768738e-03
5.058132112026214600e-03
4.535623360425233841e-03
5.241011269390583038e-03
4.971337504684925079e-03
6.835760548710823059e-03
5.404781084507703781e-03
6.505675613880157471e-03
3.534636646509170532e-02
7.257448043674230576e-03
2.239265292882919312e-02
1.116380188614130020e-02
2.206968143582344055e-02
7.421051617711782455e-03
1.357896905392408371e-02
1.539585348098171380e-09
4.592051729559898376e-03
7.201641332358121872e-03
8.841970935463905334e-03
1.488722208887338638e-02
3.273101290687918663e-03
1.940321736037731171e-02
8.050542324781417847e-03
2.116976119577884674e-02
4.831723998677261989e-08
6.806405261158943176e-03
7.105920463800430298e-03
3.816067008301615715e-03
4.329574294388294220e-03
6.718323566019535065e-03
1.390067487955093384e-02
1.305965241044759750e-02
5.405446980148553848e-03
6.976793985813856125e-03
5.199475679546594620e-03
5.683083087205886841e-03
9.469151496887207031e-03
5.659130867570638657e-03
4.706909880042076111e-03
1.323166768997907639e-02
2.118605887517333031e-03
3.118515945971012115e-03
5.466751754283905029e-03
2.455624751746654510e-02
7.532875519245862961e-03
3.974638413637876511e-03
3.743613837286829948e-03
1.367565430700778961e-02
3.149796277284622192e-03
4.916737321764230728e-03
7.020473014563322067e-03
5.342787597328424454e-03
1.175995171070098877e-02
2.013790421187877655e-02
3.336470108479261398e-03
3.778251353651285172e-03
9.140250273048877716e-03
5.179794505238533020e-03
5.548086948692798615e-03
4.362171515822410583e-03
1.301325671374797821e-02
6.134375464171171188e-03
1.076959725469350815e-02
1.772404648363590240e-02
4.705837927758693695e-03
1.312169595621526241e-03
3.679731395095586777e-03
1.424956321716308594e-02
6.521227769553661346e-03
1.048833783715963364e-02
1.095892302691936493e-02
1.346965972334146500e-02
4.941680468618869781e-03
9.886138141155242920e-03
3.258349839597940445e-03
3.802504623308777809e-03
1.576088741421699524e-02
3.031451627612113953e-02
1.026499550789594650e-02
5.164975766092538834e-03
1.324693486094474792e-02
7.022931706160306931e-03
2.362603554502129555e-03
1.939072855748236179e-03
6.955070886760950089e-03
2.506363438442349434e-03
3.516563706895681207e-10
8.131264708936214447e-03
6.748070940375328064e-03
1.207930408418178558e-02
1.246214751154184341e-02
6.573123857378959656e-03
1.178105454891920090e-02
5.294735543429851532e-03
4.279674496501684189e-03
2.027055714279413223e-03
7.238666057673981413e-07
1.564208045601844788e-02
2.160581992939114571e-03
9.810199029743671417e-03
3.791301976889371872e-03
1.189291942864656448e-02
1.174217555671930313e-02
2.698345296084880829e-02
1.219292730093002319e-02
2.015813440084457397e-02
4.540355410426855087e-03
6.190226878970861435e-03
1.360201649367809296e-02
7.140209432691335678e-03
7.373534608632326126e-03
9.360722266137599945e-03
5.827154964208602905e-03
4.777578637003898621e-03
3.381649032235145569e-02
4.441341850906610489e-03
7.304563652724027634e-03
1.245766319334506989e-02
7.107015233486890793e-03
7.788036949932575226e-03
7.563740480691194534e-03
1.007812377065420151e-02
1.255665719509124756e-02
1.343824062496423721e-02
2.821776270866394043e-02
1.470037735998630524e-02
2.904240787029266357e-02
2.153352368623018265e-03
3.437174484133720398e-03
7.370174396783113480e-03
1.826582662761211395e-02
1.338591612875461578e-02
2.948879729956388474e-03
5.573454312980175018e-03
7.828930392861366272e-03
2.103666774928569794e-02
1.577742770314216614e-02
6.580353248864412308e-03
5.023243837058544159e-03
3.561359830200672150e-03
9.977447756881474561e-10
8.741364814341068268e-03
1.093827560544013977e-02
9.690854698419570923e-03
2.356750424951314926e-03
2.607596665620803833e-02
6.316113751381635666e-03
5.385307013057172298e-04
1.738428671849145957e-11
3.851215820759534836e-03
1.018689665943384171e-02
1.938932016491889954e-02
2.721647266298532486e-03
1.064754649996757507e-02
6.851783022284507751e-03
1.912442385219037533e-03
3.277692012488842010e-03
8.541266433894634247e-03
7.795788347721099854e-03
1.345589291304349899e-02
9.453542530536651611e-03
5.016712937504053116e-03
4.861941561102867126e-03
9.133478626608848572e-03
7.009551860392093658e-03
4.250478930771350861e-03
2.344090633404904978e-13
6.325880531221628189e-03
8.139800280332565308e-03
1.299297343939542770e-02
5.786117631942033768e-03
3.556005191057920456e-03
1.584958517923951149e-03
1.321163587272167206e-02
4.223011434078216553e-03
5.586566403508186340e-03
1.793272793292999268e-02
8.549369871616363525e-03
1.927119214087724686e-03
2.923156600445508957e-03
1.047241967171430588e-02
8.179582655429840088e-03
8.458740077912807465e-03
5.892723798751831055e-03
9.118294343352317810e-03
8.072994649410247803e-03
9.817816317081451416e-03
1.886707358062267303e-02
1.072638574987649918e-02
5.035406444221735001e-03
2.494743093848228455e-03
5.479732062667608261e-03
4.934898111969232559e-03
6.339092273265123367e-03
1.145540270954370499e-02
6.333576515316963196e-03
6.390651687979698181e-03
5.106812808662652969e-03
8.260765112936496735e-03
1.138506550341844559e-02
3.705619601532816887e-03
4.898374434560537338e-03
3.769569564610719681e-03
2.829748205840587616e-03
1.851601153612136841e-02
1.968508213758468628e-02
1.147897168993949890e-02
9.425230324268341064e-03
1.103172078728675842e-02
9.112415835261344910e-03
1.066260784864425659e-02
6.854737177491188049e-03
4.092305433005094528e-03
2.201460674405097961e-02
1.122740749269723892e-02
1.201989967375993729e-02
4.713022150099277496e-03
8.602228946983814240e-03
1.547024026513099670e-02
2.677458804100751877e-03
1.484749838709831238e-02
7.532993331551551819e-03
1.159382425248622894e-02
1.559986826032400131e-02
3.782306332141160965e-03
3.912390675395727158e-03
2.726351262805071229e-11
1.946233212947845459e-02
1.640627905726432800e-02
4.590746946632862091e-03
1.773313960951039547e-11
1.053638570010662079e-02
1.240024715662002563e-02
1.119194738566875458e-02
5.091519095003604889e-03
5.335511174052953720e-03
1.156930532306432724e-02
1.415225025266408920e-02
1.403991249389946461e-03
3.603217424824833870e-03
8.359602070413529873e-04
4.162555560469627380e-03
1.981961727142333984e-02
8.574049919843673706e-03
7.988902740180492401e-03
2.425432903692126274e-03
7.652739528566598892e-03
2.016851539110575686e-07
3.553100163117051125e-03
1.375437900424003601e-02
2.938039600849151611e-03
1.358958240598440170e-02
2.409107051789760590e-03
4.153732582926750183e-02
6.886307615786790848e-03
3.860511563202884133e-11
2.368463203310966492e-03
2.888654358685016632e-03
4.163873381912708282e-03
6.457497831434011459e-03
3.539458848536014557e-03
3.080646848729884368e-08
1.735469326376914978e-03
2.361653605476021767e-03
5.383654963225126266e-03
3.367521567270159721e-03
4.903279710561037064e-03
3.737764433026313782e-03
2.385221188887953758e-03
1.448546350002288818e-02
5.229100119322538376e-03
6.779090501368045807e-03
1.165637932717800140e-02
1.271888613700866699e-02
3.040225943550467491e-03
6.857109721750020981e-03
9.421750903129577637e-03
6.524818949401378632e-03
1.761417277157306671e-02
3.965548239648342133e-03
5.233323667198419571e-03
5.493819177360137473e-09
5.832990201959376009e-10
1.369121763855218887e-02
3.921275958418846130e-03
2.150858752429485321e-02
1.472294423729181290e-02
9.559839032590389252e-03
5.386068951338529587e-03
6.617147009819746017e-03
3.094262443482875824e-03
1.782320626080036163e-02
1.220102980732917786e-02
1.690520322881639004e-03
1.582277240231633186e-03
2.407350810244679451e-03
4.575436003506183624e-03
2.788141136988997459e-03
7.852656766772270203e-03
1.094003673642873764e-03
1.754442416131496429e-02
1.931709796190261841e-02
5.578090902417898178e-03
6.844930350780487061e-03
5.334999877959489822e-03
4.995960276573896408e-03
5.066444486168109052e-10
7.481150794774293900e-03
2.737791743129491806e-03
6.203046534210443497e-03
6.228767801076173782e-03
5.800753831863403320e-03
3.904541721567511559e-03
1.435512490570545197e-02
2.172414772212505341e-02
6.754095666110515594e-03
5.911003332585096359e-03
9.872605092823505402e-03
1.863428624346852303e-03
8.471556939184665680e-03
2.415364375337958336e-03
4.635682329535484314e-03
5.102703813463449478e-03
3.998237662017345428e-03
1.284771505743265152e-02
4.925050307065248489e-03
7.518554572016000748e-03
1.936437748372554779e-02
2.080380916595458984e-02
2.039134874939918518e-02
8.980495855212211609e-03
5.898665636777877808e-03
7.697265828028321266e-04
5.788517184555530548e-03
1.299095340073108673e-02
4.095743875950574875e-03
3.044952734398975736e-07
5.446247290819883347e-03
1.623184233903884888e-02
2.679739845916628838e-03
5.889613647013902664e-03
6.000462919473648071e-03
9.788087569177150726e-03
2.145070023834705353e-02
1.523885705123628753e-11
3.213217481970787048e-03
7.850690744817256927e-03
1.544404868036508560e-02
9.654569439589977264e-03
6.841483525931835175e-03
1.537459623068571091e-02
3.669132012873888016e-03
7.942141033709049225e-03
1.430730707943439484e-02
1.050685811787843704e-02
4.383764229714870453e-03
4.350078292191028595e-03
7.778375875204801559e-03
6.023162510246038437e-03
6.905135232955217361e-03
7.398207671940326691e-03
9.039510972797870636e-03
7.591246161609888077e-03
6.964450702071189880e-03
3.322132863104343414e-03
4.034318495541810989e-03
1.004024688154459000e-02
9.303743019700050354e-03
1.407762337476015091e-02
3.886072710156440735e-02
7.577283307909965515e-03
3.348528640344738960e-03
1.571267843246459961e-02
5.724365822970867157e-03
1.202117744833230972e-02
8.327836170792579651e-03
3.982307539285301345e-10
6.957401521503925323e-03
9.638319723308086395e-03
2.444173954427242279e-02
2.977091819047927856e-03
3.064595628529787064e-03
2.055387711152434349e-03
2.969738841056823730e-02
7.963220588862895966e-03
6.965725217014551163e-03
2.104615792632102966e-02
1.656081154942512512e-02
5.252596922218799591e-03
9.714876301586627960e-03
1.950931502506136894e-03
1.126381754875183105e-02
5.017297808080911636e-03
1.169423665851354599e-02
1.105876732617616653e-02
5.697049200534820557e-03
4.760451614856719971e-03
5.079324183476785493e-10
9.449181146919727325e-03
3.111711703240871429e-03
7.105761207640171051e-03
6.499560549855232239e-03
1.739140367135405540e-03
2.524329349398612976e-02
7.578859105706214905e-03
6.024018395692110062e-03
1.594568602740764618e-02
1.147970557212829590e-02
5.424743052572011948e-03
1.370937070532818325e-07
1.145358663052320480e-02
2.066683024168014526e-03
1.391975674778223038e-02
1.685035414993762970e-02
1.558011863380670547e-02
6.452772766351699829e-03
8.977240882813930511e-03
2.261846140027046204e-02
6.846406962722539902e-03
7.399907335638999939e-03
7.653117645531892776e-03
3.616062924265861511e-03
1.615395303815603256e-03
1.932138344272971153e-03
3.024431411176919937e-03
9.079090319573879242e-03
2.334860712289810181e-02
8.122870698571205139e-03
5.287223961204290390e-03
7.896414026618003845e-03
1.201248541474342346e-02
1.250995323061943054e-02
2.110187662765383720e-03
1.623100042343139648e-02
1.379404217004776001e-02
7.312253117561340332e-03
2.054310776293277740e-02
1.270115096122026443e-02
1.418722420930862427e-02
6.335960235446691513e-03
7.423887029290199280e-03
5.677831359207630157e-03
1.170340552926063538e-02
2.138780429959297180e-03
1.656682603061199188e-02
7.567321881651878357e-03
3.660237183794379234e-03
2.071312069892883301e-02
1.203668769448995590e-02
8.898301981389522552e-03
7.559071294963359833e-03
7.582482881844043732e-03
6.155244540423154831e-03
1.441492140293121338e-02
2.833731938153505325e-03
2.629938768222928047e-03
2.307473449036478996e-03
2.306643873453140259e-02
3.330205800011754036e-03
2.131746383383870125e-03
2.260122075676918030e-02
3.651481354609131813e-03
3.619847120717167854e-03
4.918301478028297424e-03
6.453065201640129089e-03
7.248451933264732361e-03
7.222115527838468552e-03
7.714983541518449783e-03
3.342356998473405838e-03
1.375738531351089478e-02
1.543124439194798470e-03
1.124420762062072754e-02
1.139388047158718109e-02
5.609916523098945618e-03
5.145569797605276108e-03
8.645882830023765564e-03
3.644665703177452087e-03
7.278223522007465363e-03
7.442300207912921906e-03
4.451649729162454605e-03
9.140173904597759247e-03
1.044994802214205265e-03
2.261803718283772469e-03
1.304770540446043015e-02
7.612688466906547546e-03
4.096365068107843399e-03
1.896703429520130157e-02
6.978434510529041290e-03
6.192035507410764694e-03
2.698772121220827103e-03
3.363884286954998970e-03
2.033842913806438446e-02
4.494134336709976196e-03
4.971471615135669708e-03
1.102944556623697281e-02
1.428278163075447083e-02
1.042287983000278473e-02
6.143358070403337479e-03
4.477647598832845688e-03
9.052048437297344208e-03
9.768716990947723389e-03
5.257355514913797379e-03
1.015881355851888657e-02
4.859840963035821915e-03
4.644162952899932861e-03
7.284275256097316742e-03
8.512875996530056000e-03
3.534420393407344818e-03
1.363827008754014969e-02
1.176462043076753616e-02
2.043052390217781067e-02
1.030287146568298340e-02
4.377539269626140594e-03
3.033214481547474861e-03
1.340060029178857803e-02
7.717517670243978500e-03
3.407458541914820671e-03
1.629040203988552094e-02
1.260739285498857498e-02
1.515862997621297836e-02
1.595933735370635986e-02
2.429458778351545334e-03
4.437288735061883926e-03
2.863407135009765625e-03
9.072614833712577820e-03
1.179549493826925755e-03
5.791381932795047760e-03
7.725530304014682770e-03
1.071181986480951309e-02
1.318989694118499756e-02
2.374777756631374359e-02
1.522422302514314651e-02
9.949111379683017731e-03
5.225907079875469208e-03
7.729426026344299316e-03
2.377400547266006470e-02
2.182497270405292511e-02
4.954913631081581116e-03
1.038821972906589508e-02
4.026768263429403305e-03
1.223826315253973007e-02
9.389880113303661346e-03
3.529919777065515518e-03
1.241857279092073441e-02
7.278751127159921452e-06
8.710303343832492828e-03
7.716615684330463409e-03
2.791172266006469727e-02
2.586716786026954651e-03
7.232695817947387695e-03
1.325609907507896423e-02
8.028212003409862518e-03
5.696707870811223984e-03
4.774097818881273270e-03
4.497591406106948853e-03
2.894460689276456833e-03
1.282720640301704407e-02
3.521013259887695312e-02
1.747362688183784485e-02
3.424230962991714478e-03
6.899196188896894455e-03
1.659010723233222961e-02
1.147625883213265752e-10
5.621076095849275589e-03
7.558104582130908966e-03
3.680924698710441589e-02
7.768298499286174774e-03
8.933358825743198395e-03
8.893958292901515961e-03
9.522765874862670898e-03
4.932822193950414658e-03
4.373220726847648621e-03
7.456713821738958359e-03
1.248698029667139053e-02
1.171697583049535751e-02
2.238810993731021881e-03
9.915837086737155914e-03
1.103420834988355637e-02
1.878215000033378601e-03
1.007715333253145218e-02
1.128473877906799316e-02
1.123352628201246262e-02
9.623642079532146454e-03
1.521222200244665146e-02
3.124761395156383514e-03
1.198451034724712372e-02
5.199315026402473450e-03
2.932730829343199730e-03
9.876902215182781219e-03
9.220440872013568878e-03
3.983702044934034348e-03
1.121088978834450245e-03
3.034293418750166893e-03
1.938044466078281403e-02
1.121214218437671661e-02
1.522335130721330643e-02
2.999108098447322845e-02
5.993427243083715439e-03
6.213715765625238419e-03
8.809380233287811279e-03
2.400213479995727539e-02
9.582284837961196899e-03
5.637222435325384140e-03
7.642367854714393616e-03
6.784906610846519470e-03
3.418811131268739700e-03
7.590424735099077225e-03
4.946648608893156052e-03
7.371619809418916702e-03
7.765638642013072968e-03
3.205422312021255493e-03
2.568882191553711891e-03
5.304943770170211792e-03
1.159904152154922485e-02
3.826581872999668121e-03
6.896030157804489136e-03
2.545727649703621864e-03
2.986265905201435089e-02
9.159985929727554321e-03
1.179749052971601486e-02
1.633978332392871380e-03
6.820242851972579956e-03
6.230473052710294724e-03
2.008912339806556702e-02
1.013139542192220688e-02
9.850565344095230103e-03
6.188862025737762451e-03
1.039571221917867661e-02
8.069709874689579010e-03
3.216266632080078125e-03
4.159702919423580170e-03
1.643308787606656551e-03
6.025504320859909058e-03
1.878151111304759979e-02
5.017797462642192841e-03
6.509635131806135178e-03
1.418997347354888916e-02
1.037369947880506516e-02
2.224788302555680275e-03
2.615848369896411896e-02
6.125854328274726868e-03
5.739939864724874496e-03
2.424869686365127563e-03
2.768013393506407738e-03
7.461578119546175003e-03
4.129463341087102890e-03
5.080047063529491425e-03
3.465362824499607086e-03
1.413793861865997314e-02
6.833686493337154388e-03
7.525076158344745636e-03
1.006239652633666992e-02
1.511470880359411240e-02
2.675802912563085556e-03
9.259797516278922558e-04
1.219081506133079529e-02
5.677580833435058594e-03
2.602047985419631004e-03
1.984724774956703186e-02
3.787003224715590477e-03
2.670377027243375778e-03
8.410974405705928802e-03
3.227320034056901932e-03
1.237723790109157562e-02
9.116514585912227631e-03
7.012514863163232803e-03
7.317139767110347748e-03
1.053113117814064026e-02
1.338411681354045868e-02
2.849113661795854568e-03
1.143687404692173004e-02
7.782508619129657745e-03
2.955237403512001038e-03
1.476806402206420898e-02
6.075325887650251389e-03
5.054985638707876205e-03
1.521244924515485764e-02
8.073643781244754791e-03
3.629551269114017487e-03
2.378553472226485610e-05
1.609115302562713623e-02
5.857222247868776321e-03
5.971150938421487808e-03
5.793526768684387207e-03
1.584103889763355255e-02
5.174153484404087067e-03
4.505799151957035065e-03
6.721641402691602707e-03
1.195897813886404037e-02
4.220042910674237646e-07
9.376495145261287689e-03
1.543893478810787201e-02
2.267369814217090607e-02
7.075974252074956894e-03
7.159885950386524200e-03
2.360963262617588043e-02
1.129291579127311707e-02
1.933660730719566345e-02
7.503488566726446152e-03
1.122660841792821884e-02
8.561829105019569397e-03
3.616235218942165375e-03
7.140933070331811905e-03
9.442626498639583588e-03
6.616554223001003265e-03
4.055713769048452377e-03
7.357608526945114136e-03
3.152317600324749947e-03
1.874651014804840088e-02
4.883765242993831635e-03
7.411418482661247253e-03
9.475424885749816895e-03
1.164941489696502686e-02
2.348763402551412582e-03
9.329830296337604523e-03
6.162101868540048599e-03
2.781591843813657761e-03
1.616019383072853088e-02
8.905263617634773254e-03
1.199569460004568100e-02
3.612893400713801384e-03
7.678139023482799530e-03
5.383010022342205048e-03
1.155724283307790756e-02
1.350382249802350998e-02
1.257902104407548904e-02
2.171924337744712830e-02
3.985763713717460632e-02
2.662802347913384438e-03
4.281654022634029388e-03
5.092981737107038498e-03
8.130217902362346649e-03
7.952177897095680237e-03
1.021311618387699127e-02
5.518466234207153320e-03
7.453641388565301895e-03
3.503793095660512336e-07
7.183816283941268921e-03
1.139793451875448227e-02
1.551454141736030579e-02
6.887169089168310165e-03
2.923553111031651497e-03
2.172553911805152893e-02
9.850643575191497803e-03
4.694557283073663712e-03
7.377926260232925415e-03
5.605763290077447891e-03
4.400078207254409790e-03
3.247213549911975861e-03
7.176924962550401688e-03
9.519633022136986256e-04
1.825488731265068054e-02
7.097263354808092117e-03
4.239012952893972397e-03
4.522039555013179779e-03
4.719363525509834290e-03
1.598719507455825806e-02
2.055325917899608612e-02
8.192912675440311432e-03
4.073907621204853058e-03
9.569007903337478638e-03
7.174002937972545624e-03
4.194867797195911407e-03
8.311052806675434113e-03
1.490277703851461411e-02
3.741983789950609207e-03
8.045045749374701849e-13
3.675617743283510208e-03
2.776174806058406830e-03
6.995656527578830719e-03
2.858928218483924866e-02
2.064592577517032623e-02
7.252084091305732727e-03
1.765586249530315399e-02
5.234121810644865036e-03
6.728187203407287598e-03
5.555569659918546677e-03
1.984709501266479492e-02
2.201911684096558020e-06
6.383742205798625946e-03
8.535432629287242889e-03
5.926298443228006363e-03
2.106773667037487030e-02
6.442731712013483047e-03
1.996276434510946274e-03
4.778531845659017563e-03
1.086917333304882050e-02
3.225282765924930573e-03
1.088920794427394867e-02
4.847962409257888794e-03
3.011268330737948418e-03
4.890563897788524628e-03
1.684900745749473572e-02
3.518731139795505669e-10
3.677031956613063812e-03
1.890369132161140442e-02
6.715636700391769409e-03
6.801693700253963470e-03
6.815164349973201752e-03
1.041166111826896667e-02
5.204751156270503998e-03
5.040667485445737839e-03
1.390735153108835220e-02
1.124505326151847839e-02
1.116775441914796829e-02
7.285999345185700804e-06
6.954294629395008087e-03
4.251118283718824387e-03
7.509270217269659042e-03
1.430657110176980495e-03
1.317349728196859360e-02
6.566130556166172028e-03
8.070271534377226885e-11
5.209313239902257919e-03
2.402026765048503876e-02
1.541519537568092346e-02
5.158912856131792068e-03
1.740108057856559753e-02
2.611083351075649261e-02
2.497731335461139679e-02
1.130922604352235794e-02
1.771602775590963574e-08
2.940972801297903061e-03
1.672068797051906586e-02
1.573973521590232849e-02
1.757810637354850769e-02
8.164510130882263184e-03
8.342935703694820404e-03
2.691856026649475098e-02
5.835490766912698746e-03
8.796540088951587677e-03
4.644439555704593658e-03
1.888359081931412220e-03
3.397465916350483894e-03
4.066159948706626892e-03
3.200688865035772324e-03
4.404117818921804428e-03
8.300793357193470001e-03
1.634778827428817749e-02
4.164869897067546844e-03
3.825951833277940750e-03
1.831288263201713562e-02
9.107368066906929016e-03
6.435681600123643875e-03
1.310377102345228195e-02
4.977229982614517212e-03
3.535826457664370537e-03
4.241537768393754959e-03
1.729299314320087433e-02
7.127500604838132858e-03
3.439640393480658531e-03
1.324930507689714432e-02
2.641089260578155518e-03
6.452728528529405594e-03
1.692559460642062419e-11
6.997702683975148830e-08
6.190335843712091446e-03
1.687393710017204285e-02
2.809265162795782089e-03
1.096705719828605652e-02
8.312071673572063446e-03
8.887161500751972198e-03
6.499350070953369141e-03
6.174072098019678378e-08
1.099604647606611252e-03
3.956375177949666977e-03
4.917581100016832352e-03
1.145430840551853180e-02
6.791919004172086716e-03
1.069908961653709412e-02
5.001981277018785477e-03
1.280733267776668072e-03
4.199353512376546860e-03
1.863293908536434174e-02
3.871539607644081116e-03
3.882409393973773604e-10
2.862333320081233978e-03
1.915998291224241257e-03
4.571345169097185135e-03
8.818954229354858398e-03
5.047449391781810846e-08
4.476855974644422531e-03
3.254023613408207893e-03
1.072839368134737015e-02
6.032383069396018982e-03
3.203397616744041443e-03
3.651672741398215294e-03
3.725542686879634857e-03
2.827857062220573425e-02
4.894396290183067322e-03
7.188678719103336334e-03
4.218477755784988403e-03
1.994892954826354980e-02
2.038284577429294586e-02
1.300143636763095856e-02
1.052702218294143677e-02
9.109518490731716156e-03
8.586253039538860321e-03
8.173041045665740967e-03
5.066335666924715042e-03
9.225340560078620911e-03
1.116978563368320465e-02
1.220169756561517715e-02
2.434622729197144508e-03
3.990581724792718887e-03
1.032373309135437012e-02
2.818239387124776840e-03
3.174126148223876953e-02
5.904560694547367206e-12
4.733640234917402267e-03
1.511679869145154953e-02
6.218365859240293503e-03
1.709280908107757568e-02
2.946604043245315552e-03
6.245267111808061600e-03
7.126553449779748917e-03
9.781774133443832397e-03
7.289526518434286118e-03
4.444532562047243118e-03
1.918475702404975891e-02
4.702582489699125290e-03
4.885608330368995667e-03
1.315805967897176743e-02
6.958912126719951630e-03
2.124267321562071237e-14
2.498171990737318993e-03
3.171353600919246674e-03
2.459946461021900177e-02
1.667160424403846264e-03
1.448612008243799210e-02
6.340653635561466217e-03
5.999826826155185699e-03
4.751675762236118317e-03
4.322868771851062775e-03
8.331996388733386993e-03
1.168337743729352951e-02
1.070173550397157669e-02
1.006144285202026367e-02
2.095037139952182770e-03
1.599759235978126526e-02
2.923149149864912033e-03
1.846771340296982089e-07
5.780688952654600143e-03
2.169185131788253784e-02
8.087319321930408478e-03
8.637283928692340851e-03
1.249917130917310715e-02
5.688738543540239334e-03
6.932764314115047455e-03
1.025305595248937607e-03
1.373539585620164871e-02
4.747514147311449051e-03
1.581885386258363724e-03
1.048393268138170242e-02
1.641812850721180439e-03
3.001183271408081055e-03
1.501252315938472748e-02
5.333621054887771606e-03
1.883217692375183105e-02
4.249515943229198456e-03
5.635710898786783218e-03
6.363018415868282318e-03
1.768231950700283051e-02
