-1.269801557064056396e-01
-1.092659160494804382e-01
-7.235705852508544922e-02
-1.474374681711196899e-01
-1.614675223827362061e-01
-2.552880346775054932e-02
-1.077942103147506714e-01
-1.202995851635932922e-01
-1.714354902505874634e-01
-6.870555132627487183e-02
-2.019093930721282959e-01
-1.363088339567184448e-01
-1.361120492219924927e-01
-1.479033529758453369e-01
-1.245453134179115295e-01
-1.354599446058273315e-01
-5.644799768924713135e-02
-1.521723419427871704e-01
-9.209422022104263306e-02
-1.775089353322982788e-01
-1.214027404785156250e-01
-1.483940780162811279e-01
-8.192424476146697998e-02
-1.173866614699363708e-01
-1.434404402971267700e-01
-1.287778317928314209e-01
-1.327280551195144653e-01
-1.067038178443908691e-01
9.060451388359069824e-02
-1.103937849402427673e-01
-1.524003893136978149e-01
-1.215524375438690186e-01
-2.097156941890716553e-01
-6.534010171890258789e-02
-1.615325510501861572e-01
-2.966531924903392792e-02
-1.303827613592147827e-01
-8.821539580821990967e-02
-1.176029592752456665e-01
-9.885650873184204102e-02
5.047319829463958740e-02
-1.435681283473968506e-01
-1.349795609712600708e-01
-7.742613554000854492e-02
-9.999734163284301758e-02
-1.587001532316207886e-01
-1.616001427173614502e-01
-1.677899658679962158e-01
-1.011890992522239685e-01
-6.941550970077514648e-02
-6.775505095720291138e-02
-2.255670726299285889e-01
-1.367534399032592773e-01
-5.298773571848869324e-02
-2.194576412439346313e-01
-1.572198122739791870e-01
-1.242348328232765198e-01
-1.302041560411453247e-01
-1.118033975362777710e-01
-1.104578897356987000e-01
-1.068958342075347900e-01
-8.985178172588348389e-02
-1.177596077322959900e-01
-1.453924328088760376e-01
-1.916948705911636353e-01
-1.499386876821517944e-01
-1.356961131095886230e-01
-2.119691669940948486e-02
-1.930100470781326294e-01
-1.667539924383163452e-01
-7.076605409383773804e-02
-1.821866333484649658e-01
-1.989950984716415405e-01
-1.021906659007072449e-01
-1.129271760582923889e-01
-9.258864820003509521e-02
-1.389383822679519653e-01
-7.593742758035659790e-02
-1.552242338657379150e-01
8.552871644496917725e-02
-1.423408091068267822e-01
-2.011433541774749756e-01
-1.185620799660682678e-01
-7.311163842678070068e-02
-1.668529510498046875e-01
-1.537782549858093262e-01
-1.470043808221817017e-01
-1.402171701192855835e-01
-1.318327635526657104e-01
-1.145454272627830505e-01
-1.726211309432983398e-01
-1.696581691503524780e-01
-1.653477549552917480e-01
-1.905911564826965332e-01
-2.122201770544052124e-01
-1.470709294080734253e-01
-1.392982602119445801e-01
-1.483214795589447021e-01
-7.299991697072982788e-02
-8.733882009983062744e-02
-8.572918921709060669e-02
-1.749913096427917480e-01
-1.409708261489868164e-01
-2.494844421744346619e-02
-1.648353040218353271e-01
-1.170160621404647827e-01
-1.406082957983016968e-01
-1.207581609487533569e-01
-1.759679168462753296e-01
-7.600811123847961426e-02
-6.750506162643432617e-02
-1.420489251613616943e-01
-1.126177385449409485e-01
-9.581153839826583862e-02
-4.679702594876289368e-02
-7.118217647075653076e-02
-1.572821140289306641e-01
-1.241937503218650818e-01
-1.463239341974258423e-01
-1.523695439100265503e-01
-1.182962208986282349e-01
-1.701601147651672363e-01
-6.997890770435333252e-02
-1.415542513132095337e-01
-1.207344383001327515e-01
-1.828441917896270752e-01
-1.418138295412063599e-01
-2.283727824687957764e-01
-1.137916594743728638e-01
-1.772842556238174438e-01
-1.081617847084999084e-01
-5.625243484973907471e-02
-7.329428941011428833e-02
-1.796014010906219482e-01
-8.900757879018783569e-02
-4.910666495561599731e-02
-1.036038398742675781e-01
-6.398094445466995239e-02
-1.485660970211029053e-01
-5.119115114212036133e-03
-1.689360737800598145e-01
-1.524897217750549316e-01
-9.674008190631866455e-02
-7.580804824829101562e-02
-6.341642886400222778e-02
-1.796597838401794434e-01
3.913026675581932068e-02
-1.897560954093933105e-01
-1.370720714330673218e-01
-1.734402924776077271e-01
-9.848828613758087158e-02
-1.570085063576698303e-02
-5.801036953926086426e-02
-7.757818698883056641e-02
-1.429468393325805664e-01
-1.747415810823440552e-01
-1.626143604516983032e-01
-1.180747523903846741e-01
-1.103027611970901489e-01
-1.765844225883483887e-01
-1.193709075450897217e-01
-9.210509061813354492e-02
-3.451832383871078491e-02
-1.088610291481018066e-01
-1.328792423009872437e-01
-2.053132504224777222e-01
-4.414329305291175842e-02
-1.517404913902282715e-01
-1.678626090288162231e-01
-9.428089112043380737e-02
-9.933827817440032959e-02
-3.258785232901573181e-02
-7.821387052536010742e-02
-1.087076887488365173e-01
-1.264085918664932251e-01
-5.939578264951705933e-02
-1.470869928598403931e-01
-2.555007301270961761e-02
-1.492992639541625977e-01
-1.152721121907234192e-01
-1.132302135229110718e-01
-7.375333458185195923e-02
-7.666030526161193848e-02
-7.781844586133956909e-02
-1.421131193637847900e-01
-9.255162626504898071e-02
-1.564556658267974854e-01
-1.701930761337280273e-01
-1.401811093091964722e-01
-1.580093204975128174e-01
-9.816589206457138062e-02
-1.588148176670074463e-01
-1.512520462274551392e-01
-1.258018016815185547e-01
-1.150630265474319458e-01
-2.176999449729919434e-01
-8.632584661245346069e-02
-8.315815776586532593e-02
-1.719931066036224365e-01
-5.778047814965248108e-02
-1.327583193778991699e-01
-6.679758429527282715e-02
-2.070095241069793701e-01
-1.326509416103363037e-01
-1.685584634542465210e-01
-1.245860233902931213e-01
-1.734280288219451904e-01
-1.166791617870330811e-01
-8.481425046920776367e-02
-1.023065596818923950e-01
-1.100325807929039001e-01
-1.171102225780487061e-01
-1.741316914558410645e-01
-1.481650322675704956e-01
-1.302797645330429077e-01
-1.642887145280838013e-01
-4.587159678339958191e-02
-1.893498003482818604e-01
-1.396316736936569214e-01
-6.470354646444320679e-02
-1.718434244394302368e-01
-9.849824756383895874e-02
-2.080287933349609375e-01
-1.631942689418792725e-01
-1.556066870689392090e-01
-8.406733721494674683e-02
-9.214953333139419556e-02
-1.579788178205490112e-01
-2.452142536640167236e-01
-1.629492193460464478e-01
-1.599370688199996948e-01
-1.027129665017127991e-01
-5.924727767705917358e-02
-1.652338057756423950e-01
-8.552762120962142944e-02
-1.059922501444816589e-01
-1.445487886667251587e-01
-5.974613875150680542e-02
-3.197382986545562744e-01
-1.470889896154403687e-01
-1.718368530273437500e-01
-6.619639694690704346e-02
-3.331689164042472839e-02
-1.416279822587966919e-01
-1.288922131061553955e-01
-1.416762322187423706e-01
-1.418069899082183838e-01
-9.140065312385559082e-02
-1.410431861877441406e-01
-8.993856608867645264e-02
-1.058555245399475098e-01
-1.487420499324798584e-01
1.150235757231712341e-01
-1.461419016122817993e-01
-1.552231013774871826e-01
-1.600354760885238647e-01
-1.681915968656539917e-01
-1.459750980138778687e-01
-1.236543953418731689e-01
-1.376026570796966553e-01
-1.288924366235733032e-01
-3.661458194255828857e-02
-1.097307130694389343e-01
-1.277740299701690674e-01
-1.048372611403465271e-01
-5.896418914198875427e-02
-1.103837937116622925e-01
-1.488928943872451782e-01
-1.845659166574478149e-01
-1.524295210838317871e-01
-9.060356765985488892e-02
-1.270465105772018433e-01
-1.107550188899040222e-01
-1.202816888689994812e-01
-1.575921028852462769e-01
-1.721375882625579834e-01
-6.605044007301330566e-02
-1.170644983649253845e-01
-8.483233302831649780e-02
-4.442357271909713745e-02
-1.496845781803131104e-01
-1.645147502422332764e-01
-1.889237463474273682e-01
-1.567053236067295074e-02
-1.383073180913925171e-01
-1.269006878137588501e-01
-1.272363513708114624e-01
-5.166893079876899719e-02
-5.507076531648635864e-02
-9.149061888456344604e-02
-1.305608153343200684e-01
-1.438238918781280518e-01
-1.272528469562530518e-01
-9.324016422033309937e-02
-1.233102232217788696e-01
-1.355188935995101929e-01
-1.479660868644714355e-01
-1.194859147071838379e-01
2.328286878764629364e-02
-1.816845834255218506e-01
-1.629034876823425293e-01
-1.484311968088150024e-01
-1.246326044201850891e-01
-1.549174338579177856e-01
-1.048271879553794861e-01
-1.872784793376922607e-01
-1.755017340183258057e-01
-9.632350504398345947e-02
-1.107364818453788757e-01
-1.497955769300460815e-01
-6.325118988752365112e-02
-1.274549663066864014e-01
-7.357458025217056274e-02
-1.554028391838073730e-01
-1.128994971513748169e-01
-1.994748711585998535e-01
-1.580077558755874634e-01
-1.593745499849319458e-01
-1.223474293947219849e-01
-1.807025223970413208e-01
-1.656150370836257935e-01
-1.845508664846420288e-01
-1.345761418342590332e-01
-1.606774032115936279e-01
-1.344913691282272339e-01
-1.140269711613655090e-01
-1.221694126725196838e-01
-5.820978432893753052e-02
-5.747349187731742859e-02
-1.730710417032241821e-01
-1.556154042482376099e-01
-1.090143918991088867e-01
-1.701845228672027588e-01
-1.770407557487487793e-01
-1.547053605318069458e-01
-1.324747502803802490e-01
-1.632799208164215088e-01
-6.019690632820129395e-02
-8.542405813932418823e-02
-2.300525009632110596e-01
-2.028161734342575073e-01
-1.683786064386367798e-01
-1.435707807540893555e-01
-1.264227330684661865e-01
-8.290647715330123901e-02
-1.749172210693359375e-01
-1.687911003828048706e-01
-9.689427167177200317e-02
-1.089638248085975647e-01
-1.038716360926628113e-01
-1.182565465569496155e-01
-1.212380304932594299e-01
-1.732941716909408569e-01
-1.276037544012069702e-01
-1.702164709568023682e-01
-6.451591104269027710e-02
-1.143189221620559692e-01
-1.957101076841354370e-01
-9.556964039802551270e-02
-1.968204081058502197e-01
-1.542081683874130249e-01
-8.262506872415542603e-02
-1.522797793149948120e-01
-1.390369981527328491e-01
-1.293515861034393311e-01
-1.753509640693664551e-01
-6.540990620851516724e-02
-1.359025090932846069e-01
-9.549888223409652710e-02
-1.524545997381210327e-01
-1.613987535238265991e-01
-1.143733561038970947e-01
-1.182023212313652039e-01
-1.552241444587707520e-01
-1.544924825429916382e-01
-1.213436946272850037e-01
-1.353310048580169678e-01
-1.265126168727874756e-01
-9.736134111881256104e-02
-1.509310603141784668e-01
-7.561836391687393188e-02
-1.796760708093643188e-01
-1.374688744544982910e-01
-1.033692657947540283e-01
-1.175777837634086609e-01
-1.566412150859832764e-01
-3.341228514909744263e-02
-2.623761259019374847e-02
-1.513478457927703857e-01
-2.116730511188507080e-01
-1.166105791926383972e-01
-1.408866345882415771e-01
-8.640615642070770264e-02
-1.996412426233291626e-01
-7.823187112808227539e-02
-7.426496595144271851e-02
-1.585781574249267578e-01
-1.561032533645629883e-01
-8.598268777132034302e-02
-6.882698088884353638e-02
-1.397891938686370850e-01
2.322878874838352203e-02
-1.254319101572036743e-01
-1.004574149847030640e-01
-1.245392337441444397e-01
-1.279224455356597900e-01
-2.274737358093261719e-01
-1.261433959007263184e-01
-1.209626495838165283e-01
-1.299881935119628906e-01
-6.047480925917625427e-02
-7.496913522481918335e-02
-1.310522258281707764e-01
-1.176414191722869873e-01
-1.692835092544555664e-01
-1.545663625001907349e-01
-2.275141626596450806e-01
-7.512523233890533447e-02
-1.653943508863449097e-01
-1.150900945067405701e-01
-1.623001545667648315e-01
-6.545569747686386108e-02
-9.095001220703125000e-02
-9.573931992053985596e-02
-1.315942406654357910e-01
-8.141341060400009155e-02
-1.528180241584777832e-01
-1.824859231710433960e-01
-1.704411059617996216e-01
-9.548291563987731934e-02
1.848892867565155029e-02
-5.520557239651679993e-02
-1.287350207567214966e-01
-4.866939410567283630e-02
-2.255826592445373535e-01
-8.892554044723510742e-02
-1.843366324901580811e-01
-1.446643471717834473e-01
-1.025855839252471924e-01
-2.055275738239288330e-01
-2.608928829431533813e-02
-1.398303508758544922e-01
-9.301964938640594482e-02
-1.772061884403228760e-01
-1.732525527477264404e-01
-2.061057537794113159e-01
-1.636982560157775879e-01
-1.221107915043830872e-01
-9.059283137321472168e-02
-1.390664577484130859e-01
-1.621249914169311523e-01
-1.451527327299118042e-01
-9.326499700546264648e-02
-4.510191455483436584e-02
-7.588223367929458618e-02
-1.455764025449752808e-01
-1.350232362747192383e-01
8.043064735829830170e-03
-1.592234522104263306e-01
-1.537050157785415649e-01
-1.664251387119293213e-01
-1.202873364090919495e-01
-1.491347998380661011e-01
-1.220167875289916992e-01
-1.479628086090087891e-01
-1.087113097310066223e-01
-1.044067889451980591e-01
-4.407098144292831421e-02
-1.062960922718048096e-01
1.173328459262847900e-01
-1.216343790292739868e-01
-1.919860392808914185e-01
-1.040892750024795532e-01
-1.778473407030105591e-01
-2.003996223211288452e-01
-1.242297142744064331e-01
-6.664840131998062134e-02
-1.840666830539703369e-01
-1.281149536371231079e-01
-6.804069131612777710e-02
-1.676177829504013062e-01
-1.586399823427200317e-01
-1.286902427673339844e-01
-1.400047987699508667e-01
-1.780205965042114258e-01
-1.871311664581298828e-01
-8.588496595621109009e-02
-7.803469151258468628e-02
-3.599234670400619507e-02
-1.559182405471801758e-01
-1.082032993435859680e-01
-1.887728273868560791e-01
-4.338887333869934082e-02
-9.545273333787918091e-02
-1.703605055809020996e-01
-1.289027035236358643e-01
-1.070938184857368469e-01
-1.394435018301010132e-01
-6.730433553457260132e-02
-1.827663928270339966e-01
-1.892024651169776917e-02
-8.923549205064773560e-02
-1.085131093859672546e-01
-1.112961769104003906e-01
-1.324685961008071899e-01
-1.506313383579254150e-01
-1.035847812891006470e-01
-1.144231334328651428e-01
-2.774317562580108643e-01
-1.426576226949691772e-01
-2.033732533454895020e-01
-1.700878590345382690e-01
