-6.560412049293518066e-02
6.226180121302604675e-02
-1.094706431031227112e-01
-5.434009060263633728e-02
-1.287723630666732788e-01
7.475106418132781982e-02
-8.724215440452098846e-03
-2.070044726133346558e-01
-1.142251491546630859e-01
-8.990925550460815430e-02
-9.358525276184082031e-02
-6.280557066202163696e-02
-1.291610002517700195e-01
5.900135263800621033e-02
-6.554913520812988281e-02
-5.707737058401107788e-02
5.497811734676361084e-02
-5.264471471309661865e-02
-6.296145915985107422e-02
7.975872606039047241e-03
-4.500440845731645823e-04
-8.846909552812576294e-02
-3.068810328841209412e-02
-1.267189830541610718e-01
-5.201101303100585938e-02
-9.587810188531875610e-02
-9.523409605026245117e-02
6.784769147634506226e-02
-9.591286629438400269e-02
-7.399342954158782959e-02
-2.783380262553691864e-02
-1.276127547025680542e-01
-3.072558715939521790e-02
-1.095605641603469849e-01
-9.397435188293457031e-02
3.954362589865922928e-03
-1.627980236662551761e-04
-4.283533617854118347e-02
9.626759588718414307e-02
1.271454500965774059e-03
-7.500024884939193726e-02
-3.898194059729576111e-02
-5.858061835169792175e-03
-1.174564436078071594e-01
-4.468055814504623413e-02
-4.691460356116294861e-02
-1.235377192497253418e-01
-8.325712382793426514e-02
-2.621926553547382355e-02
1.076845172792673111e-02
-1.414484679698944092e-01
2.937073819339275360e-02
3.622066602110862732e-02
-7.551880180835723877e-02
-1.036616861820220947e-01
9.691885672509670258e-03
3.700798749923706055e-02
6.684997677803039551e-02
-1.070098672062158585e-02
-4.858222976326942444e-02
-1.051392778754234314e-01
-5.084091052412986755e-02
-4.551139473915100098e-02
-1.552528589963912964e-01
-1.282686460763216019e-02
-3.905689343810081482e-02
-3.744778409600257874e-02
-1.782129332423210144e-02
1.270151045173406601e-02
-4.221193119883537292e-02
-4.034820571541786194e-02
-2.073633670806884766e-02
-4.564756900072097778e-02
-3.699927031993865967e-02
9.622329962439835072e-04
-1.166229024529457092e-01
-3.404993936419487000e-02
-1.577409654855728149e-01
-1.074575930833816528e-01
-9.149373322725296021e-02
-2.405694313347339630e-02
-2.790430001914501190e-02
-6.314283609390258789e-02
-2.764029987156391144e-02
-5.665269494056701660e-02
-3.673807159066200256e-02
-4.734672605991363525e-02
-8.485157042741775513e-02
-9.203819185495376587e-02
-5.689344182610511780e-02
-4.595293104648590088e-02
-4.653033241629600525e-02
-2.303055487573146820e-02
-1.319569945335388184e-01
-1.336723864078521729e-01
-4.593506455421447754e-02
-3.679830580949783325e-02
-8.579358458518981934e-02
-2.556390315294265747e-02
2.437989786267280579e-02
-1.281296759843826294e-01
-4.369140043854713440e-02
-6.979346275329589844e-02
3.943317860830575228e-04
-2.141740322113037109e-01
1.387572963722050190e-03
-4.593397304415702820e-02
-1.857713237404823303e-02
-3.249111818149685860e-03
-1.187116466462612152e-02
-2.580674737691879272e-02
-2.813905291259288788e-02
1.270440407097339630e-02
-8.551555126905441284e-02
-9.933836758136749268e-02
-2.807095833122730255e-02
-5.037125945091247559e-02
-1.574723795056343079e-02
-1.821986399590969086e-02
-7.457045465707778931e-02
-5.401383340358734131e-02
-9.154255688190460205e-02
-8.776961266994476318e-02
-5.517835170030593872e-02
-4.006727039813995361e-02
-2.472806423902511597e-01
-7.501639891415834427e-03
6.393948569893836975e-04
-1.237414851784706116e-01
5.333271343261003494e-03
-3.890346037223935127e-03
-3.450139239430427551e-02
-4.928515851497650146e-02
-1.540567632764577866e-02
1.693715155124664307e-02
-4.340177401900291443e-02
-3.867418970912694931e-03
-1.301490664482116699e-01
-9.352497756481170654e-02
-8.359928429126739502e-02
-6.592498719692230225e-02
9.796243160963058472e-03
-1.001679375767707825e-01
-7.461567223072052002e-02
6.873025745153427124e-02
-1.071536391973495483e-01
-7.381472736597061157e-02
-4.201223701238632202e-02
-5.926880612969398499e-02
-8.006598800420761108e-02
-1.525200810283422470e-02
-1.202667281031608582e-01
-5.173781141638755798e-02
-4.632956162095069885e-02
-1.568114459514617920e-01
-7.055788766592741013e-03
-1.911031007766723633e-01
-1.591821759939193726e-02
-1.124641895294189453e-01
-6.063350290060043335e-02
-2.003734745085239410e-02
-4.753426834940910339e-02
-1.590126659721136093e-03
-1.033355593681335449e-01
-1.755602471530437469e-02
-3.399535641074180603e-02
-2.986777015030384064e-02
-6.661320105195045471e-03
-5.895707756280899048e-02
-3.327504917979240417e-02
-1.070422902703285217e-01
1.070196460932493210e-02
8.747017942368984222e-03
5.800795275717973709e-03
1.708397269248962402e-02
-6.991156935691833496e-02
-1.342857480049133301e-01
-1.121428143233060837e-02
-9.219987690448760986e-02
-5.804168805480003357e-02
-1.174274608492851257e-01
-5.379211157560348511e-02
-2.703610621392726898e-02
-1.040915250778198242e-01
-8.161927759647369385e-02
-1.073520258069038391e-01
-1.203001514077186584e-01
-5.180500447750091553e-02
-1.062278747558593750e-01
1.656639277935028076e-01
-2.579816058278083801e-02
-7.236270606517791748e-02
-1.844426989555358887e-01
-1.733044534921646118e-01
-9.277828037738800049e-02
-2.306690998375415802e-02
-7.770591229200363159e-02
-3.770509362220764160e-02
-8.792790770530700684e-02
-1.995512843132019043e-02
2.911362610757350922e-02
-1.081803962588310242e-01
-7.104038447141647339e-02
-1.176050081849098206e-01
-1.807931363582611084e-01
-3.431131318211555481e-02
-6.758725643157958984e-02
-2.963480167090892792e-02
8.513165637850761414e-03
2.651601657271385193e-02
-1.405134238302707672e-02
-2.712938375771045685e-02
-2.976229600608348846e-02
-1.274416595697402954e-01
3.417702019214630127e-02
-8.069319278001785278e-02
-6.095545366406440735e-02
-5.025596823543310165e-03
-1.240277439355850220e-01
-3.606528043746948242e-02
-9.759176522493362427e-02
-3.355830535292625427e-02
-8.891242742538452148e-02
-4.067100584506988525e-02
-1.471038814634084702e-02
-6.811451911926269531e-02
-4.286852851510047913e-02
-1.203961968421936035e-01
-3.115626610815525055e-02
-2.092977426946163177e-02
-6.661070883274078369e-02
-1.508646607398986816e-01
-1.203293576836585999e-01
-1.131650619208812714e-02
-1.406444609165191650e-01
1.047369651496410370e-02
-5.923181399703025818e-02
-9.204499074257910252e-04
-4.082229919731616974e-03
-5.721507221460342407e-02
-9.981069713830947876e-02
-2.546579837799072266e-01
-2.382037974894046783e-02
-7.737821340560913086e-02
-3.898543119430541992e-02
-8.576195687055587769e-02
-5.637040361762046814e-02
-4.778786096721887589e-03
-5.801674723625183105e-02
-5.737812444567680359e-02
-7.926521450281143188e-02
-1.391357928514480591e-01
-6.984364986419677734e-02
-4.726422578096389771e-02
-2.043491974472999573e-02
-1.035790592432022095e-01
-3.574586007744073868e-03
-5.547059327363967896e-02
1.713991910219192505e-02
-1.005710568279027939e-03
-8.658874779939651489e-02
-6.202344666235148907e-04
-2.811797335743904114e-02
-3.584161028265953064e-02
-7.669624686241149902e-02
-7.300649886019527912e-04
1.298135798424482346e-02
-1.122646182775497437e-01
-1.856920868158340454e-02
-8.805404603481292725e-02
6.569854915142059326e-02
-6.441516429185867310e-02
-6.565593183040618896e-02
-7.242645323276519775e-02
-4.835806787014007568e-02
-2.815300971269607544e-02
-5.977483838796615601e-02
-3.278116509318351746e-02
-3.594085946679115295e-02
-4.595990851521492004e-02
-5.722307041287422180e-02
-8.105949312448501587e-02
8.874051272869110107e-03
-5.679211020469665527e-02
-8.127664029598236084e-02
-8.517301082611083984e-02
-2.944810688495635986e-02
-5.685917660593986511e-02
-4.949067253619432449e-03
-6.441884487867355347e-02
4.742772877216339111e-02
-9.510210156440734863e-02
-7.728316634893417358e-02
-7.313764095306396484e-02
-5.286641791462898254e-02
-8.437925949692726135e-03
-3.356626955792307854e-03
-1.179842650890350342e-01
-1.336079835891723633e-01
4.903943836688995361e-02
-1.214359775185585022e-01
-5.633756518363952637e-02
-1.836887560784816742e-02
-5.994366481900215149e-02
-6.249731406569480896e-02
-1.709069125354290009e-02
-1.545855216681957245e-02
-8.495344221591949463e-02
4.778438434004783630e-02
-1.303223818540573120e-01
-1.026649698615074158e-01
-2.866539172828197479e-02
-1.191915646195411682e-01
-1.356348097324371338e-01
-1.504648327827453613e-01
-8.378312736749649048e-02
5.705750663764774799e-04
-2.331824898719787598e-01
-1.373366266489028931e-01
-2.740811556577682495e-02
-7.032770081423223019e-04
-7.950968295335769653e-02
1.128176301717758179e-01
-5.323612689971923828e-02
-3.221051534637808800e-03
-2.690870165824890137e-01
-1.172504052519798279e-01
-2.915832400321960449e-02
-5.912642553448677063e-02
-1.104564815759658813e-01
-4.371518269181251526e-03
-1.892649754881858826e-02
-1.673111170530319214e-01
-1.041256040334701538e-01
-8.461360633373260498e-02
-4.924789071083068848e-02
-3.899629041552543640e-02
-7.091871649026870728e-02
1.354597136378288269e-02
3.229341527912765741e-04
-1.606381833553314209e-01
2.747579291462898254e-02
-1.236766129732131958e-01
-9.383536875247955322e-02
-1.119433641433715820e-01
-3.698059543967247009e-02
-1.265755593776702881e-01
-5.868162587285041809e-02
4.073433578014373779e-02
-7.000458240509033203e-02
-5.171221494674682617e-02
3.506719321012496948e-02
-5.046734586358070374e-02
-9.206462651491165161e-02
-2.229937165975570679e-01
-7.787633687257766724e-02
-9.447526931762695312e-02
-1.069952920079231262e-01
-5.582067742943763733e-02
-3.247948735952377319e-02
-5.402602627873420715e-02
-2.751875109970569611e-02
-8.918397873640060425e-02
-1.112833619117736816e-01
1.139763556420803070e-02
-3.965777531266212463e-02
9.643375873565673828e-02
-2.936873398721218109e-02
-2.941893041133880615e-02
-1.805399544537067413e-02
-6.956818513572216034e-03
-6.927471607923507690e-02
-5.923945456743240356e-02
-1.698422431945800781e-02
-3.174013691022992134e-03
-3.090914525091648102e-02
-7.060799002647399902e-02
-5.042584985494613647e-02
1.096689258702099323e-03
-7.893612980842590332e-02
4.789746832102537155e-03
-6.361286621540784836e-03
-9.594204276800155640e-02
-1.322335898876190186e-01
-1.623962447047233582e-02
-6.797352433204650879e-02
-6.927402317523956299e-02
-1.035954356193542480e-01
4.712327942252159119e-02
-8.880816400051116943e-02
-3.029070235788822174e-02
-4.521825909614562988e-02
-1.000208258628845215e-01
-8.004327118396759033e-02
-3.334384784102439880e-02
-5.362526327371597290e-02
-1.073554605245590210e-01
-4.222263395786285400e-02
-1.899341493844985962e-02
-6.878338009119033813e-02
-1.408454179763793945e-01
-4.707151651382446289e-02
-3.125400096178054810e-02
-7.081440836191177368e-02
-2.161944657564163208e-01
-3.885588422417640686e-02
-8.467644453048706055e-02
1.667756214737892151e-02
-6.666675209999084473e-02
-4.905660822987556458e-02
-1.572543941438198090e-02
-6.467045098543167114e-02
-1.542999893426895142e-01
-5.263495445251464844e-02
-4.739153757691383362e-02
-3.056304156780242920e-02
-2.119700983166694641e-02
-1.083730068057775497e-02
-1.526536494493484497e-01
-9.316091984510421753e-02
-7.714826613664627075e-02
-3.521739318966865540e-02
-6.961785256862640381e-02
-6.888900697231292725e-02
-1.470685750246047974e-01
-7.800570875406265259e-02
-9.576101601123809814e-02
-5.055857822299003601e-02
-8.428008109331130981e-02
-3.942656517028808594e-02
-1.198402792215347290e-01
2.355976402759552002e-02
-3.737498074769973755e-02
-6.048609688878059387e-02
-1.516299843788146973e-01
-4.148281738162040710e-02
-1.013296917080879211e-01
3.754205256700515747e-02
-1.409524586051702499e-02
-6.592907756567001343e-02
2.750894799828529358e-02
-5.843349918723106384e-02
-1.379138976335525513e-01
-2.708296105265617371e-02
1.986963301897048950e-02
5.122423171997070312e-02
-1.530335992574691772e-01
-8.737373352050781250e-02
1.689444482326507568e-02
-8.763135969638824463e-02
-1.972279995679855347e-01
2.232673764228820801e-02
-6.003943458199501038e-02
6.566045805811882019e-03
-8.003922551870346069e-02
-6.346430629491806030e-02
-4.529655352234840393e-02
-8.032961934804916382e-02
-3.164714202284812927e-02
-1.108739972114562988e-01
-6.351286917924880981e-02
-7.759444415569305420e-03
6.327384710311889648e-02
-8.049166947603225708e-02
-2.414065599441528320e-01
-5.947531759738922119e-02
1.323558762669563293e-02
-7.446875423192977905e-02
-9.750777482986450195e-02
-1.933280192315578461e-02
-8.362515270709991455e-02
-1.499796509742736816e-01
-1.592532992362976074e-01
-9.264738112688064575e-02
-1.079566031694412231e-01
-3.476233407855033875e-02
-7.263026386499404907e-02
-2.257411740720272064e-02
-3.011369612067937851e-03
-6.512190401554107666e-02
4.565385729074478149e-02
-6.480287760496139526e-02
-3.738958016037940979e-02
-7.890325039625167847e-02
-3.423947840929031372e-02
-1.049515455961227417e-01
-6.969738006591796875e-02
-3.721664473414421082e-02
-1.122315600514411926e-01
-1.032824143767356873e-01
1.367010362446308136e-02
1.496253907680511475e-01
-5.353602021932601929e-02
-4.572986811399459839e-02
-1.078238561749458313e-01
-6.571605801582336426e-02
-4.614938423037528992e-02
-3.959010913968086243e-02
-1.002061814069747925e-01
3.217917168512940407e-03
-8.859178423881530762e-02
-4.298156127333641052e-02
-1.154179349541664124e-01
-4.263874515891075134e-02
-7.492111623287200928e-02
-1.381552368402481079e-01
-9.417982399463653564e-02
-8.496440947055816650e-03
4.731130227446556091e-02
-1.352412905544042587e-02
-2.021805942058563232e-02
-1.279119700193405151e-01
