1.171548739075660706e-01
1.485993415117263794e-01
1.118447259068489075e-01
1.961479634046554565e-01
1.318321973085403442e-01
1.767557561397552490e-01
2.087678015232086182e-01
1.234535500407218933e-01
1.938563734292984009e-01
1.716769933700561523e-01
1.465438902378082275e-01
1.779171377420425415e-01
1.724252700805664062e-01
1.283964067697525024e-01
2.134173810482025146e-01
1.628503799438476562e-01
1.601570546627044678e-01
1.782350093126296997e-01
1.856658309698104858e-01
1.771905720233917236e-01
2.083625644445419312e-01
1.832196861505508423e-01
1.883230656385421753e-01
2.201055735349655151e-01
1.982538402080535889e-01
1.765867322683334351e-01
1.608897447586059570e-01
1.722794473171234131e-01
1.201015040278434753e-01
1.765506267547607422e-01
1.504259705543518066e-01
1.929916590452194214e-01
1.927897334098815918e-01
1.721809655427932739e-01
1.899231076240539551e-01
1.772208362817764282e-01
1.429017633199691772e-01
1.551171541213989258e-01
1.959135383367538452e-01
1.659072339534759521e-01
1.552052646875381470e-01
1.887894868850708008e-01
1.171222925186157227e-01
1.533580720424652100e-01
1.622595340013504028e-01
1.706037372350692749e-01
1.560114175081253052e-01
1.284619718790054321e-01
1.875117421150207520e-01
1.631686538457870483e-01
2.061289101839065552e-01
1.069281026721000671e-01
1.678726077079772949e-01
1.918324977159500122e-01
1.611432433128356934e-01
1.705316752195358276e-01
1.820380240678787231e-01
1.938857585191726685e-01
1.656212806701660156e-01
2.021383643150329590e-01
2.128012180328369141e-01
2.180225104093551636e-01
2.011012732982635498e-01
1.672900319099426270e-01
1.868573427200317383e-01
1.145962253212928772e-01
1.936093866825103760e-01
1.754501014947891235e-01
1.847090572118759155e-01
1.839794814586639404e-01
1.738416403532028198e-01
1.548654437065124512e-01
1.633329838514328003e-01
2.014721632003784180e-01
1.985294669866561890e-01
1.700750589370727539e-01
1.513094305992126465e-01
1.041284650564193726e-01
2.055232524871826172e-01
1.405488848686218262e-01
1.966176331043243408e-01
1.671012341976165771e-01
1.687095463275909424e-01
1.041920110583305359e-01
1.770112663507461548e-01
1.890606582164764404e-01
2.306379675865173340e-01
1.723295748233795166e-01
2.230017632246017456e-01
1.693482846021652222e-01
1.771881431341171265e-01
1.329816579818725586e-01
1.587628573179244995e-01
1.652053296566009521e-01
1.204845532774925232e-01
1.041443198919296265e-01
9.990822523832321167e-02
1.308883130550384521e-01
1.637401878833770752e-01
1.794146597385406494e-01
1.612205952405929565e-01
1.924301683902740479e-01
1.571287363767623901e-01
1.692327708005905151e-01
1.796318590641021729e-01
2.162398397922515869e-01
1.775711178779602051e-01
2.294491380453109741e-01
1.651991754770278931e-01
1.751101613044738770e-01
1.923623234033584595e-01
1.628635227680206299e-01
1.791451424360275269e-01
2.089173048734664917e-01
1.568887978792190552e-01
2.451593577861785889e-01
1.905630975961685181e-01
1.793809831142425537e-01
1.795535236597061157e-01
1.883049309253692627e-01
1.423885524272918701e-01
1.731027811765670776e-01
1.424335986375808716e-01
1.371970027685165405e-01
1.542470008134841919e-01
1.714926213026046753e-01
1.810643076896667480e-01
1.650842130184173584e-01
1.872650533914566040e-01
1.901781558990478516e-01
1.952163875102996826e-01
2.106240689754486084e-01
1.683299243450164795e-01
1.799693107604980469e-01
1.558794975280761719e-01
1.818372458219528198e-01
1.733607947826385498e-01
1.358748376369476318e-01
1.813037842512130737e-01
1.514746546745300293e-01
1.618316173553466797e-01
1.718334257602691650e-01
1.376625746488571167e-01
1.903654634952545166e-01
1.426891833543777466e-01
1.301265954971313477e-01
1.869893372058868408e-01
1.454013139009475708e-01
2.005879133939743042e-01
1.743794381618499756e-01
1.534163355827331543e-01
1.650154739618301392e-01
1.947523355484008789e-01
1.971704661846160889e-01
1.849618107080459595e-01
1.944797039031982422e-01
1.683306992053985596e-01
2.064404636621475220e-01
1.805089563131332397e-01
2.090690433979034424e-01
1.007875055074691772e-01
1.721054762601852417e-01
1.616160571575164795e-01
1.781674772500991821e-01
1.446665972471237183e-01
1.548227518796920776e-01
1.389758437871932983e-01
1.506801545619964600e-01
1.814048439264297485e-01
1.879922449588775635e-01
1.669304370880126953e-01
1.784124523401260376e-01
2.107392549514770508e-01
1.724395602941513062e-01
1.470595449209213257e-01
1.791543215513229370e-01
1.120710894465446472e-01
1.802287250757217407e-01
1.686672419309616089e-01
1.774333268404006958e-01
1.681459397077560425e-01
1.896365731954574585e-01
1.892917156219482422e-01
1.794938743114471436e-01
1.420953124761581421e-01
2.329401075839996338e-01
1.788841634988784790e-01
1.458409726619720459e-01
1.940917521715164185e-01
1.955868005752563477e-01
2.022894471883773804e-01
1.319496929645538330e-01
1.597013175487518311e-01
2.022621184587478638e-01
1.691848635673522949e-01
1.192111670970916748e-01
1.909254789352416992e-01
1.831132322549819946e-01
2.032210528850555420e-01
1.739466935396194458e-01
1.728762537240982056e-01
2.097512185573577881e-01
1.490118503570556641e-01
1.686545610427856445e-01
1.818471401929855347e-01
2.041364908218383789e-01
1.640031337738037109e-01
1.716247200965881348e-01
1.760109812021255493e-01
2.110045850276947021e-01
1.895675361156463623e-01
1.572556793689727783e-01
2.007783800363540649e-01
1.775674372911453247e-01
1.976071447134017944e-01
1.954872608184814453e-01
1.647462993860244751e-01
1.438136249780654907e-01
1.870580762624740601e-01
1.431464999914169312e-01
1.685342341661453247e-01
1.581966280937194824e-01
1.736858785152435303e-01
2.530368566513061523e-01
1.758515685796737671e-01
1.786722540855407715e-01
1.516265273094177246e-01
1.857638359069824219e-01
2.027859985828399658e-01
1.262023001909255981e-01
1.839539408683776855e-01
1.693213433027267456e-01
1.606857627630233765e-01
1.612048447132110596e-01
1.993360072374343872e-01
9.675614535808563232e-02
1.830132901668548584e-01
1.166779175400733948e-01
1.817613542079925537e-01
1.431901752948760986e-01
1.610749214887619019e-01
1.968584656715393066e-01
1.836570054292678833e-01
1.742948591709136963e-01
1.907107234001159668e-01
1.227070763707160950e-01
1.540049910545349121e-01
2.193146646022796631e-01
1.718858480453491211e-01
1.708803772926330566e-01
1.866660267114639282e-01
1.634238213300704956e-01
2.592273950576782227e-01
1.808785051107406616e-01
1.938978135585784912e-01
1.891714036464691162e-01
