-1.375353932380676270e-01
-1.439627856016159058e-01
-8.485478162765502930e-02
-1.497000753879547119e-01
-1.884113103151321411e-01
-1.661693453788757324e-01
-4.869989305734634399e-02
-9.014878422021865845e-02
-1.060049831867218018e-01
-9.735672175884246826e-02
-1.388339847326278687e-01
-1.742174625396728516e-01
-1.474871486425399780e-01
-1.269789487123489380e-01
-1.200562939047813416e-01
-1.245622783899307251e-01
-1.503176987171173096e-01
-1.360933333635330200e-01
-1.301523000001907349e-01
-1.068645939230918884e-01
-1.101758033037185669e-01
-1.295764148235321045e-01
-8.333378285169601440e-02
-1.227592155337333679e-01
-1.582840979099273682e-01
-1.224119365215301514e-01
-5.471992865204811096e-02
-9.319166094064712524e-02
-1.440210938453674316e-01
-1.305456906557083130e-01
-9.763041883707046509e-02
-1.108800917863845825e-01
-1.726077049970626831e-01
-4.357953742146492004e-02
-1.675381809473037720e-01
-8.328391611576080322e-02
-1.240941807627677917e-01
-9.784989804029464722e-02
-1.015681698918342590e-01
-1.610829383134841919e-01
-1.565486788749694824e-01
-7.063248753547668457e-02
-1.009435057640075684e-01
-8.571577072143554688e-02
-1.153832376003265381e-01
-7.062641531229019165e-02
-9.629639238119125366e-02
-1.305284202098846436e-01
-1.015426144003868103e-01
-1.534828841686248779e-01
-1.213082894682884216e-01
-6.389737874269485474e-02
-2.910987474024295807e-02
-1.423342078924179077e-01
-1.390155255794525146e-01
-1.225875094532966614e-01
-1.175176948308944702e-01
-1.745314896106719971e-01
-1.194192245602607727e-01
-2.714078724384307861e-01
-1.202269122004508972e-01
-1.481562256813049316e-01
-1.610471457242965698e-01
-1.079676672816276550e-01
2.230707614216953516e-04
-1.466273814439773560e-01
-1.377316266298294067e-01
-1.673297286033630371e-01
-1.119931340217590332e-01
-6.453178822994232178e-02
-1.309441030025482178e-01
-9.291673451662063599e-02
-1.375174522399902344e-01
-1.422616690397262573e-01
-5.413416773080825806e-02
-2.088845670223236084e-01
-9.383229166269302368e-02
-4.405717551708221436e-02
-1.217570751905441284e-01
-9.884256869554519653e-02
-1.893966794013977051e-01
-9.968081116676330566e-02
-1.529106646776199341e-01
-1.071795523166656494e-01
-4.003423452377319336e-02
-9.651904553174972534e-02
-1.343910247087478638e-01
-1.116002425551414490e-01
-1.237016245722770691e-01
-1.345156878232955933e-01
-1.210399568080902100e-01
-1.783320307731628418e-01
-1.458662152290344238e-01
-9.134439378976821899e-02
-1.518350541591644287e-01
-1.056015118956565857e-01
-1.302725076675415039e-01
-8.960544317960739136e-02
-1.806201338768005371e-01
-1.639584749937057495e-01
-8.125595003366470337e-02
-7.247275859117507935e-02
-8.233777433633804321e-02
-9.474643319845199585e-02
-7.478056102991104126e-02
-4.703583661466836929e-03
-1.147056743502616882e-01
-1.459971368312835693e-01
-1.888041943311691284e-01
-8.591349422931671143e-02
-1.235535219311714172e-01
-1.096177324652671814e-01
-1.123649552464485168e-01
-8.177691698074340820e-02
-1.572748422622680664e-01
-5.592570453882217407e-02
-1.575022339820861816e-01
-1.071215867996215820e-01
-1.138726472854614258e-01
-8.974412083625793457e-02
-2.126356512308120728e-01
-9.745192527770996094e-02
-1.272746026515960693e-01
-5.591600015759468079e-02
-1.494391858577728271e-01
-6.580618768930435181e-02
-1.501197069883346558e-01
-4.704517871141433716e-02
-1.354550123214721680e-01
-1.624758839607238770e-01
-8.543518185615539551e-02
-1.405865401029586792e-01
-1.726382225751876831e-01
-6.221618130803108215e-02
-1.087195724248886108e-01
-3.224804699420928955e-01
-9.612384438514709473e-02
-9.567702561616897583e-02
-6.916623562574386597e-02
-1.492111384868621826e-01
-1.124152392148971558e-01
-1.853745877742767334e-01
-9.734622389078140259e-02
-1.902789920568466187e-01
-1.861562132835388184e-01
-8.502077311277389526e-02
-1.133783310651779175e-01
-8.303630352020263672e-02
-1.418187767267227173e-01
-5.802416428923606873e-02
-1.837442815303802490e-01
-1.115843132138252258e-01
-1.539274007081985474e-01
-1.144451573491096497e-01
-9.368589520454406738e-02
-2.002232670783996582e-01
-1.815314441919326782e-01
-8.510333299636840820e-02
-1.045211702585220337e-01
-1.601503491401672363e-01
-7.055889815092086792e-02
-2.671740949153900146e-01
-7.190433889627456665e-02
-2.146599292755126953e-01
-1.778308898210525513e-01
-7.702963799238204956e-02
-1.025863885879516602e-01
-2.080652415752410889e-01
-8.468915522098541260e-02
-1.424614936113357544e-01
-1.421612352132797241e-01
-6.194323673844337463e-02
-1.456667482852935791e-01
-7.504469901323318481e-02
-7.662656158208847046e-02
-1.444308608770370483e-01
-1.440435796976089478e-01
-1.087983697652816772e-01
-1.738255470991134644e-01
-6.411830335855484009e-02
-7.673963159322738647e-02
-6.971534341573715210e-02
-1.329662650823593140e-01
-1.547422111034393311e-01
-1.098647415637969971e-01
-7.974915206432342529e-02
-1.005546823143959045e-01
-1.111861020326614380e-01
-1.300753802061080933e-01
-1.106137931346893311e-01
-2.128518074750900269e-01
-6.488964706659317017e-02
-1.087350323796272278e-01
-1.196120232343673706e-01
-1.456428766250610352e-01
-9.038785845041275024e-02
-9.445025026798248291e-02
-1.591149419546127319e-01
-1.543692350387573242e-01
-1.663604527711868286e-01
-9.972349554300308228e-02
-1.184120550751686096e-01
-8.311618119478225708e-02
-1.141700595617294312e-01
-1.908511817455291748e-01
-1.641312688589096069e-01
-7.301136851310729980e-02
-1.236060038208961487e-01
-1.109839007258415222e-01
-1.918583512306213379e-01
-1.766365170478820801e-01
-1.358433961868286133e-01
-1.086906865239143372e-01
-1.148073747754096985e-01
-1.313292682170867920e-01
-1.066365465521812439e-01
-9.241445362567901611e-02
-8.785071969032287598e-02
-1.066596433520317078e-01
-1.439063698053359985e-01
-1.004033312201499939e-01
-6.148159503936767578e-02
-9.480121731758117676e-02
-1.666976958513259888e-01
-1.597669720649719238e-01
-9.062646329402923584e-02
-5.343055352568626404e-02
-1.449379920959472656e-01
-1.687244772911071777e-01
-1.579625457525253296e-01
-1.437797099351882935e-01
-1.568789035081863403e-01
-8.160141855478286743e-02
-4.288113862276077271e-02
-1.339355111122131348e-01
-1.312800347805023193e-01
-8.128037303686141968e-02
-8.848513662815093994e-02
-1.160662248730659485e-01
-1.870320886373519897e-01
-1.184305623173713684e-01
-7.505192607641220093e-02
-1.256714314222335815e-01
-1.896352469921112061e-01
-7.606817781925201416e-02
-9.411440044641494751e-02
-1.414627879858016968e-01
-8.190536499023437500e-02
-1.480541527271270752e-01
-1.502947509288787842e-01
-6.943184137344360352e-02
-1.453756093978881836e-01
-1.115556359291076660e-01
-8.914296329021453857e-02
-6.138205993920564651e-03
-1.622068732976913452e-01
-9.381462633609771729e-02
-1.469028294086456299e-01
-9.344175457954406738e-02
-1.175799444317817688e-01
-9.456744045019149780e-02
-9.674238413572311401e-02
-8.120852708816528320e-02
-9.748230874538421631e-02
-7.263959944248199463e-02
-1.074458286166191101e-01
-3.167255222797393799e-02
-1.193095594644546509e-01
-1.544262319803237915e-01
-1.263300180435180664e-01
-1.667173057794570923e-01
7.988979108631610870e-03
-1.150000020861625671e-01
-1.404418051242828369e-01
-1.903962492942810059e-01
-1.680451482534408569e-01
-1.530875265598297119e-01
-5.907895043492317200e-02
-1.107177361845970154e-01
-2.977510169148445129e-02
-1.728619188070297241e-01
-1.606034934520721436e-01
-1.097803413867950439e-01
-1.354870200157165527e-01
-1.553768962621688843e-01
-1.473521739244461060e-01
-1.651886999607086182e-01
-1.195880174636840820e-01
-5.848047882318496704e-02
-1.255660206079483032e-01
-1.592250764369964600e-01
-2.695802152156829834e-01
-1.740507930517196655e-01
-1.161330267786979675e-01
-1.398944556713104248e-01
-2.254227995872497559e-01
-1.322444081306457520e-01
-7.523635029792785645e-02
-1.149724200367927551e-01
-1.479690968990325928e-01
-1.353977471590042114e-01
-1.352909952402114868e-01
-3.921210765838623047e-02
-7.801409810781478882e-02
-8.371090143918991089e-02
-1.175915226340293884e-01
-7.428342849016189575e-02
-5.520857125520706177e-02
-1.329078376293182373e-01
-1.482416391372680664e-01
-1.078075692057609558e-01
-1.457896828651428223e-01
-9.244824200868606567e-02
-9.897500276565551758e-02
-1.020134240388870239e-01
8.074874430894851685e-02
-1.646383404731750488e-01
-1.455880999565124512e-01
-1.693154722452163696e-01
-1.251821070909500122e-01
-1.116942018270492554e-01
-1.982302963733673096e-01
-1.451334059238433838e-01
-7.982872426509857178e-02
-9.745755791664123535e-02
-9.295657277107238770e-02
-2.075240761041641235e-01
-1.644724458456039429e-01
-1.473236531019210815e-01
-5.311264842748641968e-02
-1.154877021908760071e-01
-1.508005261421203613e-01
-1.208414509892463684e-01
-1.484858095645904541e-01
-8.393170684576034546e-02
-6.769073754549026489e-02
-9.178247302770614624e-02
-1.209319308400154114e-01
-1.428401321172714233e-01
-3.547644615173339844e-02
-1.249124258756637573e-01
-6.352652609348297119e-02
-1.063655167818069458e-01
-1.231118664145469666e-01
-5.465489253401756287e-02
-9.263138473033905029e-02
-1.567262113094329834e-01
-1.016608253121376038e-01
-1.231691837310791016e-01
-1.385666429996490479e-01
-1.391272991895675659e-01
-1.287866383790969849e-01
-1.585559844970703125e-01
-1.283566355705261230e-01
-7.650736719369888306e-02
-1.188238561153411865e-01
-1.491419821977615356e-01
-1.389258950948715210e-01
-1.171610653400421143e-01
-9.466457366943359375e-02
-1.940902173519134521e-01
-1.456373333930969238e-01
-9.668036550283432007e-02
-1.445109993219375610e-01
-1.160141006112098694e-01
-1.699444204568862915e-01
-6.341236829757690430e-02
-1.621095538139343262e-01
-1.897368878126144409e-01
-1.238689944148063660e-01
-1.097617149353027344e-01
-1.221942007541656494e-01
-1.986412853002548218e-01
-1.557993888854980469e-01
-7.503952831029891968e-02
-1.420036405324935913e-01
-5.536742880940437317e-02
-1.526222676038742065e-01
-1.659128218889236450e-01
-1.083091199398040771e-01
-1.715151816606521606e-01
-1.807907670736312866e-01
-1.181197911500930786e-01
-8.379216492176055908e-02
-1.133174523711204529e-01
-1.369381695985794067e-01
-1.421910077333450317e-01
-9.095937758684158325e-02
-8.132830262184143066e-02
-1.627382338047027588e-01
-4.134074226021766663e-02
-1.575084030628204346e-01
-1.533383131027221680e-01
-1.390766650438308716e-01
-8.727435767650604248e-02
-1.656559109687805176e-01
-1.412672996520996094e-01
-1.319923996925354004e-01
-3.476848602294921875e-01
-1.198151707649230957e-01
-6.677627563476562500e-02
-1.553701758384704590e-01
-1.077000945806503296e-01
-1.716993898153305054e-01
-1.298496127128601074e-01
-1.271690577268600464e-01
-5.987802147865295410e-02
-3.101055882871150970e-02
-1.321070641279220581e-01
-1.725090444087982178e-01
-1.228314042091369629e-01
-9.602480381727218628e-02
-1.307656019926071167e-01
-1.468985378742218018e-01
-1.073841974139213562e-01
-1.115650609135627747e-01
-1.214550957083702087e-01
-1.342154294252395630e-01
-1.297806203365325928e-01
-1.156315505504608154e-01
-1.677433103322982788e-01
-5.607144162058830261e-02
-1.430217325687408447e-01
-1.124008893966674805e-01
-6.430520117282867432e-02
-1.392481476068496704e-01
-1.334099173545837402e-01
-1.571346819400787354e-01
-1.126682534813880920e-01
-1.081291660666465759e-01
-5.844981595873832703e-02
-1.123196408152580261e-01
-9.891341626644134521e-02
-1.259451061487197876e-01
-1.287166476249694824e-01
-1.409072130918502808e-01
-3.918095678091049194e-02
-4.893355071544647217e-02
-5.970705300569534302e-02
-1.206288635730743408e-01
-1.955993771553039551e-01
-1.464149504899978638e-01
-1.096025407314300537e-01
-1.222822815179824829e-01
-1.744895279407501221e-01
-1.811148077249526978e-01
-4.049877449870109558e-02
-3.611938282847404480e-02
-1.040753349661827087e-01
-1.058344244956970215e-01
-8.091551810503005981e-02
-8.857841044664382935e-02
-1.182292699813842773e-01
-1.500540077686309814e-01
-1.164546608924865723e-01
-1.307075917720794678e-01
-1.574984490871429443e-01
-1.886852979660034180e-01
-1.347604691982269287e-01
-1.485591083765029907e-01
-1.793211698532104492e-01
-4.452155157923698425e-02
-1.137361451983451843e-01
-1.604124456644058228e-01
-6.599278002977371216e-02
-1.258057504892349243e-01
-1.109652370214462280e-01
-6.924463808536529541e-02
-1.122783496975898743e-01
-1.784503757953643799e-01
-1.239517033100128174e-01
-1.167522445321083069e-01
-1.250487118959426880e-01
-7.638386636972427368e-02
-1.016238331794738770e-01
-9.539693593978881836e-02
-1.233686283230781555e-01
-2.028669863939285278e-01
-1.184711009263992310e-01
-8.737321197986602783e-02
-1.230022087693214417e-01
-1.530350893735885620e-01
-1.109077855944633484e-01
-1.433799862861633301e-01
-1.365590393543243408e-01
-8.151221275329589844e-02
-8.022460341453552246e-02
-1.589794605970382690e-01
-1.228752508759498596e-01
-1.386119723320007324e-01
-1.078476682305335999e-01
-1.351913157850503922e-02
-1.714557707309722900e-01
-1.166530326008796692e-01
-1.101203039288520813e-01
-9.456954151391983032e-02
-1.359498649835586548e-01
-1.840019226074218750e-01
-1.368288099765777588e-01
-1.300587356090545654e-01
-1.465642303228378296e-01
-1.013427227735519409e-01
-1.256623119115829468e-01
-1.363791227340698242e-01
-8.396054059267044067e-02
-1.585606783628463745e-01
-1.679911762475967407e-01
-1.101421564817428589e-02
-1.025534570217132568e-01
-1.533108204603195190e-02
-7.500479370355606079e-02
-6.337924301624298096e-02
