2.800577692687511444e-02
-1.630947142839431763e-01
-6.099598109722137451e-02
-6.205678358674049377e-02
-1.243334561586380005e-01
-8.409611135721206665e-02
-1.396591514348983765e-01
-5.442590266466140747e-02
-1.210288926959037781e-01
-3.542398288846015930e-02
1.244488656520843506e-01
-5.245596170425415039e-02
-8.033243566751480103e-02
-1.058140322566032410e-01
-5.586954206228256226e-02
-5.793812870979309082e-02
-6.906474381685256958e-02
1.341174542903900146e-01
-6.421579420566558838e-02
-4.819295927882194519e-02
-7.249946892261505127e-02
2.727313898503780365e-03
-8.213610202074050903e-02
-9.493523091077804565e-02
-9.983170032501220703e-02
-1.803175210952758789e-01
-1.118932217359542847e-01
-1.888352036476135254e-01
-1.409480571746826172e-01
-8.221238851547241211e-02
-4.215688630938529968e-02
-1.018603593111038208e-01
-9.207764267921447754e-02
-1.883349120616912842e-01
-6.991079449653625488e-02
2.105545401573181152e-01
-5.996147915720939636e-02
-5.372152850031852722e-02
-3.061809949576854706e-02
-2.360527664422988892e-01
-4.417075589299201965e-02
-4.994992166757583618e-03
-7.384642213582992554e-02
-1.504689455032348633e-01
-1.753774732351303101e-01
-2.595787681639194489e-02
-1.704861372709274292e-01
-4.996864870190620422e-02
-1.772171109914779663e-01
-1.720682904124259949e-02
-1.294707655906677246e-01
6.297749280929565430e-02
-1.136417239904403687e-01
-6.507072597742080688e-02
-8.493338525295257568e-02
-7.739328593015670776e-02
-3.580823540687561035e-02
-5.293399840593338013e-02
-5.007882416248321533e-02
-7.460230588912963867e-02
-5.650632455945014954e-02
-6.548935920000076294e-02
2.537551522254943848e-02
-4.093409702181816101e-02
-3.500284999608993530e-02
-3.193772956728935242e-02
-1.313097327947616577e-01
-2.595278434455394745e-03
-6.936483830213546753e-02
-1.143232136964797974e-01
-8.571238070726394653e-02
-9.511173516511917114e-02
-3.510957956314086914e-02
-1.634124550037086010e-03
-8.228175342082977295e-02
-2.170720696449279785e-02
-3.936504572629928589e-02
-3.300596475601196289e-01
5.181605368852615356e-02
2.626005113124847412e-01
2.856170386075973511e-02
-1.804127544164657593e-02
-1.215608939528465271e-01
-1.074902564287185669e-01
-6.499886512756347656e-02
-1.403303295373916626e-01
7.498699706047773361e-03
-5.620411038398742676e-02
-9.483068436384201050e-02
-7.868496328592300415e-02
-1.035669371485710144e-01
-1.057301983237266541e-01
-2.034907415509223938e-02
-5.519263073801994324e-02
9.130999445915222168e-02
-1.322440057992935181e-01
-4.643411561846733093e-02
-4.787600412964820862e-02
-6.472228560596704483e-03
4.039679467678070068e-02
-1.206066273152828217e-02
-6.727024912834167480e-02
-5.146750807762145996e-02
-7.847145199775695801e-02
-2.342509478330612183e-02
4.479707404971122742e-02
-9.278722852468490601e-02
-1.811038143932819366e-02
5.913965287618339062e-04
-9.091552346944808960e-02
-1.002521999180316925e-02
-2.944804541766643524e-02
-8.191778510808944702e-02
-1.036389614455401897e-03
-8.875424414873123169e-02
1.034768819808959961e-01
-5.626231059432029724e-02
-8.978754281997680664e-02
-4.161386564373970032e-02
-1.085627600550651550e-01
-1.352677494287490845e-01
-7.386242598295211792e-02
-4.555572941899299622e-02
-7.603778503835201263e-03
-1.168703660368919373e-02
-1.661477237939834595e-01
-8.810885250568389893e-02
4.398720338940620422e-02
-4.975976049900054932e-02
-9.843056648969650269e-02
-5.811602994799613953e-02
-1.592259258031845093e-01
-9.478300064802169800e-02
-7.674761861562728882e-02
6.269271671772003174e-02
-1.239358112215995789e-01
-2.677451819181442261e-02
-1.769056618213653564e-01
2.055907249450683594e-02
-4.202681593596935272e-03
-8.652533590793609619e-02
-1.721835508942604065e-02
-9.932510554790496826e-02
1.221143081784248352e-01
-6.788222491741180420e-02
-3.129173442721366882e-02
-1.458384655416011810e-02
-8.587881922721862793e-02
-1.098782047629356384e-01
-4.329776763916015625e-02
-3.217627108097076416e-02
-7.772853970527648926e-02
-5.649919062852859497e-02
-8.114308118820190430e-02
-8.102589845657348633e-02
-1.173216253519058228e-01
-6.889824569225311279e-02
-5.149392411112785339e-02
4.336266592144966125e-02
-1.727902144193649292e-02
-8.163529634475708008e-02
-7.970456779003143311e-02
-4.381570592522621155e-02
-5.870933085680007935e-02
-2.338932454586029053e-02
-5.203147232532501221e-02
-5.555414780974388123e-02
-1.280723065137863159e-01
-4.692222177982330322e-02
-9.749431628733873367e-04
-5.513913184404373169e-02
-6.040867045521736145e-02
-1.159077212214469910e-01
-9.814684838056564331e-02
-5.331349372863769531e-02
1.003711950033903122e-02
-5.224705487489700317e-02
3.387366607785224915e-02
-1.809359644539654255e-03
-4.885946959257125854e-02
-3.603318706154823303e-02
-2.618814632296562195e-02
-1.154806390404701233e-01
-3.859038650989532471e-02
-7.981691509485244751e-02
-8.818850666284561157e-02
-5.229670554399490356e-02
-4.473862797021865845e-02
8.117099851369857788e-02
-7.912191003561019897e-02
4.434603080153465271e-02
4.970299825072288513e-02
-9.518498182296752930e-02
-5.047182366251945496e-02
-6.105307489633560181e-02
-6.636524945497512817e-02
-3.849340602755546570e-02
-7.294131815433502197e-02
-1.064372807741165161e-01
-8.006139099597930908e-02
-1.399575732648372650e-02
-6.234118714928627014e-02
-4.267635196447372437e-02
-1.056164354085922241e-01
-8.494467288255691528e-02
-6.397970765829086304e-02
1.912650093436241150e-02
-4.255794361233711243e-02
-8.305076509714126587e-02
-4.240366071462631226e-02
3.429924547672271729e-01
-1.057171821594238281e-01
-1.531168911606073380e-02
-8.870007842779159546e-02
-7.561570405960083008e-02
-2.561071515083312988e-02
-4.132933914661407471e-02
-2.017435282468795776e-01
-7.766061276197433472e-02
-4.757542908191680908e-02
-1.079022698104381561e-02
-7.887411862611770630e-02
-1.795449703931808472e-01
-2.827585488557815552e-02
-4.459078609943389893e-02
-9.636987745761871338e-02
-1.495492011308670044e-01
-9.393981099128723145e-02
2.948340959846973419e-03
1.432850770652294159e-02
-5.376667156815528870e-02
-2.851146832108497620e-02
-1.425189822912216187e-01
-7.205609232187271118e-02
-2.791854925453662872e-02
-1.218821555376052856e-01
-1.223879382014274597e-01
-5.138877779245376587e-02
-7.083829492330551147e-02
-2.411307543516159058e-01
-1.236107870936393738e-01
-6.673223525285720825e-02
-1.032002046704292297e-01
4.401190206408500671e-02
-5.717184394598007202e-02
-7.548634707927703857e-02
-4.471366107463836670e-02
-7.646363973617553711e-02
-9.915713220834732056e-02
-1.153319794684648514e-02
-2.884662710130214691e-02
-1.225745901465415955e-01
-7.671605050563812256e-02
-1.136851608753204346e-01
1.708259992301464081e-02
-5.442949384450912476e-02
