8.394185453653335571e-03
5.489471554756164551e-02
3.475161269307136536e-02
1.929345913231372833e-02
4.231311380863189697e-02
2.321429923176765442e-02
3.322879970073699951e-02
2.203744649887084961e-02
1.896469481289386749e-02
1.845456473529338837e-02
1.209188718348741531e-02
1.520889438688755035e-02
7.036529481410980225e-02
-1.126081775873899460e-02
2.882838062942028046e-02
-3.407027688808739185e-04
4.333711788058280945e-02
4.028679337352514267e-03
2.602820098400115967e-02
2.001006901264190674e-02
2.068408392369747162e-02
4.239019181113690138e-04
1.722591184079647064e-02
2.583162626251578331e-03
5.749826785176992416e-03
8.021224290132522583e-03
1.392278820276260376e-02
2.321929112076759338e-02
2.457867190241813660e-02
-4.914804012514650822e-04
3.152029961347579956e-02
1.633272692561149597e-02
1.743100956082344055e-02
7.607115898281335831e-03
9.678874164819717407e-02
2.129237540066242218e-02
1.932477578520774841e-02
1.753015443682670593e-02
-1.005339622497558594e-01
5.628632381558418274e-03
4.843553528189659119e-02
5.276699364185333252e-02
2.926707640290260315e-02
1.524681318551301956e-02
1.348906289786100388e-02
1.365651376545429230e-02
5.475008394569158554e-03
6.678375601768493652e-02
3.142384067177772522e-02
2.269504778087139130e-02
1.518826093524694443e-02
4.145048558712005615e-02
-4.960193485021591187e-02
-8.631292730569839478e-03
3.881410136818885803e-02
1.912464573979377747e-02
1.135966274887323380e-02
2.682389691472053528e-03
6.149186193943023682e-02
3.821592405438423157e-02
3.830466791987419128e-02
2.008195407688617706e-02
3.855314105749130249e-02
2.216263301670551300e-02
1.150576025247573853e-02
8.502277731895446777e-02
4.123197495937347412e-02
2.207764424383640289e-02
1.156492717564105988e-02
9.787677554413676262e-04
1.118240971118211746e-02
2.237967401742935181e-02
1.891865022480487823e-02
2.843747846782207489e-02
4.891478270292282104e-02
1.278810203075408936e-02
2.553799562156200409e-02
3.010069951415061951e-02
-5.591901950538158417e-03
5.370244011282920837e-02
2.111679129302501678e-02
2.205277048051357269e-02
3.918513655662536621e-02
2.984511293470859528e-02
2.013268694281578064e-02
7.217572629451751709e-02
3.366356343030929565e-02
5.941640958189964294e-02
4.367616400122642517e-02
2.040908299386501312e-02
9.051760658621788025e-03
9.149487596005201340e-04
1.599923893809318542e-02
9.680372313596308231e-04
-6.056790240108966827e-03
5.003958195447921753e-02
3.016004338860511780e-02
-2.497299341484904289e-03
2.313824556767940521e-02
2.863486297428607941e-02
2.825974300503730774e-02
3.355907648801803589e-02
2.190676331520080566e-02
4.704156890511512756e-02
2.175983041524887085e-02
-9.449277073144912720e-03
2.668404765427112579e-02
-4.457565024495124817e-03
4.532555490732192993e-02
2.981955418363213539e-03
4.363840073347091675e-02
2.045660093426704407e-02
2.616188116371631622e-02
-7.769459486007690430e-02
4.322559759020805359e-02
3.229391947388648987e-02
1.866035908460617065e-02
9.009409695863723755e-03
1.854468695819377899e-02
6.229282915592193604e-02
1.355380285531282425e-02
9.444943629205226898e-03
1.862039789557456970e-02
3.316412866115570068e-02
3.668438270688056946e-02
2.194310910999774933e-02
-7.243932224810123444e-03
2.777792327105998993e-02
3.296004235744476318e-02
5.101476237177848816e-02
5.647664889693260193e-02
1.828200183808803558e-02
2.591577358543872833e-03
2.662582322955131531e-02
4.066648334264755249e-02
4.269751533865928650e-02
2.603470906615257263e-02
2.985319122672080994e-02
3.480032831430435181e-02
3.995118662714958191e-02
1.914205611683428288e-03
-3.556568408384919167e-03
1.655809581279754639e-02
4.461268335580825806e-02
1.974735781550407410e-02
2.784657105803489685e-02
2.105850540101528168e-02
3.139775618910789490e-02
1.045651827007532120e-02
5.398441851139068604e-02
8.135687559843063354e-02
1.085411570966243744e-02
6.841145455837249756e-02
7.809485308825969696e-03
1.879647374153137207e-02
6.508210301399230957e-02
4.045654786750674248e-04
-3.249961510300636292e-02
7.531353831291198730e-02
-9.988808073103427887e-03
3.484500572085380554e-02
3.276949375867843628e-02
7.766213268041610718e-03
2.193287573754787445e-02
9.029045701026916504e-03
3.168658539652824402e-02
3.971940651535987854e-02
4.770582541823387146e-02
3.305121511220932007e-02
1.879553310573101044e-02
4.364094883203506470e-02
6.266932934522628784e-02
2.109385095536708832e-02
4.388843476772308350e-02
3.935621306300163269e-02
-3.021428710781037807e-04
4.696850106120109558e-02
9.711271151900291443e-03
3.344480693340301514e-02
3.106949850916862488e-02
4.571826383471488953e-02
1.141279097646474838e-02
4.544272273778915405e-02
4.191561415791511536e-02
1.613721542526036501e-04
3.364997729659080505e-02
7.238341495394706726e-04
-5.819718819111585617e-03
3.983691334724426270e-02
5.892883241176605225e-02
1.287326402962207794e-02
1.729990541934967041e-02
3.069878555834293365e-02
9.644327685236930847e-03
-2.005204185843467712e-02
1.682474277913570404e-02
2.212820015847682953e-02
3.181464225053787231e-02
6.340921670198440552e-02
3.708048956468701363e-03
7.391943037509918213e-02
5.095294117927551270e-02
-1.183907501399517059e-03
2.768481150269508362e-02
2.084986492991447449e-02
8.570899814367294312e-02
1.393321715295314789e-02
2.711334824562072754e-02
-2.255707420408725739e-02
2.416812628507614136e-02
4.325153678655624390e-02
1.097245514392852783e-02
2.953062579035758972e-02
3.516473248600959778e-02
1.648787176236510277e-03
1.946193538606166840e-02
7.098629430402070284e-05
-2.533512748777866364e-02
-8.375745266675949097e-03
2.392099238932132721e-02
-2.780468016862869263e-02
6.242396775633096695e-03
1.619109883904457092e-02
1.122849900275468826e-02
1.266560889780521393e-02
4.395005293190479279e-03
6.683909334242343903e-03
5.607144534587860107e-02
4.215742275118827820e-02
2.983591146767139435e-02
2.457396127283573151e-02
-1.827489002607762814e-03
2.921125851571559906e-02
2.693093381822109222e-03
-1.391973067075014114e-02
5.330209154635667801e-03
7.089891284704208374e-02
6.127275526523590088e-02
3.270483762025833130e-02
3.917742520570755005e-02
3.151372820138931274e-02
2.863934822380542755e-02
6.907434668391942978e-03
3.444736078381538391e-02
1.665781997144222260e-02
2.898780256509780884e-02
5.537137761712074280e-02
1.951908692717552185e-02
2.404739893972873688e-02
2.461831271648406982e-02
2.749575674533843994e-02
1.857114024460315704e-02
1.807576604187488556e-02
2.366921491920948029e-02
1.410872675478458405e-02
2.690615318715572357e-02
3.102318756282329559e-02
3.420759364962577820e-02
2.405749447643756866e-02
8.111650124192237854e-03
4.219470545649528503e-02
4.016206786036491394e-02
1.639877073466777802e-02
1.653301902115345001e-02
5.095785483717918396e-02
-6.738573312759399414e-03
1.885302178561687469e-02
9.433694183826446533e-02
2.277160994708538055e-02
1.740467175841331482e-02
1.059294398874044418e-02
8.269092068076133728e-03
1.173936855047941208e-02
4.496262874454259872e-03
2.755245193839073181e-02
-2.392426831647753716e-04
4.117741435766220093e-02
2.572477608919143677e-02
6.356367841362953186e-03
8.897849172353744507e-02
2.978312224149703979e-02
1.359258964657783508e-02
1.532801776193082333e-03
2.563855238258838654e-02
3.938450664281845093e-02
2.688167802989482880e-02
2.393583953380584717e-02
1.401391997933387756e-02
2.110577747225761414e-02
4.553411155939102173e-02
3.016492910683155060e-02
1.779003441333770752e-02
7.198911625891923904e-03
3.015547432005405426e-02
6.353585049510002136e-03
3.157598897814750671e-02
2.714048139750957489e-02
2.330854348838329315e-02
2.826457656919956207e-02
9.615854360163211823e-03
5.150991305708885193e-02
3.651173785328865051e-02
2.216341719031333923e-02
4.736025631427764893e-02
1.532007940113544464e-02
3.082529827952384949e-02
4.215629771351814270e-02
2.184588834643363953e-02
3.251770511269569397e-02
1.978005468845367432e-02
-9.149461053311824799e-03
1.290137600153684616e-02
3.831846639513969421e-02
3.809624165296554565e-02
5.937647074460983276e-03
2.827312611043453217e-02
1.992612890899181366e-02
2.103212662041187286e-02
2.650676295161247253e-02
1.652789418585598469e-03
7.029569242149591446e-03
6.685486529022455215e-03
4.486913979053497314e-02
4.265171941369771957e-03
2.709723077714443207e-02
-1.447655493393540382e-03
1.638197526335716248e-02
3.607505559921264648e-02
2.020732872188091278e-02
4.663563519716262817e-02
6.394788622856140137e-03
8.826506137847900391e-02
2.983818016946315765e-02
2.035160735249519348e-02
2.503559738397598267e-02
4.695966839790344238e-03
3.836778923869132996e-03
2.099807001650333405e-02
1.209819037467241287e-02
4.915757570415735245e-03
1.821815408766269684e-02
2.791874483227729797e-02
-9.902665391564369202e-03
2.317679673433303833e-02
1.144607830792665482e-02
9.713220596313476562e-02
5.782110616564750671e-02
2.714926004409790039e-02
3.531653434038162231e-02
2.333025075495243073e-02
9.586956351995468140e-03
1.888806000351905823e-02
2.297985740005970001e-02
-1.360998861491680145e-02
2.202045172452926636e-02
4.037682339549064636e-02
3.048609569668769836e-02
2.502069808542728424e-02
5.806132685393095016e-03
2.096312865614891052e-02
1.454856153577566147e-02
6.419904530048370361e-03
9.755712002515792847e-03
4.610540810972452164e-03
2.462710067629814148e-02
6.490862369537353516e-02
4.681399092078208923e-02
2.921803854405879974e-02
1.141558680683374405e-02
3.910803049802780151e-02
6.373286992311477661e-02
1.671723090112209320e-02
3.559506684541702271e-02
1.798047684133052826e-02
3.260371834039688110e-02
1.477310713380575180e-02
5.550815165042877197e-02
4.424763470888137817e-02
6.739113014191389084e-03
1.174959121271967888e-03
9.396953880786895752e-02
3.599790111184120178e-02
1.544481888413429260e-02
2.196716668549925089e-04
4.211746156215667725e-02
2.138375490903854370e-02
1.281359978020191193e-02
7.320268079638481140e-03
1.883901953697204590e-01
6.449748575687408447e-02
2.174260839819908142e-02
1.672806404531002045e-02
2.124198898673057556e-02
1.850483939051628113e-02
4.289204999804496765e-02
3.994483873248100281e-02
2.194753848016262054e-02
2.368016354739665985e-02
-1.593917421996593475e-02
2.547567710280418396e-02
3.760607168078422546e-02
9.354605339467525482e-03
-7.197591010481119156e-03
1.767608337104320526e-02
3.703811904415488243e-03
3.242947906255722046e-02
1.019145175814628601e-02
-3.386642085388302803e-03
4.547582939267158508e-03
5.441626533865928650e-02
2.604695968329906464e-02
6.110169366002082825e-02
2.421049959957599640e-02
2.475824579596519470e-02
1.040643430314958096e-03
2.215988375246524811e-02
1.538142841309309006e-02
4.423476010560989380e-02
1.551215420477092266e-03
4.061860591173171997e-02
1.196284871548414230e-02
3.822978120297193527e-03
1.526887342333793640e-02
1.905950158834457397e-02
2.979086525738239288e-02
3.005324676632881165e-02
1.062579639256000519e-02
5.318770930171012878e-02
3.254686668515205383e-02
2.464274177327752113e-03
3.136906772851943970e-02
7.048880308866500854e-02
2.131626382470130920e-02
-1.591102778911590576e-02
3.389089554548263550e-02
-5.325581878423690796e-04
2.617044560611248016e-02
1.097617950290441513e-02
1.565671525895595551e-02
2.439933083951473236e-02
2.956570684909820557e-02
5.212358757853507996e-02
-9.243030846118927002e-02
7.523211184889078140e-03
2.348423004150390625e-02
2.011826075613498688e-02
2.483972534537315369e-02
2.651771763339638710e-03
2.091928571462631226e-02
1.821704767644405365e-02
1.839585416018962860e-02
8.890619128942489624e-02
1.839913194999098778e-03
1.945765689015388489e-02
9.863719344139099121e-03
4.025481175631284714e-03
1.248181238770484924e-02
3.496985882520675659e-02
4.149626195430755615e-02
2.424830384552478790e-02
2.490365505218505859e-02
-7.004108279943466187e-03
1.449730154126882553e-02
3.626199811697006226e-02
3.576570749282836914e-02
3.110828995704650879e-02
3.845688328146934509e-02
2.453606575727462769e-02
1.706204004585742950e-02
2.624277211725711823e-02
2.366950362920761108e-02
2.400792017579078674e-02
2.522076107561588287e-02
6.291498988866806030e-02
1.114000286906957626e-02
2.126071602106094360e-02
-1.504172533750534058e-01
2.110425941646099091e-02
2.711614407598972321e-02
4.413857683539390564e-02
2.087713032960891724e-02
2.259876951575279236e-02
7.789621129631996155e-03
1.996905356645584106e-02
-2.765488578006625175e-03
2.760099479928612709e-03
6.298252381384372711e-03
-2.359132980927824974e-03
1.522356923669576645e-02
3.806030843406915665e-03
5.623960122466087341e-02
3.955608233809471130e-02
1.574899884872138500e-03
3.370483219623565674e-02
1.731043495237827301e-02
1.203624252229928970e-02
5.562689155340194702e-02
2.340496517717838287e-02
3.454628400504589081e-03
4.020977392792701721e-02
3.323749825358390808e-02
1.292613428086042404e-02
6.711436808109283447e-02
3.307271748781204224e-02
3.551624715328216553e-02
4.331066086888313293e-02
2.085075527429580688e-02
3.770194482058286667e-03
2.875654585659503937e-02
4.487418569624423981e-03
4.408322274684906006e-03
1.426914427429437637e-02
6.279695779085159302e-02
1.006891857832670212e-02
2.680120989680290222e-02
1.893603056669235229e-02
1.437993813306093216e-02
4.327650740742683411e-02
1.484504994004964828e-02
2.989179827272891998e-02
4.737178329378366470e-03
1.287794392555952072e-02
2.295471169054508209e-02
4.043467342853546143e-02
1.998180523514747620e-02
4.194803535938262939e-02
1.638580113649368286e-02
1.948052458465099335e-02
1.197124179452657700e-02
3.597740083932876587e-02
-1.101137325167655945e-02
1.049296371638774872e-02
2.903711237013339996e-02
1.788938976824283600e-02
4.508124664425849915e-02
1.104355044662952423e-02
1.639003306627273560e-02
3.228273475542664528e-03
4.141097888350486755e-02
3.975422587245702744e-03
1.156014390289783478e-02
2.400777116417884827e-02
1.207952667027711868e-02
3.647411242127418518e-02
3.803590685129165649e-02
2.629016526043415070e-02
3.209021687507629395e-02
4.101409018039703369e-02
8.859258145093917847e-03
3.767719492316246033e-02
3.878753259778022766e-02
7.523410487920045853e-03
3.444334492087364197e-02
3.135564178228378296e-02
4.611818119883537292e-02
1.233253045938909054e-03
4.906943440437316895e-02
2.479638904333114624e-02
2.625475078821182251e-02
3.456578031182289124e-02
1.615754514932632446e-02
2.351226098835468292e-02
3.431715816259384155e-02
3.200148418545722961e-02
1.212689206004142761e-01
8.628444746136665344e-03
2.858640067279338837e-02
4.597608000040054321e-02
-1.401484459638595581e-01
3.201794251799583435e-02
4.659539461135864258e-02
3.606223315000534058e-02
4.224465787410736084e-02
3.296189755201339722e-02
-1.944518461823463440e-02
4.294241964817047119e-02
2.363699488341808319e-02
1.915272139012813568e-02
9.530107490718364716e-03
3.033537231385707855e-02
6.627124547958374023e-02
4.361704923212528229e-03
9.417240507900714874e-03
9.623291902244091034e-03
3.176295757293701172e-02
1.292201224714517593e-02
4.251192510128021240e-02
1.192082464694976807e-02
4.598562791943550110e-02
4.377416521310806274e-02
2.509698271751403809e-02
4.769520461559295654e-02
7.388212531805038452e-02
1.673670858144760132e-02
1.700213924050331116e-02
-3.860588883981108665e-03
2.952240174636244774e-03
1.325435657054185867e-02
4.537446424365043640e-02
4.104705154895782471e-02
2.781628817319869995e-02
9.234027937054634094e-03
2.101550623774528503e-02
2.347157523036003113e-02
3.117769211530685425e-02
4.764059185981750488e-02
8.993817865848541260e-02
3.028628230094909668e-02
2.556535601615905762e-02
6.744756363332271576e-03
1.074298378080129623e-02
4.859380424022674561e-02
3.399875015020370483e-02
-2.606682246550917625e-03
5.931633338332176208e-02
3.906152769923210144e-02
1.798246987164020538e-02
1.683416962623596191e-01
1.135380472987890244e-02
6.328138057142496109e-03
-7.488053961424157023e-05
2.398536354303359985e-02
2.267962880432605743e-02
4.239958152174949646e-02
1.367187947034835815e-01
1.271437201648950577e-02
9.084808640182018280e-03
3.316243737936019897e-02
2.282444015145301819e-02
2.353150583803653717e-02
3.152148798108100891e-02
3.731089085340499878e-02
2.693266235291957855e-02
3.121754899621009827e-02
4.509729146957397461e-02
4.728714004158973694e-02
7.423817180097103119e-03
3.155705705285072327e-02
3.269566968083381653e-02
4.003712534904479980e-02
5.948474630713462830e-03
2.150166407227516174e-02
1.079595834016799927e-02
2.582085318863391876e-02
2.583150006830692291e-02
-4.030509851872920990e-03
-2.359483158215880394e-03
2.513536810874938965e-02
1.277605071663856506e-02
1.676478795707225800e-02
1.477454509586095810e-02
8.146322332322597504e-03
-1.158495899289846420e-02
2.233589254319667816e-02
2.697052620351314545e-02
6.537763774394989014e-02
6.939992308616638184e-02
4.495992884039878845e-02
2.337040379643440247e-02
3.122063167393207550e-02
3.214071318507194519e-02
3.374928608536720276e-02
3.782705217599868774e-02
3.689698874950408936e-02
3.734827414155006409e-02
5.067833117209374905e-04
1.196271106600761414e-01
1.379572153091430664e-01
5.099332705140113831e-02
1.581728085875511169e-02
4.873981699347496033e-03
1.738563738763332367e-02
2.530812285840511322e-03
3.018434531986713409e-02
1.729905046522617340e-02
2.681596018373966217e-02
2.705725468695163727e-02
1.845162920653820038e-02
1.797574199736118317e-02
3.825868666172027588e-02
3.106614015996456146e-02
2.373865060508251190e-02
2.134324237704277039e-02
7.530202157795429230e-03
6.442870013415813446e-03
9.676991961896419525e-03
3.639545291662216187e-02
4.859578609466552734e-02
2.517611905932426453e-02
3.011941537261009216e-02
3.657744452357292175e-02
1.410021632909774780e-02
2.761584147810935974e-02
1.763094216585159302e-02
6.537563167512416840e-03
4.125693067908287048e-02
1.789658516645431519e-02
1.527758035808801651e-02
1.352767273783683777e-02
1.654312573373317719e-02
-3.845905140042304993e-02
4.226900637149810791e-02
5.032425373792648315e-02
2.574147842824459076e-02
-6.301584839820861816e-02
4.715978726744651794e-02
2.445851452648639679e-02
-6.644322723150253296e-02
-2.344887889921665192e-02
2.492383494973182678e-02
4.498371854424476624e-02
5.466332659125328064e-02
7.752683013677597046e-02
2.671399526298046112e-02
2.468288317322731018e-02
2.479581721127033234e-02
2.638731710612773895e-02
1.362168975174427032e-02
6.611573509871959686e-03
1.770777255296707153e-02
3.790698945522308350e-02
3.097704797983169556e-02
3.572431579232215881e-02
2.084177732467651367e-02
8.189183659851551056e-03
3.522305563092231750e-02
5.671047419309616089e-02
1.705129630863666534e-02
8.122720755636692047e-03
-7.340621948242187500e-02
1.622094959020614624e-02
8.563649840652942657e-03
-1.580015942454338074e-02
1.020437944680452347e-02
-3.856594860553741455e-02
1.587623357772827148e-02
4.147991072386503220e-03
3.196670114994049072e-02
1.750411093235015869e-02
1.442909240722656250e-02
2.687095850706100464e-02
1.235189102590084076e-02
1.485700067132711411e-02
1.968822814524173737e-02
-2.024998422712087631e-03
1.505564153194427490e-02
6.610964424908161163e-03
-8.818066678941249847e-03
1.254369691014289856e-02
1.459053624421358109e-02
1.571463420987129211e-02
2.605884708464145660e-02
1.684709079563617706e-02
7.070457190275192261e-02
1.096225250512361526e-02
5.078882910311222076e-03
9.162697941064834595e-03
4.133701324462890625e-03
1.582634150981903076e-01
1.893540658056735992e-02
2.815281599760055542e-02
2.811171486973762512e-02
5.210648477077484131e-02
1.251280424185097218e-03
2.626870013773441315e-02
-2.753613516688346863e-02
4.223983362317085266e-02
2.245476469397544861e-02
1.913802884519100189e-02
-8.044508285820484161e-03
5.070353299379348755e-02
3.411878272891044617e-02
4.910504445433616638e-02
-2.953290194272994995e-02
2.044986747205257416e-02
3.048916906118392944e-02
-1.090941391885280609e-02
-5.961992591619491577e-02
4.202679172158241272e-02
3.684508427977561951e-02
8.645393885672092438e-03
3.164538368582725525e-02
2.084431611001491547e-02
-3.341886913403868675e-03
2.106733992695808411e-02
1.309941709041595459e-02
3.651924803853034973e-02
3.467378020286560059e-02
-6.554553692694753408e-05
1.239884085953235626e-02
4.941417649388313293e-02
2.619042061269283295e-02
3.394475579261779785e-02
-2.785343443974852562e-03
2.622714079916477203e-02
3.059275634586811066e-02
3.079872392117977142e-02
4.864646866917610168e-02
-4.037118330597877502e-02
2.370285429060459137e-02
9.236658806912600994e-04
1.870181993581354618e-03
1.015690714120864868e-02
2.569066919386386871e-02
1.341068930923938751e-02
2.557651326060295105e-02
3.925412148237228394e-02
3.844688460230827332e-02
3.573421388864517212e-03
9.032825008034706116e-03
8.618864417076110840e-02
1.791962794959545135e-02
2.404215186834335327e-02
5.577314645051956177e-03
2.768998220562934875e-02
9.773424826562404633e-03
4.364236816763877869e-02
3.217744454741477966e-02
-1.007986254990100861e-02
-7.249257178045809269e-04
2.333764731884002686e-02
1.523872837424278259e-02
3.514388576149940491e-02
-1.692715100944042206e-02
2.942444756627082825e-02
5.982108786702156067e-02
2.252084203064441681e-02
1.181058958172798157e-02
2.153399586677551270e-02
4.159976914525032043e-02
3.782660514116287231e-02
7.138204574584960938e-02
2.397249452769756317e-02
1.085814554244279861e-02
1.518819388002157211e-02
5.468405317515134811e-03
1.402047462761402130e-02
3.191919624805450439e-02
2.124526537954807281e-02
3.562188893556594849e-02
1.519264280796051025e-02
-2.371197799220681190e-03
2.210607565939426422e-02
6.155506148934364319e-02
1.143246330320835114e-02
1.897833682596683502e-02
4.658232256770133972e-02
6.215600762516260147e-03
1.905811391770839691e-02
3.473037108778953552e-02
2.295296266674995422e-02
1.385280862450599670e-02
2.959509566426277161e-02
3.000788576900959015e-02
2.606673724949359894e-02
2.848482504487037659e-02
3.949586302042007446e-02
3.712573647499084473e-02
8.913338184356689453e-03
3.218511492013931274e-02
3.270879760384559631e-02
1.744729466736316681e-02
1.764944382011890411e-02
-2.074696589261293411e-03
-1.833302155137062073e-02
2.106179296970367432e-02
2.064180560410022736e-03
4.077449813485145569e-02
1.976335048675537109e-02
3.021340444684028625e-02
3.428171575069427490e-02
4.721576720476150513e-02
1.350328326225280762e-02
9.520731121301651001e-02
1.097618564963340759e-01
1.044377461075782776e-01
2.554560638964176178e-02
6.469181925058364868e-02
2.838037349283695221e-02
8.472453802824020386e-02
2.014007791876792908e-02
2.369153127074241638e-02
6.146247312426567078e-02
2.774715237319469452e-02
-2.212215028703212738e-02
2.039527893066406250e-02
4.752533137798309326e-02
-5.057835020124912262e-03
1.593235880136489868e-02
2.207773551344871521e-02
9.229858964681625366e-02
-2.811727114021778107e-03
-2.815067535266280174e-03
7.284203916788101196e-02
6.672745570540428162e-03
1.148759052157402039e-01
2.597057074308395386e-02
3.046942688524723053e-02
9.812641888856887817e-02
6.498864293098449707e-02
1.277167163789272308e-02
4.722314421087503433e-03
2.799718640744686127e-02
1.284072920680046082e-02
2.496274560689926147e-02
1.184735819697380066e-02
2.305518835783004761e-02
5.580865219235420227e-02
1.966271735727787018e-02
1.162919029593467712e-02
1.167645677924156189e-02
3.314038366079330444e-02
7.211922854185104370e-02
2.662727423012256622e-02
1.279550138860940933e-02
3.011036477982997894e-02
-1.959284563781693578e-04
1.928112283349037170e-02
7.679810374975204468e-02
1.836059615015983582e-02
1.164927729405462742e-03
-5.887623410671949387e-03
1.906924881041049957e-02
4.797531757503747940e-03
-3.450563177466392517e-02
5.794498696923255920e-02
-3.285400802269577980e-03
-1.050445623695850372e-02
5.091866850852966309e-02
1.705561578273773193e-02
1.721729710698127747e-02
6.596318632364273071e-02
2.715163119137287140e-02
3.039878048002719879e-02
2.335312962532043457e-02
1.954611390829086304e-02
2.801304869353771210e-02
1.916651986539363861e-02
2.108879946172237396e-02
5.589036270976066589e-03
-1.140494551509618759e-02
-8.838129043579101562e-02
1.222193315625190735e-01
5.703411996364593506e-03
6.454330682754516602e-02
9.158686548471450806e-02
1.501589454710483551e-02
4.583774879574775696e-02
3.794407099485397339e-02
2.741638571023941040e-02
3.427413478493690491e-02
2.568393014371395111e-02
5.830771103501319885e-02
3.512866795063018799e-02
1.706995628774166107e-02
2.328628115355968475e-02
-5.016703158617019653e-03
1.558890473097562790e-02
2.385192364454269409e-02
4.772120341658592224e-02
1.192537881433963776e-02
2.201968990266323090e-02
9.611205197870731354e-03
4.593714699149131775e-02
2.762739360332489014e-02
5.492571741342544556e-03
4.644920118153095245e-03
-2.940065693110227585e-03
1.167037617415189743e-02
4.045141860842704773e-02
3.789944201707839966e-02
2.003073506057262421e-02
3.367664292454719543e-02
4.473748058080673218e-02
-1.894396264106035233e-03
3.127462044358253479e-02
1.388621330261230469e-02
3.546441718935966492e-02
2.128011174499988556e-02
2.138504199683666229e-02
3.579864278435707092e-02
1.321190502494573593e-02
1.685207709670066833e-02
-1.693079434335231781e-02
3.547835722565650940e-02
5.805873498320579529e-02
1.271899230778217316e-02
-4.262690991163253784e-02
4.223760962486267090e-02
6.680565327405929565e-02
2.676610462367534637e-02
3.122309781610965729e-02
3.465463221073150635e-02
4.526314884424209595e-02
1.171505171805620193e-02
8.684678934514522552e-03
1.967499777674674988e-02
3.636268526315689087e-02
2.512069419026374817e-03
1.898947916924953461e-02
3.920037671923637390e-02
2.126255631446838379e-02
1.502927578985691071e-02
3.845508769154548645e-02
2.161395363509654999e-02
9.509228169918060303e-03
2.717597410082817078e-02
-8.225711062550544739e-03
4.543679952621459961e-02
2.300098538398742676e-02
4.005536809563636780e-02
3.200539946556091309e-02
1.711180619895458221e-02
3.469682857394218445e-02
1.072641462087631226e-02
2.241691760718822479e-02
5.602249875664710999e-02
1.350438408553600311e-02
3.020911850035190582e-02
2.628748677670955658e-02
6.901183724403381348e-02
2.065217681229114532e-02
2.899234741926193237e-02
3.532996866852045059e-03
1.176462601870298386e-02
3.229415789246559143e-02
1.623333059251308441e-02
1.579565368592739105e-02
3.855369985103607178e-02
1.021877210587263107e-02
-3.330901730805635452e-03
4.564780276268720627e-03
3.068114630877971649e-02
3.129625692963600159e-02
2.685125544667243958e-02
1.777430437505245209e-02
-4.785989876836538315e-04
3.762468323111534119e-02
4.074853286147117615e-02
3.431344032287597656e-02
3.628670051693916321e-02
1.943139173090457916e-02
3.715859353542327881e-02
3.109146840870380402e-02
6.400195509195327759e-02
2.946543507277965546e-02
1.560550834983587265e-02
3.197234123945236206e-02
8.885421790182590485e-03
1.076914276927709579e-02
5.130355432629585266e-02
9.866062551736831665e-02
3.128276392817497253e-02
2.944737486541271210e-02
1.145083922892808914e-02
2.641995064914226532e-02
1.934681087732315063e-02
4.526192322373390198e-02
3.228045254945755005e-02
9.451269172132015228e-03
1.711256243288516998e-02
6.715982407331466675e-02
4.698778688907623291e-02
2.999953553080558777e-02
1.609078496694564819e-01
1.574918441474437714e-02
3.918155655264854431e-02
4.002346098423004150e-02
1.575375534594058990e-02
2.357322955504059792e-03
-1.897321082651615143e-02
2.483672462403774261e-02
1.422813814133405685e-02
3.638021275401115417e-02
1.774897612631320953e-02
5.493396148085594177e-02
-4.529711976647377014e-02
3.287883475422859192e-02
1.453492604196071625e-02
9.177801199257373810e-03
4.219428449869155884e-02
2.603334560990333557e-02
4.692776873707771301e-02
7.067552767693996429e-03
3.042460046708583832e-02
5.504001677036285400e-02
6.611341238021850586e-02
3.353680670261383057e-02
2.596873417496681213e-02
6.216875463724136353e-02
1.251057907938957214e-02
3.335481509566307068e-02
8.466847240924835205e-03
6.507464498281478882e-02
1.096612960100173950e-02
3.038331307470798492e-02
6.407788395881652832e-02
3.296712413430213928e-02
4.633289203047752380e-02
4.212655499577522278e-02
4.387858882546424866e-02
1.208681799471378326e-02
1.113446429371833801e-02
2.065156958997249603e-02
1.521826535463333130e-02
6.546197086572647095e-02
1.121235117316246033e-01
-2.019962063059210777e-03
5.634380504488945007e-02
2.161797136068344116e-02
2.891997247934341431e-02
8.942135423421859741e-02
8.333693258464336395e-03
-2.013540826737880707e-02
1.640946604311466217e-02
1.659496128559112549e-02
2.913265675306320190e-02
7.377265393733978271e-02
6.757485866546630859e-02
3.803932666778564453e-02
2.710714936256408691e-02
1.905919425189495087e-02
4.581397771835327148e-02
1.841839402914047241e-02
-3.011823864653706551e-03
5.964060779660940170e-03
5.422740429639816284e-02
4.002941772341728210e-02
-3.279638942331075668e-03
2.253513783216476440e-02
4.109470173716545105e-02
1.028137058019638062e-01
4.633688181638717651e-02
2.374327182769775391e-02
2.334498614072799683e-02
8.559177815914154053e-02
1.381836831569671631e-02
1.988136023283004761e-02
6.503571569919586182e-02
-1.173287816345691681e-02
1.825993694365024567e-02
-6.079894490540027618e-03
4.463931918144226074e-02
8.903424441814422607e-02
4.659008700400590897e-04
1.328483317047357559e-02
4.680770915001630783e-03
3.010398522019386292e-02
1.663822494447231293e-02
3.554937243461608887e-02
-9.035775437951087952e-04
2.200594404712319374e-03
1.473665516823530197e-02
1.941988430917263031e-02
3.814860060811042786e-02
4.849624633789062500e-02
2.754717133939266205e-02
4.375829175114631653e-02
2.330398932099342346e-02
1.802119612693786621e-02
4.845939204096794128e-02
1.933817937970161438e-02
9.292369708418846130e-03
-2.134350594133138657e-03
1.573949237354099751e-03
3.507649526000022888e-02
3.114496544003486633e-02
1.864505931735038757e-02
4.816710948944091797e-02
-8.700049668550491333e-02
2.263983152806758881e-02
1.448449771851301193e-02
2.063977718353271484e-02
3.901480510830879211e-02
-1.738222874701023102e-02
2.292403392493724823e-02
2.017720788717269897e-02
4.955840110778808594e-02
5.027804523706436157e-02
8.975424617528915405e-02
1.419958472251892090e-02
7.971768500283360481e-04
3.507938235998153687e-02
1.245084870606660843e-02
1.617583818733692169e-02
9.806136041879653931e-02
-2.804799936711788177e-03
3.474255278706550598e-02
3.330456092953681946e-02
1.493705064058303833e-01
4.066836461424827576e-02
5.679271649569272995e-03
-1.083711814135313034e-02
4.414755851030349731e-02
6.740733515471220016e-03
3.290634602308273315e-02
1.071603447198867798e-01
6.437719613313674927e-02
3.376846760511398315e-02
2.930699661374092102e-02
3.735927864909172058e-02
1.499203778803348541e-02
2.351491153240203857e-02
2.617857977747917175e-02
8.520873263478279114e-03
3.016236424446105957e-02
1.922993734478950500e-02
8.819080144166946411e-02
2.706334926187992096e-02
5.990076344460248947e-03
4.632185027003288269e-02
1.624679937958717346e-02
2.141094533726572990e-03
6.333513557910919189e-02
1.397928339429199696e-03
6.136568263173103333e-02
4.719505459070205688e-02
2.287265285849571228e-02
-5.244017811492085457e-04
7.390797138214111328e-02
9.772710502147674561e-03
1.860409602522850037e-02
4.914313182234764099e-02
2.445572428405284882e-02
2.049084939062595367e-02
6.489616818726062775e-03
2.911603078246116638e-02
1.578251831233501434e-02
3.017353080213069916e-02
2.919285371899604797e-02
1.034910231828689575e-02
4.066268727183341980e-02
-1.892266795039176941e-02
-4.966718144714832306e-03
7.114332169294357300e-02
1.716382801532745361e-02
7.312749326229095459e-02
2.450083941221237183e-02
-4.695802927017211914e-03
6.050580181181430817e-03
2.223107963800430298e-02
-6.232936866581439972e-03
8.406528085470199585e-02
4.207654297351837158e-02
2.531455643475055695e-02
4.025679081678390503e-02
2.733742259442806244e-02
2.148621715605258942e-02
9.754671715199947357e-03
2.977479808032512665e-02
1.028945390135049820e-02
6.668394804000854492e-02
3.015368059277534485e-02
1.766974665224552155e-02
7.012568414211273193e-02
1.886418275535106659e-02
3.261426836252212524e-02
2.587340213358402252e-02
3.944658115506172180e-02
3.837569430470466614e-02
3.060870617628097534e-02
-6.718932837247848511e-02
1.922886259853839874e-02
1.826032251119613647e-02
3.267693519592285156e-02
1.823016069829463959e-02
-3.578161075711250305e-02
3.748497366905212402e-02
8.100975304841995239e-03
1.622210256755352020e-02
1.156600285321474075e-02
3.050399571657180786e-02
1.883669011294841766e-02
4.250306636095046997e-02
1.907901372760534286e-03
2.154359361156821251e-03
5.427496880292892456e-02
1.226580981165170670e-02
1.616955734789371490e-02
2.552689239382743835e-02
1.525092590600252151e-02
2.647472545504570007e-02
3.877932950854301453e-02
3.922694921493530273e-02
1.349119283258914948e-02
7.114851032383739948e-04
3.935863077640533447e-02
3.657574951648712158e-02
1.431199721992015839e-02
2.238039672374725342e-02
1.451871916651725769e-02
1.387495640665292740e-02
8.821122348308563232e-03
4.487115144729614258e-02
2.470285259187221527e-02
1.299181114882230759e-02
-6.703148782253265381e-02
8.169684559106826782e-03
2.074356749653816223e-02
1.567686721682548523e-02
4.153250530362129211e-02
5.003919452428817749e-02
7.699460536241531372e-02
3.164491057395935059e-02
6.980518251657485962e-02
1.923773996531963348e-02
3.166149929165840149e-02
4.552658274769783020e-02
1.389341987669467926e-02
3.134059533476829529e-02
2.403738722205162048e-02
1.773392409086227417e-02
8.659437298774719238e-02
1.544496789574623108e-02
3.453166410326957703e-02
1.187921967357397079e-02
3.235540539026260376e-02
2.760422788560390472e-02
1.820399053394794464e-02
-2.342564798891544342e-02
4.196748137474060059e-02
3.390751779079437256e-02
2.829922176897525787e-02
2.982995659112930298e-02
2.385037718340754509e-03
2.480605430901050568e-02
1.385536137968301773e-02
2.363757230341434479e-02
2.714476548135280609e-03
3.770874068140983582e-02
1.329704187810420990e-02
1.044040769338607788e-01
7.538732606917619705e-03
3.718581423163414001e-02
8.836081251502037048e-03
9.686632081866264343e-03
-1.409474946558475494e-02
-5.808617919683456421e-02
3.602844662964344025e-03
2.581043913960456848e-02
3.338963910937309265e-02
1.910631917417049408e-02
1.533718779683113098e-02
2.217881381511688232e-02
1.373425032943487167e-02
2.867412567138671875e-02
4.055892303586006165e-02
-5.689369281753897667e-04
3.107635304331779480e-02
-9.443044662475585938e-03
2.564577758312225342e-02
-1.790076307952404022e-02
4.324518144130706787e-02
1.367745641618967056e-02
3.166098892688751221e-02
1.243797782808542252e-02
-2.559331431984901428e-02
1.456889323890209198e-02
9.792318567633628845e-03
-5.800608918070793152e-02
2.023695781826972961e-02
8.435586350969970226e-04
5.128023773431777954e-02
2.063619345426559448e-02
3.284306079149246216e-02
3.047427721321582794e-02
7.772768381983041763e-03
7.873220369219779968e-03
6.161183491349220276e-02
9.613092988729476929e-03
2.806037850677967072e-02
2.041929773986339569e-02
2.583823725581169128e-02
1.625478081405162811e-02
3.296705707907676697e-02
2.251217328011989594e-02
3.378054872155189514e-02
3.930121287703514099e-02
7.250637281686067581e-03
2.173371613025665283e-02
3.450715169310569763e-02
2.309319563210010529e-02
1.890658214688301086e-02
2.580447308719158173e-02
3.382335603237152100e-02
2.701406925916671753e-02
4.325202666223049164e-03
1.499876566231250763e-02
3.176694363355636597e-02
2.737073041498661041e-02
1.907515339553356171e-02
7.195629924535751343e-02
3.325223177671432495e-02
-1.739258691668510437e-02
3.537229076027870178e-02
6.816070526838302612e-02
9.161681681871414185e-02
1.390014961361885071e-02
-1.369859278202056885e-02
4.149125516414642334e-02
-3.869279287755489349e-03
2.852904237806797028e-02
3.363095223903656006e-02
3.431589156389236450e-02
3.108923509716987610e-02
1.872647367417812347e-02
-8.520816336385905743e-04
4.086474701762199402e-02
2.754508331418037415e-02
3.376265242695808411e-02
4.121415689587593079e-02
1.829454116523265839e-02
1.988636888563632965e-02
2.287361025810241699e-02
3.506597504019737244e-02
2.304541319608688354e-02
3.848315402865409851e-02
5.704510584473609924e-02
1.081253401935100555e-02
3.547998890280723572e-02
4.767976328730583191e-02
1.153342542238533497e-03
7.137879729270935059e-02
1.811531372368335724e-02
6.067630648612976074e-02
3.010611049830913544e-02
-2.960985759273171425e-03
1.228050887584686279e-02
5.757839232683181763e-02
9.169525466859340668e-03
9.050326049327850342e-02
1.902507245540618896e-02
3.685838356614112854e-02
3.059896454215049744e-02
2.989810146391391754e-02
-2.226607315242290497e-02
3.051374480128288269e-02
1.359363924711942673e-02
2.882070466876029968e-02
3.568482026457786560e-02
1.277810893952846527e-02
3.750631958246231079e-02
5.836404114961624146e-02
1.235360372811555862e-02
6.577953230589628220e-03
1.797400414943695068e-02
1.108485367149114609e-02
5.620503798127174377e-02
3.070341236889362335e-02
2.566455863416194916e-02
2.008097246289253235e-02
2.034274621109943837e-05
5.106601119041442871e-02
1.237816829234361649e-02
3.266574069857597351e-02
4.513786360621452332e-02
2.660132944583892822e-03
-3.105933777987957001e-03
4.018356557935476303e-03
2.511008083820343018e-02
4.674760159105062485e-03
3.038054890930652618e-02
1.552947759628295898e-01
2.535765059292316437e-02
8.769152685999870300e-03
8.554574102163314819e-03
1.417260244488716125e-02
-2.334952168166637421e-02
2.577240392565727234e-02
6.517066806554794312e-02
4.361871257424354553e-02
2.594370581209659576e-02
8.797829970717430115e-03
6.783950608223676682e-03
3.036894835531711578e-02
7.005205005407333374e-02
1.240053586661815643e-02
3.146355971693992615e-02
1.433143392205238342e-02
2.389468811452388763e-02
2.909795381128787994e-02
3.265216946601867676e-02
2.151357568800449371e-02
2.757857553660869598e-02
6.219733506441116333e-03
2.450440824031829834e-02
7.196243852376937866e-03
1.416089292615652084e-02
2.597586438059806824e-02
4.128468781709671021e-02
1.678434573113918304e-02
1.652394235134124756e-02
5.838675424456596375e-02
3.551153838634490967e-02
1.089624688029289246e-02
1.693482510745525360e-02
2.870554663240909576e-02
6.259126961231231689e-02
5.058375000953674316e-02
-7.488193456083536148e-03
7.248859107494354248e-02
1.343192756175994873e-01
3.275329619646072388e-02
6.899908185005187988e-02
4.798304755240678787e-03
2.207557111978530884e-02
3.314320743083953857e-02
5.324957892298698425e-03
3.401087969541549683e-02
6.353561184369027615e-04
4.367144033312797546e-02
-2.251939848065376282e-02
1.322986185550689697e-02
4.349081963300704956e-02
4.642025753855705261e-02
1.747459173202514648e-02
2.621831744909286499e-02
5.462281405925750732e-02
7.093608379364013672e-02
2.609141170978546143e-03
6.029342766851186752e-03
2.430844679474830627e-02
2.461131848394870758e-02
5.223230272531509399e-02
1.865844428539276123e-02
3.754073381423950195e-02
1.942801475524902344e-02
4.995709285140037537e-03
3.179112449288368225e-02
4.772421717643737793e-02
2.904517762362957001e-02
2.969416417181491852e-02
3.919621929526329041e-02
4.922735039144754410e-03
3.340282663702964783e-02
1.969051547348499298e-02
2.439458668231964111e-02
2.946527302265167236e-02
-6.148943211883306503e-04
-7.004475686699151993e-03
1.187801733613014221e-02
3.764560446143150330e-02
2.173562161624431610e-02
3.530669584870338440e-02
1.307595670223236084e-01
8.286953903734683990e-03
3.043659776449203491e-02
1.833485066890716553e-02
6.631108000874519348e-03
6.829876452684402466e-02
2.102064900100231171e-02
1.510611642152070999e-02
2.252084575593471527e-02
1.879896968603134155e-02
1.302612107247114182e-02
1.866387948393821716e-02
8.561875671148300171e-02
6.724629551172256470e-02
-2.133777365088462830e-03
1.486748084425926208e-02
3.917830996215343475e-03
3.155947476625442505e-02
1.404303591698408127e-02
-2.659233473241329193e-02
4.567709285765886307e-03
1.925159059464931488e-02
3.429593145847320557e-02
3.799541294574737549e-02
4.120397381484508514e-03
-6.717024371027946472e-03
2.081250771880149841e-02
4.992415755987167358e-02
1.473106164485216141e-02
4.365528374910354614e-02
8.210085332393646240e-02
4.025638103485107422e-02
4.896035790443420410e-02
3.893946856260299683e-02
2.826570160686969757e-02
1.814009808003902435e-02
-2.486604265868663788e-02
4.806103184819221497e-02
-9.219065308570861816e-03
8.032939396798610687e-03
2.000173740088939667e-02
-1.115491241216659546e-02
4.672895744442939758e-02
8.437369763851165771e-02
3.888930007815361023e-02
3.148284554481506348e-02
2.778870798647403717e-02
2.997309155762195587e-02
1.147143635898828506e-02
-1.283399481326341629e-02
3.199601918458938599e-02
8.596626110374927521e-03
1.511005591601133347e-02
3.589208051562309265e-02
-3.511185757815837860e-03
1.999872364103794098e-02
3.742368519306182861e-02
9.816171368584036827e-04
8.669036626815795898e-02
3.268879652023315430e-02
8.926699869334697723e-03
6.657651811838150024e-02
4.276735708117485046e-02
2.980843745172023773e-02
5.299465847201645374e-04
1.854581572115421295e-02
3.413692489266395569e-02
2.512369863688945770e-02
8.426453918218612671e-02
4.370331019163131714e-02
-5.180909764021635056e-03
-2.384079853072762489e-03
5.366309359669685364e-02
1.847354695200920105e-02
3.399396082386374474e-03
1.474404707551002502e-02
4.540435597300529480e-02
3.763935714960098267e-02
-5.045604193583130836e-04
9.152965620160102844e-03
7.999827712774276733e-02
1.768883876502513885e-02
1.769554056227207184e-02
9.446469135582447052e-03
1.636113971471786499e-02
3.802850097417831421e-02
2.583609893918037415e-02
-6.829314515925943851e-04
1.144664920866489410e-02
4.552462603896856308e-03
8.836628869175910950e-03
3.808514028787612915e-02
7.489016279578208923e-03
3.739260137081146240e-02
3.203940810635685921e-03
8.735192008316516876e-03
5.838633980602025986e-03
2.019863389432430267e-02
-6.070979870855808258e-03
9.053390473127365112e-02
2.917002420872449875e-03
1.402427535504102707e-02
1.439369563013315201e-02
3.437452390789985657e-02
-2.693596761673688889e-03
2.277368120849132538e-02
3.201184049248695374e-02
-7.369985803961753845e-03
3.719852492213249207e-02
1.557322684675455093e-02
4.876209422945976257e-02
9.994735941290855408e-03
2.159619331359863281e-02
1.381258293986320496e-02
1.665611565113067627e-02
3.089164756238460541e-02
1.196214463561773300e-02
3.413579612970352173e-02
7.078355550765991211e-02
7.076965644955635071e-03
3.221143409609794617e-02
4.234103113412857056e-02
4.024770110845565796e-02
6.766131613403558731e-03
2.683439850807189941e-02
6.696525495499372482e-03
2.146293036639690399e-02
5.269594117999076843e-02
1.135009899735450745e-02
1.701236143708229065e-02
1.664798334240913391e-02
1.069481484591960907e-02
2.358514256775379181e-02
3.825410082936286926e-02
1.382676959037780762e-01
-1.569001236930489540e-03
2.964317984879016876e-02
7.389165461063385010e-02
4.753914847970008850e-02
1.848050951957702637e-02
3.052471205592155457e-02
1.656671240925788879e-02
-4.826411139219999313e-03
2.019009739160537720e-02
2.413492277264595032e-02
6.124342232942581177e-02
-2.226884104311466217e-02
4.418056458234786987e-03
2.694713324308395386e-02
8.453425951302051544e-03
2.325999736785888672e-02
4.369841143488883972e-02
2.574092335999011993e-02
3.563302382826805115e-02
3.333775699138641357e-02
-2.771879779174923897e-03
2.829644270241260529e-02
4.435507208108901978e-02
3.243149258196353912e-03
1.302812807261943817e-02
3.197252750396728516e-02
2.415904030203819275e-02
-3.341616690158843994e-02
3.639008477330207825e-02
1.543457270599901676e-03
-5.419518798589706421e-03
1.633654907345771790e-02
5.189761146903038025e-02
1.488768868148326874e-02
2.594387158751487732e-02
4.103342443704605103e-02
2.966072037816047668e-02
2.226271666586399078e-02
2.398706413805484772e-02
3.216464444994926453e-02
1.956920139491558075e-02
9.907596744596958160e-03
1.717704348266124725e-02
1.725774630904197693e-02
4.826023429632186890e-02
3.463713824748992920e-02
7.209114730358123779e-02
3.584939986467361450e-02
1.530932914465665817e-02
-4.733666777610778809e-03
3.229744359850883484e-02
2.585213072597980499e-02
1.005249097943305969e-02
1.303748879581689835e-02
4.078223370015621185e-03
9.841725230216979980e-03
1.727163419127464294e-02
1.071768067777156830e-02
-2.398681361228227615e-03
-6.596740800887346268e-03
1.054721698164939880e-02
7.665511686354875565e-03
4.264537990093231201e-02
3.114047832787036896e-02
3.027093037962913513e-02
-4.201004921924322844e-04
1.802999526262283325e-02
4.425563663244247437e-02
5.350084230303764343e-02
3.118733502924442291e-02
1.443556603044271469e-02
2.050803415477275848e-02
1.854879781603813171e-02
1.754197850823402405e-02
4.019983857870101929e-02
2.108130976557731628e-02
2.372384443879127502e-02
3.646269813179969788e-02
3.988218680024147034e-02
1.121350377798080444e-02
5.815087351948022842e-03
2.958954684436321259e-02
2.343451231718063354e-02
2.957889996469020844e-02
2.543672360479831696e-02
3.116524778306484222e-02
2.188707143068313599e-02
1.040367223322391510e-02
2.335352636873722076e-02
6.214407272636890411e-03
3.687480464577674866e-02
2.722259052097797394e-02
-4.237961547914892435e-04
3.141278401017189026e-02
9.990400634706020355e-03
4.816428758203983307e-03
9.703075513243675232e-03
7.439346611499786377e-02
5.787973478436470032e-02
5.206891894340515137e-02
7.924069650471210480e-03
3.443251922726631165e-02
2.803276851773262024e-02
4.085013642907142639e-03
-1.468884875066578388e-03
4.675649106502532959e-02
3.191661788150668144e-03
7.516445964574813843e-02
8.168745785951614380e-03
1.116312388330698013e-02
3.963191434741020203e-02
-2.960101701319217682e-03
2.601423300802707672e-02
1.753358356654644012e-02
2.659576199948787689e-02
4.970707744359970093e-02
6.816342473030090332e-02
1.271843723952770233e-02
1.009324118494987488e-01
7.326411549001932144e-03
2.646294794976711273e-02
3.345536068081855774e-02
2.585359849035739899e-02
2.505975775420665741e-02
2.069609053432941437e-02
1.421861816197633743e-02
-3.122240491211414337e-02
-3.415727405808866024e-04
7.302688807249069214e-02
3.369974344968795776e-02
3.543546423316001892e-02
1.142842788249254227e-02
1.869611442089080811e-02
4.207823891192674637e-03
1.755161769688129425e-02
4.997267574071884155e-02
4.712601006031036377e-02
2.690923959016799927e-02
1.361395046114921570e-02
-5.338306725025177002e-02
1.295680832117795944e-02
1.484668534249067307e-02
2.220463939011096954e-02
2.633435092866420746e-02
-3.369691595435142517e-02
5.900396034121513367e-02
3.664246946573257446e-02
1.401213835924863815e-02
2.744663879275321960e-02
2.767652459442615509e-02
7.432647049427032471e-03
6.279017776250839233e-02
5.349253304302692413e-03
3.105380386114120483e-02
2.040444873273372650e-02
1.629308983683586121e-02
3.717376291751861572e-02
-2.713332697749137878e-02
-3.238884499296545982e-03
4.496039077639579773e-02
7.113752514123916626e-02
1.668060198426246643e-02
2.768126316368579865e-02
6.148567888885736465e-03
3.167960792779922485e-02
1.968250982463359833e-02
-2.360478276386857033e-03
4.961279779672622681e-02
6.991761177778244019e-02
5.927752237766981125e-03
2.441318240016698837e-03
7.772627286612987518e-03
2.519167400896549225e-02
4.608155041933059692e-02
1.811230927705764771e-02
5.803924426436424255e-02
2.304362319409847260e-02
6.099385675042867661e-03
3.803884610533714294e-02
1.870995201170444489e-02
1.358402241021394730e-02
4.289788752794265747e-02
2.244864776730537415e-02
2.018384821712970734e-02
3.158527240157127380e-02
4.733537137508392334e-02
2.565284073352813721e-02
3.515161946415901184e-02
3.411806887015700340e-03
1.564312167465686798e-02
8.173882961273193359e-03
4.397696629166603088e-02
4.205514490604400635e-02
1.846523210406303406e-02
4.355959594249725342e-02
1.155154872685670853e-02
1.219061668962240219e-02
7.536325603723526001e-03
1.870557293295860291e-02
2.457977645099163055e-02
2.008520998060703278e-02
1.361557934433221817e-02
1.701602526009082794e-02
1.546604442410171032e-03
1.935039996169507504e-03
7.645688951015472412e-03
6.240722909569740295e-02
1.184379979968070984e-01
4.708413407206535339e-02
3.357886150479316711e-02
5.745266564190387726e-03
7.248708605766296387e-02
1.141520030796527863e-02
2.857970818877220154e-02
4.273584857583045959e-02
-3.136885119602084160e-03
-4.245200660079717636e-03
3.482159972190856934e-02
2.047401480376720428e-02
2.362453378736972809e-02
2.496588602662086487e-02
1.687434315681457520e-02
-4.647590103559195995e-04
2.274872967973351479e-03
4.075725749135017395e-02
1.772442832589149475e-02
5.661616846919059753e-02
1.489205937832593918e-02
9.765719994902610779e-03
9.733822196722030640e-03
-2.688208827748894691e-03
8.702616207301616669e-03
9.814372286200523376e-03
1.996331103146076202e-02
5.674643814563751221e-02
3.047030791640281677e-02
4.688349366188049316e-02
3.003206662833690643e-02
1.015545520931482315e-02
2.031816355884075165e-02
2.769301459193229675e-02
1.333592552691698074e-02
1.351942215114831924e-02
1.450370252132415771e-02
2.693074196577072144e-02
7.424124050885438919e-03
5.124897230416536331e-03
3.121275082230567932e-02
2.569870278239250183e-02
3.306992724537849426e-02
-1.381032261997461319e-02
8.154249191284179688e-02
1.308671478182077408e-02
1.328894589096307755e-02
1.945026591420173645e-02
1.178801897913217545e-02
2.396676689386367798e-03
2.771574771031737328e-03
5.023050680756568909e-02
-5.816283519379794598e-04
6.266911327838897705e-02
1.702256873250007629e-02
4.062602669000625610e-02
3.669372200965881348e-02
3.196770697832107544e-02
2.773759141564369202e-02
1.864687353372573853e-02
2.087559178471565247e-02
1.694680005311965942e-02
2.314187027513980865e-02
2.466942928731441498e-02
-2.847867086529731750e-03
-5.989288538694381714e-02
6.248689070343971252e-02
3.877307847142219543e-02
1.747008785605430603e-02
3.810788691043853760e-02
2.830941043794155121e-02
-6.194918230175971985e-02
-1.360187772661447525e-02
2.006945759057998657e-02
2.177731320261955261e-02
7.201291620731353760e-03
2.521472983062267303e-02
2.294031344354152679e-02
1.955308578908443451e-02
8.711778558790683746e-03
9.453791193664073944e-03
1.036184839904308319e-02
3.805649653077125549e-02
2.244310081005096436e-02
2.521032840013504028e-02
5.681479722261428833e-02
-1.589931547641754150e-02
2.285465970635414124e-02
-1.964163966476917267e-02
2.494902722537517548e-02
2.217299863696098328e-02
9.628076106309890747e-03
2.372083486989140511e-03
4.480602219700813293e-03
1.579314703121781349e-03
1.551209669560194016e-02
2.878420427441596985e-02
1.879465579986572266e-02
2.184692583978176117e-02
6.915996968746185303e-02
1.428490132093429565e-02
3.808161616325378418e-02
3.834144398570060730e-02
9.089928120374679565e-03
3.966547921299934387e-02
9.427055716514587402e-03
1.857944391667842865e-02
4.408727958798408508e-02
4.134713485836982727e-02
4.438516870141029358e-02
2.811300009489059448e-02
4.023588448762893677e-02
1.046862639486789703e-02
3.201860468834638596e-03
2.961446717381477356e-02
6.865004450082778931e-02
5.181080661714076996e-03
-2.762574004009366035e-03
2.639413438737392426e-02
1.950198970735073090e-02
1.612676680088043213e-02
6.090587005019187927e-03
1.788687147200107574e-02
4.463095590472221375e-02
3.214035555720329285e-02
-6.550245452672243118e-04
2.651461213827133179e-02
-1.242876425385475159e-02
2.281229570508003235e-02
-6.424817256629467010e-03
4.623444378376007080e-02
1.068000216037034988e-02
3.425643965601921082e-02
2.223127894103527069e-02
1.322175003588199615e-02
4.994937218725681305e-03
-1.381281390786170959e-02
3.653004765510559082e-02
1.850940287113189697e-02
2.828611992299556732e-02
3.097403421998023987e-02
3.125502541661262512e-02
5.471584387123584747e-03
1.081190723925828934e-02
-7.488039787858724594e-03
2.110345847904682159e-02
2.582393027842044830e-02
1.465717796236276627e-03
3.639788925647735596e-02
-1.462159678339958191e-02
2.553912810981273651e-02
2.975601516664028168e-02
1.879044249653816223e-02
1.703686267137527466e-02
1.115125231444835663e-02
2.156812883913516998e-02
6.676191464066505432e-03
6.639847997575998306e-03
-1.313891843892633915e-03
2.194774895906448364e-02
2.065101638436317444e-02
7.624518126249313354e-03
