3.267636522650718689e-02
4.887485876679420471e-03
6.535118882311508060e-05
6.640275474637746811e-03
1.525025162845849991e-02
6.815559921991010128e-11
1.135157793760299683e-02
4.351805150508880615e-02
1.424104720354080200e-02
2.519597066566348076e-03
2.840671222656965256e-03
1.064914744347333908e-02
1.470059249550104141e-02
1.804004982113838196e-02
3.184822544577414760e-11
5.870923399925231934e-03
7.809911388903856277e-03
9.151415899395942688e-03
6.203881930559873581e-03
9.497247636318206787e-03
6.919597275555133820e-03
1.876444183290004730e-02
1.862796954810619354e-02
1.383144033334504641e-12
2.476774528622627258e-02
7.376486901193857193e-03
4.943707492202520370e-03
8.655535057187080383e-03
1.606990512881267819e-10
5.183754954487085342e-03
9.503937326371669769e-03
1.340795215219259262e-02
1.176495663821697235e-02
7.673287298530340195e-03
1.365357078611850739e-02
1.310103666037321091e-02
7.415977865457534790e-02
1.336754485964775085e-02
2.138811214535962790e-05
3.912317752838134766e-02
7.180835586041212082e-03
2.852308331057429314e-03
3.212398383766412735e-03
1.886766217648983002e-02
3.252304391935467720e-03
3.673935774713754654e-03
1.367117185145616531e-02
6.306156981736421585e-03
2.551653422415256500e-03
5.204820074141025543e-03
2.440460398793220520e-02
1.895763148240803275e-06
3.531747730448842049e-03
1.564910449087619781e-02
2.987526357173919678e-02
1.891906489618122578e-03
7.066528312861919403e-03
2.981107216328382492e-03
1.283088233321905136e-02
2.288069213263188573e-11
1.626765355467796326e-02
9.999153204262256622e-03
2.856023143976926804e-03
1.720781996846199036e-02
1.584162469953298569e-03
4.746884107589721680e-03
8.130262605845928192e-03
4.568291828036308289e-03
1.045493761009375078e-10
2.414492890238761902e-03
8.786526159383356571e-04
1.183150522410869598e-02
5.520220380276441574e-03
4.444900900125503540e-03
1.773772528395056725e-03
1.084291748702526093e-02
1.772831194102764130e-03
3.809498623013496399e-02
1.787528023123741150e-02
2.592060016468167305e-03
4.956458229571580887e-03
7.279355544596910477e-03
1.319878851063549519e-03
4.898576065897941589e-03
8.109975606203079224e-03
1.342249009758234024e-02
1.137493643909692764e-02
6.885985378175973892e-03
5.221219733357429504e-02
1.645269684380501474e-11
4.934224556718547205e-11
5.424408707767724991e-03
2.833269303664565086e-03
1.861243322491645813e-02
8.623750009180333048e-15
1.820804551243782043e-03
1.636994071304798126e-02
1.927239634096622467e-02
1.215579360723495483e-02
7.613466680049896240e-02
1.451881043612957001e-02
1.438199658878147602e-03
4.406921565532684326e-02
7.019492331892251968e-03
3.949011489748954773e-02
1.301108113693771884e-06
6.726160179823637009e-03
3.383872797712683678e-03
2.241275832056999207e-02
1.095264870673418045e-02
2.606723457574844360e-02
1.359436288475990295e-02
3.332607410519439206e-12
4.861923400312662125e-03
1.983372122049331665e-02
3.915965929627418518e-02
5.367476027458906174e-03
1.379845105111598969e-02
1.016194280236959457e-02
1.733479835093021393e-02
4.642739892005920410e-03
1.156576815992593765e-02
2.195366844534873962e-02
1.722791977226734161e-02
5.818462930619716644e-03
6.822988390922546387e-02
9.211665019392967224e-03
2.183774299919605255e-02
5.597464740276336670e-03
7.873748429119586945e-03
9.350649081170558929e-03
4.636194091290235519e-03
1.116560306400060654e-02
2.147444444489110538e-10
3.265212103724479675e-02
5.077381618320941925e-03
9.405698627233505249e-03
1.425688341259956360e-02
5.144974615615971469e-13
4.472649656236171722e-03
1.733161322772502899e-02
4.738222341984510422e-03
5.381193011999130249e-03
5.085743737254233565e-08
3.643454750999808311e-03
1.921659708023071289e-02
1.599609851837158203e-02
8.947007358074188232e-03
4.029448609799146652e-03
1.558343879878520966e-02
1.087739411741495132e-02
5.069355014711618423e-03
2.706249244511127472e-02
2.387266606618254627e-09
3.404667600989341736e-02
3.126922622323036194e-02
3.715899214148521423e-02
4.578907045194036129e-11
2.139689028263092041e-02
5.964929703623056412e-03
4.347574897110462189e-03
2.742650918662548065e-02
9.516080841422080994e-03
1.882069744169712067e-02
2.736496040597558022e-03
3.761569814741960727e-06
1.849140785634517670e-02
5.430468358099460602e-03
2.094447612762451172e-03
2.643869956955313683e-03
2.048024944079074317e-12
4.678941890597343445e-02
3.620522795245051384e-03
3.681583702564239502e-02
8.217013736100398091e-10
6.882193265482783318e-04
1.500010211020708084e-02
1.344941277056932449e-02
1.447496283799409866e-02
9.599084034562110901e-03
5.916199646890163422e-03
1.127425022423267365e-02
5.021722521632909775e-03
3.555068373680114746e-02
1.454888377338647842e-02
3.115715831518173218e-02
2.002750916496598421e-11
1.643185690045356750e-02
2.425238490104675293e-02
8.348339237272739410e-03
2.095432952046394348e-02
9.904692880809307098e-03
1.781956478953361511e-02
4.177132993936538696e-02
1.076112985610961914e-01
8.802051655948162079e-03
3.121292481951336815e-15
1.620470196940004826e-03
5.184089764952659607e-03
3.576276451349258423e-02
3.499199627970961402e-12
4.994567018002271652e-03
1.655570976436138153e-02
5.911679472774267197e-03
1.593710406699866411e-12
2.115341601893305779e-03
2.291853539645671844e-03
1.209893450140953064e-02
6.228313222527503967e-02
5.579476055572740734e-05
1.591249741613864899e-02
1.690554432570934296e-02
3.941781818866729736e-02
7.972287413560152913e-11
2.540312241762876511e-03
4.576000850647687912e-03
1.127114612609148026e-02
5.520611628890037537e-02
4.471295978873968124e-03
4.172720480710268021e-03
1.520203519612550735e-02
3.818152938038110733e-03
6.341574316316494694e-15
1.611587707884609699e-03
2.011093683540821075e-02
4.700241144746541977e-03
8.466370403766632080e-03
8.266495168209075928e-02
7.091326173394918442e-03
8.014705032110214233e-03
1.798618002794682980e-03
1.796948350965976715e-02
1.839000615291297436e-03
5.768024711869657040e-04
7.464236443288554262e-15
6.517220754176378250e-03
2.402318344252307725e-09
6.120587699115276337e-03
5.272273439913988113e-03
1.344495452940464020e-02
1.618783684875779727e-08
1.036199107766151428e-01
3.170203184708952904e-03
2.365745604038238525e-02
1.924099633470177650e-03
8.904247544705867767e-03
1.958126947283744812e-02
9.432286024093627930e-03
2.971021691337227821e-03
1.945736445486545563e-02
2.202452160418033600e-03
4.693628847599029541e-02
4.864502232521772385e-03
9.270479902625083923e-03
2.849336015060544014e-03
1.723171211779117584e-02
2.292583929374814034e-03
1.145299896597862244e-02
3.761682193726301193e-03
1.821436733007431030e-02
4.422811325639486313e-03
4.585708957165479660e-03
3.649285994470119476e-03
2.572515048086643219e-02
5.725736729800701141e-03
3.362864628434181213e-02
3.001864999532699585e-03
1.850291714072227478e-02
3.199644759297370911e-02
1.727757975459098816e-02
2.413298005876640673e-08
2.906730398535728455e-03
8.128471853940943959e-12
2.085361443459987640e-02
4.583271220326423645e-03
3.007354773581027985e-02
1.007812283933162689e-02
5.979252513498067856e-03
4.009125754237174988e-03
1.211678050458431244e-02
9.822171181440353394e-03
1.552165299654006958e-02
4.568689037114381790e-03
1.394214387983083725e-02
2.801977843046188354e-02
3.245478123426437378e-02
1.910067512653768063e-03
7.495846133679151535e-03
6.303593050688505173e-03
3.665322670713067055e-03
2.417891100049018860e-02
7.109086368473072071e-07
2.218064153566956520e-03
4.370037000626325607e-03
4.395009949803352356e-03
9.148542769253253937e-03
4.889702424407005310e-03
8.715498545086575177e-09
1.456361915916204453e-02
7.799735044500266667e-07
6.380098406225442886e-03
6.240247748792171478e-03
1.601223601028323174e-03
6.384037435054779053e-03
6.575219333171844482e-03
9.241684339940547943e-03
1.150363124907016754e-03
8.885932154953479767e-03
1.341341808438301086e-02
2.585759386420249939e-02
3.480586223304271698e-03
1.527327292416558180e-10
1.884200125567767059e-13
4.179832207348160855e-13
3.314651548862457275e-02
7.846500724554061890e-03
3.230754518881440163e-03
4.378918558359146118e-02
5.079673118767169537e-13
1.777865737676620483e-02
3.639881266281008720e-03
2.280380763113498688e-02
8.251520805060863495e-03
3.412055084481835365e-03
2.116329409182071686e-02
2.615167426077316497e-15
4.221211653202772141e-03
1.709997281432151794e-02
1.402393821626901627e-02
1.411464996635913849e-02
1.391588710248470306e-02
4.725765902549028397e-03
7.418386109396546413e-13
2.254334837198257446e-02
3.725161775946617126e-03
9.372614324092864990e-03
4.700921941548585892e-03
2.182557433843612671e-02
2.535742009058594704e-03
1.018996443599462509e-02
3.438387811183929443e-02
8.864562958478927612e-03
2.376247011125087738e-02
1.432412420399487019e-03
5.212720856070518494e-02
2.183585613965988159e-02
8.071881786022791494e-15
2.070164121687412262e-02
5.348153878003358841e-03
5.886782705783843994e-02
2.760373428463935852e-02
9.564468637108802795e-03
1.786814071238040924e-02
1.960524916648864746e-02
4.364904016256332397e-02
1.099886745214462280e-02
1.097442954778671265e-02
3.575130179524421692e-02
1.528691966086626053e-02
3.504415275529026985e-03
1.049012318253517151e-02
1.892706565558910370e-02
6.413043476641178131e-03
2.245021425187587738e-02
1.694385187711588969e-09
1.978294923901557922e-02
6.136657204478979111e-03
2.976068295538425446e-03
2.061105519533157349e-02
8.919250220060348511e-03
2.338283039415856024e-11
2.359482273459434509e-02
2.222343347966670990e-02
1.764498837292194366e-02
2.634891541674733162e-03
7.096309214830398560e-03
5.432741250842809677e-03
8.092588745057582855e-03
1.420195680111646652e-03
2.122393995523452759e-02
8.175689144991338253e-04
7.831529714167118073e-03
2.135920524597167969e-02
9.451580233871936798e-03
6.864621769636869431e-03
4.193298518657684326e-03
5.354187759820661086e-09
3.509583696722984314e-02
2.782553993165493011e-02
6.043990608304738998e-03
2.664685016497969627e-03
2.010457450523972511e-03
1.947804726660251617e-02
2.395135816186666489e-03
1.264611445367336273e-02
9.203948080539703369e-02
2.412664331495761871e-02
7.532331161201000214e-03
1.249815523624420166e-02
7.056302390992641449e-03
1.761661021053295695e-12
3.774922713637351990e-02
9.303200640715658665e-04
1.718573458492755890e-02
1.176994759589433670e-02
1.394344121217727661e-02
2.357184141874313354e-02
8.372924290597438812e-03
6.189224775880575180e-03
8.768586984980730747e-13
8.835389278829097748e-03
5.541887599974870682e-03
2.870495803654193878e-02
1.563306369122344219e-14
1.022106222808361053e-02
1.135388272814452648e-03
4.070301540195941925e-03
8.514426299370825291e-04
2.661250904202461243e-02
2.401054091751575470e-02
5.786365829408168793e-03
2.022786997258663177e-03
4.024511203169822693e-03
1.722024567425251007e-02
9.050326421856880188e-03
2.632717136293649673e-03
2.057674777095064300e-12
6.500861141830682755e-03
1.576309464871883392e-02
6.060608662664890289e-03
5.406585595890689433e-11
4.018025007098913193e-03
5.347406957298517227e-03
3.469318929361087100e-11
2.330395951867103577e-02
2.745335455983877182e-03
1.649460289627313614e-03
8.763581514358520508e-03
7.383521646261215210e-03
3.552718088030815125e-03
3.361900802701711655e-03
3.009174764156341553e-02
1.322523411363363266e-02
8.333077281713485718e-02
9.687840938568115234e-03
7.572248112410306931e-03
2.893350489752144483e-12
8.404314517974853516e-03
2.052148804068565369e-02
2.682708810652911779e-08
2.544128103181719780e-03
2.807015687597558262e-12
6.859040381024597566e-14
4.106109961867332458e-03
1.363168757961830124e-05
2.608112059533596039e-02
4.905697889626026154e-03
3.542941994965076447e-03
7.101105898618698120e-02
4.780747368931770325e-02
2.537959022447466850e-03
3.225262043997645378e-03
7.250834605656564236e-04
2.100138925015926361e-02
6.311479210853576660e-02
7.897203788161277771e-03
3.716829523909837008e-04
9.583824077223634941e-14
1.696746796369552612e-02
3.848899621516466141e-03
5.736159160733222961e-03
8.196046948432922363e-02
1.027515763039931265e-14
2.129606902599334717e-02
1.428833603858947754e-02
9.662663564085960388e-03
1.908214949071407318e-02
3.389023942872881889e-03
1.106869336217641830e-02
1.302416436374187469e-03
5.537442397326231003e-03
1.304370071738958359e-02
9.537986479699611664e-03
9.378882125020027161e-03
5.515971686691045761e-03
5.963908508419990540e-03
1.327802590100901625e-10
1.489494368433952332e-02
2.486138232052326202e-02
1.794902980327606201e-02
2.278626663610339165e-03
4.311302211135625839e-03
1.296948641538619995e-02
7.821361534297466278e-03
3.610171005129814148e-02
1.026612240821123123e-02
1.060215663164854050e-02
1.079907547682523727e-02
1.177267376466228921e-15
9.735699743032455444e-03
1.109783165156841278e-02
6.180669646710157394e-03
2.668673871085047722e-03
7.396881934255361557e-03
5.923294462263584137e-03
2.324989438056945801e-02
1.634700037539005280e-02
8.315836079418659210e-03
1.045736018568277359e-02
1.535964823211333208e-13
1.064208615571260452e-02
4.153064265847206116e-02
