4.437659867107868195e-03
1.827031141147017479e-03
1.149203395470976830e-03
2.618867903947830200e-03
1.747743459418416023e-03
6.847653072327375412e-03
2.787725534290075302e-03
2.225824800916598178e-06
8.217558497563004494e-04
2.812539925798773766e-03
1.719749881885945797e-03
1.866436563432216644e-03
6.284667644649744034e-03
7.037869072519242764e-04
5.089032463729381561e-03
3.266596933826804161e-03
2.711340552195906639e-03
9.595803567208349705e-05
3.920217510312795639e-03
1.365591189824044704e-03
1.379137393087148666e-03
3.416864899918437004e-03
2.148135827155783772e-04
7.179253152571618557e-04
6.925500929355621338e-04
4.759162664413452148e-03
4.576156847178936005e-03
3.331898711621761322e-03
4.080797545611858368e-03
1.459426595829427242e-03
2.518233668524771929e-04
5.657456815242767334e-03
3.004541620612144470e-03
4.530054517090320587e-03
1.690893433988094330e-03
2.342395484447479248e-03
2.292102668434381485e-03
6.650342140346765518e-03
6.021352484822273254e-03
1.857816590927541256e-03
2.831980120390653610e-03
6.952130934223532677e-04
1.214738469570875168e-03
1.514780335128307343e-03
1.286449725739657879e-03
3.243017708882689476e-03
4.130315035581588745e-03
4.534543957561254501e-03
6.606804672628641129e-03
3.401354420930147171e-03
6.197417620569467545e-03
5.775201134383678436e-03
3.150136326439678669e-04
1.477989717386662960e-03
4.550731275230646133e-03
4.423106554895639420e-03
3.005593782290816307e-03
3.161636646836996078e-03
1.857302268035709858e-03
1.285827485844492912e-03
2.128616906702518463e-03
6.698847748339176178e-03
4.749115090817213058e-03
9.578116238117218018e-03
2.643676241859793663e-03
2.715059090405702591e-03
3.601969452574849129e-03
3.553621703758835793e-03
5.833063740283250809e-03
7.664730772376060486e-03
4.874166566878557205e-03
2.217185450717806816e-03
6.729247979819774628e-03
1.394837629050016403e-03
4.393685609102249146e-03
4.906983114778995514e-03
4.718241353174335018e-10
2.288054209202528000e-03
4.507112782448530197e-03
3.947320859879255295e-03
3.178423270583152771e-03
1.448239898309111595e-03
4.622651264071464539e-03
1.039819978177547455e-02
4.008792806416749954e-03
6.561242660296784379e-09
5.606925114989280701e-03
2.671825233846902847e-03
4.041543230414390564e-03
4.005781374871730804e-03
4.927788395434617996e-03
7.506126537919044495e-03
6.254591513425111771e-03
3.387637436389923096e-03
8.715834701433777809e-04
2.799439476802945137e-03
3.641971154138445854e-03
3.040166338905692101e-03
1.191795687191188335e-03
3.837057389318943024e-03
2.192689338698983192e-03
7.862424827180802822e-04
2.533762715756893158e-03
6.901218555867671967e-03
1.227144617587327957e-03
5.710329394787549973e-03
1.375938416458666325e-03
2.488035475835204124e-03
9.707036428153514862e-03
2.203729469329118729e-03
1.851890352554619312e-03
3.417870495468378067e-03
1.874515321105718613e-03
2.284671645611524582e-03
3.925146069377660751e-03
3.613031003624200821e-03
9.574500145390629768e-04
3.937647677958011627e-03
3.697013016790151596e-03
3.965525422245264053e-03
2.480346010997891426e-03
7.886539213359355927e-03
1.488993642851710320e-03
6.289588287472724915e-03
5.896296817809343338e-03
2.980830846354365349e-03
9.104869095608592033e-04
1.844616024754941463e-03
3.214053343981504440e-03
2.984773600473999977e-03
7.086989469826221466e-03
2.760452916845679283e-03
3.050197381526231766e-03
2.469592494890093803e-03
3.015874186530709267e-03
2.914489479735493660e-03
2.420571167021989822e-03
1.113169942982494831e-03
2.786464057862758636e-03
4.545961041003465652e-03
2.469942672178149223e-03
4.187816288322210312e-03
2.663217019289731979e-03
1.921270624734461308e-03
2.219568705186247826e-04
2.840015105903148651e-03
1.495043281465768814e-03
4.067048919864646450e-10
3.712208708748221397e-03
5.569189321249723434e-03
7.628952618688344955e-03
5.428730044513940811e-03
3.229683730751276016e-03
4.559441003948450089e-03
5.115543957799673080e-03
1.773329917341470718e-03
1.167959184385836124e-03
9.735777695141223376e-08
1.286861370317637920e-03
8.868754375725984573e-04
6.640437990427017212e-03
2.078332938253879547e-03
2.300975844264030457e-03
7.577943615615367889e-03
1.947586890310049057e-03
3.547009546309709549e-03
5.089704878628253937e-03
2.452681772410869598e-03
6.461035925894975662e-03
4.983324091881513596e-03
6.764449179172515869e-03
1.022212859243154526e-02
3.536750795319676399e-03
1.615081215277314186e-03
2.730561653152108192e-03
5.224432330578565598e-03
4.273402504622936249e-03
2.852992387488484383e-03
5.227101035416126251e-03
2.827596850693225861e-03
5.071306601166725159e-03
1.938293571583926678e-03
2.454177010804414749e-03
4.242269787937402725e-03
9.478356689214706421e-03
5.034938454627990723e-03
4.561528563499450684e-03
6.189330597408115864e-04
2.541087800636887550e-03
3.048023907467722893e-03
1.772712334059178829e-03
5.494844634085893631e-03
4.994965158402919769e-03
2.142965327948331833e-03
4.780153743922710419e-03
5.089671351015567780e-03
2.067330060526728630e-03
4.710161127150058746e-03
5.454052705317735672e-03
2.615401521325111389e-03
3.107534255832433701e-03
8.316096700156094812e-10
3.115771804004907608e-03
5.630228202790021896e-03
4.437430296093225479e-03
2.535567386075854301e-03
1.088850782252848148e-03
5.442194174975156784e-03
7.090091821737587452e-04
2.116339438765213465e-12
2.495179418474435806e-03
5.421443376690149307e-03
1.087364973500370979e-03
8.930194308049976826e-04
1.552717410959303379e-03
5.091114901006221771e-03
2.191852545365691185e-03
9.680833900347352028e-04
7.246509194374084473e-03
5.897720344364643097e-03
3.761577419936656952e-03
8.679516031406819820e-04
2.472181804478168488e-03
3.476533165667206049e-04
2.395643619820475578e-03
2.917162841185927391e-03
3.541213460266590118e-03
1.511074929462855043e-13
5.355666857212781906e-03
3.091079182922840118e-03
3.663365496322512627e-03
5.203693173825740814e-03
5.668208468705415726e-03
1.143555622547864914e-03
7.948565296828746796e-03
9.896288393065333366e-04
2.406259998679161072e-03
1.530491746962070465e-03
5.680187605321407318e-03
2.107638632878661156e-03
1.967066898941993713e-03
4.048637114465236664e-03
2.726963488385081291e-03
3.065021592192351818e-04
3.765648463740944862e-03
5.030770320445299149e-03
5.482002627104520798e-03
5.854665301740169525e-03
4.063333384692668915e-03
5.586750805377960205e-03
4.113252274692058563e-03
1.268088817596435547e-03
2.552472986280918121e-03
2.366645960137248039e-03
5.749072413891553879e-03
4.730219952762126923e-03
7.780024781823158264e-03
3.076998982578516006e-03
1.447873655706644058e-03
4.083608742803335190e-03
2.474928740411996841e-03
2.176180481910705566e-03
3.119938774034380913e-03
5.716342478990554810e-03
1.556433388032019138e-03
1.670576166361570358e-03
9.884344181045889854e-04
4.282206762582063675e-03
2.584467176347970963e-03
4.771531559526920319e-03
4.228077828884124756e-03
3.907265141606330872e-03
5.844056140631437302e-03
3.140609944239258766e-03
1.371700549498200417e-03
6.186986342072486877e-03
4.247970413416624069e-03
3.961660899221897125e-03
2.824460389092564583e-03
2.379767829552292824e-03
1.507382839918136597e-03
7.292823866009712219e-04
5.405046511441469193e-03
7.325987331569194794e-03
8.315768209286034107e-04
1.783187151886522770e-03
3.284927923232316971e-03
8.981910701311157652e-12
3.893479704856872559e-03
4.786848556250333786e-03
2.900965278968214989e-03
6.327354439006338538e-12
3.659611800685524940e-03
5.441043525934219360e-03
7.257486227899789810e-03
3.014016430824995041e-03
3.264565253630280495e-03
4.572670441120862961e-03
2.770355902612209320e-03
2.054989337921142578e-03
2.660180674865841866e-03
5.340744974091649055e-05
9.979488095268607140e-04
3.626020858064293861e-03
4.249008372426033020e-03
2.751292660832405090e-03
1.356158987618982792e-03
5.496591329574584961e-03
1.132325024855163065e-07
2.675795927643775940e-03
4.677626769989728928e-03
3.043097676709294319e-03
6.460534874349832535e-03
1.322943950071930885e-03
2.071568975225090981e-03
3.753081196919083595e-03
2.719573698184429844e-11
1.672324957326054573e-03
2.097526332363486290e-03
2.239299472421407700e-03
3.081129863858222961e-03
1.326448400504887104e-03
1.169972652093065335e-08
1.143588451668620110e-03
8.012069156393408775e-04
6.479748059064149857e-03
3.288930049166083336e-03
1.999706728383898735e-03
2.417473588138818741e-03
1.115988823585212231e-03
2.175426343455910683e-03
5.105777177959680557e-03
5.303567741066217422e-03
5.275111179798841476e-03
4.789358936250209808e-03
2.126107225194573402e-03
3.078034147620201111e-03
3.663195064291357994e-03
1.275799004361033440e-03
2.569488249719142914e-03
3.092198166996240616e-03
3.096357686445116997e-03
2.468867332794388858e-09
1.995770354534798230e-10
8.203870384022593498e-04
2.287231851369142532e-03
2.476305700838565826e-03
4.530552309006452560e-03
1.226149778813123703e-02
4.561241716146469116e-03
1.522748963907361031e-03
1.905266777612268925e-03
6.208297796547412872e-03
4.901825450360774994e-03
1.085125375539064407e-03
1.438864390365779400e-03
1.283461577259004116e-03
3.201661864295601845e-03
1.725076930597424507e-03
2.327047521248459816e-03
1.211038208566606045e-03
2.578148618340492249e-03
1.603423384949564934e-03
2.046641893684864044e-03
8.428240194916725159e-03
3.391660982742905617e-03
2.318052109330892563e-03
2.222658584960512940e-10
2.658984158188104630e-03
4.824569914489984512e-03
3.689440200105309486e-03
3.147367853671312332e-03
3.788522910326719284e-03
2.248388715088367462e-03
3.638092195615172386e-03
1.840864075347781181e-03
3.294412279501557350e-03
4.776609595865011215e-03
2.646653214469552040e-03
9.095270652323961258e-04
5.075752269476652145e-03
1.180186984129250050e-03
7.877176976762712002e-04
4.401292186230421066e-03
2.582272747531533241e-03
2.401419216766953468e-03
2.746735000982880592e-03
3.248791676014661789e-03
1.663947710767388344e-03
5.056686233729124069e-03
4.323317203670740128e-03
4.778464324772357941e-03
5.811300128698348999e-03
1.521461643278598785e-03
2.915445715188980103e-03
2.507429802790284157e-03
1.255421084351837635e-03
5.129222913069497736e-08
2.484949072822928429e-03
2.451363950967788696e-03
2.210523700341582298e-03
1.032562344335019588e-03
3.637194167822599411e-03
5.736615043133497238e-03
6.539990194141864777e-03
2.962333937178707188e-12
1.371389720588922501e-03
5.095278378576040268e-03
3.683971241116523743e-03
5.978934932500123978e-03
6.458259187638759613e-03
5.830620415508747101e-03
4.170184489339590073e-03
3.086445853114128113e-03
9.387873113155364990e-03
4.353582859039306641e-03
3.240320598706603050e-03
3.634883090853691101e-03
3.253985429182648659e-03
2.349845599383115768e-03
3.639802802354097366e-03
7.158832624554634094e-03
2.488043392077088356e-03
4.226204473525285721e-03
3.812770359218120575e-03
1.647621509619057178e-03
1.800997648388147354e-03
1.845251652412116528e-03
1.638415036723017693e-03
9.126865770667791367e-04
1.482341252267360687e-02
2.788855694234371185e-03
2.801904221996665001e-03
9.797408711165189743e-04
1.714775920845568180e-03
2.307807095348834991e-03
6.038784049451351166e-03
2.199459225860067590e-10
3.141484921798110008e-03
4.451400134712457657e-03
1.849733642302453518e-03
1.029506674967706203e-03
7.289109285920858383e-03
1.191281829960644245e-03
5.795896053314208984e-03
5.069122184067964554e-03
6.491793785244226456e-03
2.936811943072825670e-04
3.862043377012014389e-03
7.575353141874074936e-03
4.433827009052038193e-03
2.503870753571391106e-03
5.186259280890226364e-03
1.563835307024419308e-03
4.338462371379137039e-03
6.085900589823722839e-03
4.228972829878330231e-03
4.353169351816177368e-03
6.037802202651931793e-11
5.921369418501853943e-03
9.414767846465110779e-04
3.052338724955916405e-03
4.921827930957078934e-03
1.009128871373832226e-03
2.303061308339238167e-03
3.159828484058380127e-03
4.510523285716772079e-03
4.248558077961206436e-03
2.010198077186942101e-03
3.585407277569174767e-03
6.682407871494433493e-08
3.382760100066661835e-03
1.406635390594601631e-03
1.259409589692950249e-03
5.139355082064867020e-03
2.692154841497540474e-03
4.169801715761423111e-03
9.688511490821838379e-03
4.502005875110626221e-03
1.361058210022747517e-03
5.568535067141056061e-03
2.881064545363187790e-03
3.798032877966761589e-03
1.148463226854801178e-03
1.520399353466928005e-03
2.323052845895290375e-03
8.549047634005546570e-03
2.975647337734699249e-03
2.357373712584376335e-03
1.924924436025321484e-03
1.440885127522051334e-03
7.890125736594200134e-03
2.474299864843487740e-03
2.279292093589901924e-03
4.942024126648902893e-03
8.359239436686038971e-03
4.683211445808410645e-03
1.622041105292737484e-03
2.249152865260839462e-03
2.047460759058594704e-03
6.174229551106691360e-03
3.177138045430183411e-03
3.180414903908967972e-03
1.432722434401512146e-03
1.737143495120108128e-03
5.211577517911791801e-04
3.272488480433821678e-03
2.482291078194975853e-03
5.387869197875261307e-03
3.543931059539318085e-03
5.243768915534019470e-03
7.469723001122474670e-03
4.489281214773654938e-03
5.320673808455467224e-03
2.349512185901403427e-03
1.079159672372043133e-03
1.203684136271476746e-03
2.467957790940999985e-03
7.032906170934438705e-03
2.484459662809967995e-03
1.414538826793432236e-03
1.811750931665301323e-03
2.380792982876300812e-03
2.704233396798372269e-03
3.417629282921552658e-03
2.852225676178932190e-03
4.453668370842933655e-03
2.812673104926943779e-03
4.835816100239753723e-03
1.574389287270605564e-03
6.762697361409664154e-03
1.399320317432284355e-03
6.468606647104024887e-03
5.597654264420270920e-03
1.650964492000639439e-03
2.842045621946454048e-03
6.909888703376054764e-03
4.756662994623184204e-03
1.235856208950281143e-03
3.944357857108116150e-03
2.421742770820856094e-03
5.758081562817096710e-03
8.322088397108018398e-04
2.198311034590005875e-03
7.290993351489305496e-03
4.758803173899650574e-03
1.305156736634671688e-03
5.526601336896419525e-03
1.320417621172964573e-03
4.911378026008605957e-03
1.767279696650803089e-03
1.588446320965886116e-03
1.292807515710592270e-03
1.199033227749168873e-03
5.626014433801174164e-03
5.751185119152069092e-03
5.451072007417678833e-03
4.574399907141923904e-03
4.135650116950273514e-03
1.381358131766319275e-03
2.765389392152428627e-03
2.230810234323143959e-03
2.878133673220872879e-03
5.899018142372369766e-03
5.268318112939596176e-03
3.037712536752223969e-03
4.308069124817848206e-03
5.002274643629789352e-03
1.159030478447675705e-03
3.159680869430303574e-03
2.724841935560107231e-03
1.183743681758642197e-02
5.100904032588005066e-03
2.802720991894602776e-03
1.634437474422156811e-03
6.703395396471023560e-03
5.464029964059591293e-03
1.806409331038594246e-03
1.869831583462655544e-03
4.329123068600893021e-03
1.943630049936473370e-03
1.415490079671144485e-02
1.597997033968567848e-03
4.352591931819915771e-03
2.463577780872583389e-03
4.264559596776962280e-03
8.572867373004555702e-04
5.100429523736238480e-03
6.950295995920896530e-03
4.191131796687841415e-03
2.747368998825550079e-03
5.650145933032035828e-03
4.634222481399774551e-03
2.003374975174665451e-03
2.655331976711750031e-03
5.646349862217903137e-03
2.536573214456439018e-03
1.362614100798964500e-03
3.047876525670289993e-03
7.134449202567338943e-03
3.332403488457202911e-03
5.955147556960582733e-03
4.757680930197238922e-03
2.547579118981957436e-03
5.264790263026952744e-03
7.856486377022520173e-07
4.563067574054002762e-03
2.804410643875598907e-03
7.457759929820895195e-04
2.550233853980898857e-03
3.241347381845116615e-03
5.647497717291116714e-03
5.466387141495943069e-03
2.270959084853529930e-03
3.793134586885571480e-03
1.893244450911879539e-03
2.244468079879879951e-03
2.503553405404090881e-03
3.440171014517545700e-03
5.590769462287425995e-03
3.861548146232962608e-03
1.583035453222692013e-03
8.361588232219219208e-03
2.713921275210307016e-11
2.998942043632268906e-03
6.562206894159317017e-03
4.719029180705547333e-03
5.700854118913412094e-03
1.768140937201678753e-03
4.281901288777589798e-03
3.480779007077217102e-03
3.887642407789826393e-03
3.017502604052424431e-03
4.543303046375513077e-03
4.740926437079906464e-03
4.341804888099431992e-03
1.745128422044217587e-03
3.084880067035555840e-03
5.683436524122953415e-03
1.258398289792239666e-03
3.277455223724246025e-03
5.707222968339920044e-03
5.970277823507785797e-03
5.825058557093143463e-03
3.394758794456720352e-03
1.040718634612858295e-03
4.698738921433687210e-03
6.967371329665184021e-03
1.478396705351769924e-03
5.684168543666601181e-03
4.363989457488059998e-03
1.298345741815865040e-03
7.181575638242065907e-04
1.432161545380949974e-03
4.856655374169349670e-03
4.723419435322284698e-03
1.803878112696111202e-03
2.350033959373831749e-03
4.437759984284639359e-03
2.823036396875977516e-03
5.062926560640335083e-03
2.839470049366354942e-03
5.384983494877815247e-03
3.923772834241390228e-03
3.406081348657608032e-03
3.751078387722373009e-03
1.531803980469703674e-03
1.157815195620059967e-02
3.706701332703232765e-03
4.243664443492889404e-03
5.102091468870639801e-03
1.794158364646136761e-03
1.465130480937659740e-03
7.060988573357462883e-04
4.529138561338186264e-03
3.204020438715815544e-03
2.639498561620712280e-03
1.494328957051038742e-03
2.328934380784630775e-03
4.187166225165128708e-03
6.776205846108496189e-04
1.348026446066796780e-03
3.666064934805035591e-03
4.978028591722249985e-03
8.019084343686699867e-04
5.826043430715799332e-03
5.267489701509475708e-03
3.886878257617354393e-03
1.053790329024195671e-03
2.487329067662358284e-03
2.328815404325723648e-03
2.010526135563850403e-03
1.339270500466227531e-03
2.869330812245607376e-03
7.475134450942277908e-03
9.251838549971580505e-03
3.573112189769744873e-03
1.752475160174071789e-03
4.129282664507627487e-03
1.960993744432926178e-03
1.562158111482858658e-03
4.309211391955614090e-03
5.414419807493686676e-03
1.411279663443565369e-03
9.588398970663547516e-04
5.340760108083486557e-03
2.807174110785126686e-03
3.595730755478143692e-03
2.685335231944918633e-03
5.362084601074457169e-03
1.030465122312307358e-03
2.208317164331674576e-03
3.029456827789545059e-03
8.399627986364066601e-04
4.138613876421004534e-04
6.925487541593611240e-04
3.946297802031040192e-03
5.000291392207145691e-03
9.618353215046226978e-04
3.949208650738000870e-03
2.420322503894567490e-03
2.037577331066131592e-03
5.013575311750173569e-03
1.715302350930869579e-03
3.759656567126512527e-03
1.806103391572833061e-03
2.961460966616868973e-03
4.604356363415718079e-03
6.655009929090738297e-03
5.110316909849643707e-03
7.661852869205176830e-04
2.952344482764601707e-03
4.163725767284631729e-03
1.264384947717189789e-03
1.241201069205999374e-03
3.811725880950689316e-03
4.313757177442312241e-03
2.828097436577081680e-03
3.908486571162939072e-03
1.318811089731752872e-03
4.786780209542484954e-06
2.533672377467155457e-03
2.080011181533336639e-03
2.241444773972034454e-03
3.407970536500215530e-03
2.557977568358182907e-03
2.730400068685412407e-03
2.863369183614850044e-03
3.515355987474322319e-03
7.069834508001804352e-03
4.907473680759721901e-07
5.852937232702970505e-03
3.108958713710308075e-03
1.062308088876307011e-03
1.990441232919692993e-03
3.656812710687518120e-03
5.150765064172446728e-04
6.773978471755981445e-03
2.556124934926629066e-03
4.281757399439811707e-03
4.294977057725191116e-03
2.754541346803307533e-03
8.407435379922389984e-04
3.797917859628796577e-03
5.560124292969703674e-03
6.015860009938478470e-03
5.650540813803672791e-03
3.083456540480256081e-03
2.148207044228911400e-03
2.075752941891551018e-03
2.347966888919472694e-03
5.791254341602325439e-03
3.417378291487693787e-03
9.300555102527141571e-03
4.194180946797132492e-03
3.621471347287297249e-03
1.955899642780423164e-03
2.114400034770369530e-03
3.923216834664344788e-03
7.248228415846824646e-03
2.762065036222338676e-03
4.870611592195928097e-04
4.570040386170148849e-03
7.730664219707250595e-03
2.397706499323248863e-03
2.920523751527070999e-03
4.575124010443687439e-03
1.010742271319031715e-03
1.118772197514772415e-03
1.020154333673417568e-03
2.823419868946075439e-03
5.932751111686229706e-03
2.876332262530922890e-03
4.393113311380147934e-03
7.083881646394729614e-04
1.657097251154482365e-03
3.647318342700600624e-03
6.920978279367773212e-08
2.906810026615858078e-03
4.845984280109405518e-03
7.582719903439283371e-03
1.301910495385527611e-03
6.398071534931659698e-03
3.186173737049102783e-03
8.595558814704418182e-03
3.908021841198205948e-03
5.430629476904869080e-03
2.552540041506290436e-03
3.311793552711606026e-03
1.824020291678607464e-03
1.935037085786461830e-03
1.814148388803005219e-03
2.965136198326945305e-03
7.116938009858131409e-03
3.215308766812086105e-03
3.796353703364729881e-03
3.518880112096667290e-03
6.001827772706747055e-03
7.648291531950235367e-03
5.177798680961132050e-03
3.118214895948767662e-03
3.113161539658904076e-03
5.357511807233095169e-03
1.478494843468070030e-03
5.699318135157227516e-04
1.681653433479368687e-03
2.954129886347800493e-04
1.230126298133044083e-13
2.023684559389948845e-03
1.644518924877047539e-03
6.391081959009170532e-03
4.074053722433745861e-04
4.492487292736768723e-03
3.378603840246796608e-03
4.183723591268062592e-03
8.205135236494243145e-04
4.239886999130249023e-03
3.379149362444877625e-03
8.676176890730857849e-03
4.002337448127946118e-07
2.633327618241310120e-03
5.768701899796724319e-03
1.965346280485391617e-03
6.817393936216831207e-03
3.569533815607428551e-03
1.505199819803237915e-03
2.662196289747953415e-03
5.332176107913255692e-03
2.347142202779650688e-03
4.323683679103851318e-03
2.373350318521261215e-03
1.128683798015117645e-03
2.905631205067038536e-03
3.110402263700962067e-03
1.260227200372554535e-10
2.906196983531117439e-03
5.431913770735263824e-03
4.163081757724285126e-03
3.208424896001815796e-03
3.774322569370269775e-03
2.613362157717347145e-03
2.737137721851468086e-03
3.360788337886333466e-03
1.497744931839406490e-03
4.228016361594200134e-03
3.563530510291457176e-03
1.634986119825043716e-06
2.260631183162331581e-03
2.855801256373524666e-03
3.519887337461113930e-03
7.291001384146511555e-04
4.668166860938072205e-03
3.806408029049634933e-03
6.204362718031930513e-11
2.259558299556374550e-03
1.996991457417607307e-03
1.966846175491809845e-03
1.953919418156147003e-03
6.373482756316661835e-04
5.735824815928936005e-03
6.637590471655130386e-03
4.929598886519670486e-03
7.990701433868707682e-09
1.583731034770607948e-03
2.763818018138408661e-03
2.152653643861413002e-03
1.772693358361721039e-03
4.111135378479957581e-03
4.669300280511379242e-03
4.970158450305461884e-03
4.492409527301788330e-03
3.396640531718730927e-03
3.772702766582369804e-03
7.870749686844646931e-04
1.112676458433270454e-03
2.419359516352415085e-03
2.621011575683951378e-03
2.574124839156866074e-03
4.841511603444814682e-03
5.128355696797370911e-03
4.978332668542861938e-03
3.180637257173657417e-03
4.603541456162929535e-03
6.148210261017084122e-03
2.609365386888384819e-03
6.981074344366788864e-03
5.895274225622415543e-03
1.189316622912883759e-03
2.363186562433838844e-03
1.591628068126738071e-03
2.250539604574441910e-03
4.148397594690322876e-03
4.855497740209102631e-03
2.806035336107015610e-03
3.591246670112013817e-03
4.396147074842149394e-12
1.212630973412842650e-08
3.942328970879316330e-03
2.244859933853149414e-03
1.761122723110020161e-03
7.457772153429687023e-04
2.845639362931251526e-03
3.999056294560432434e-03
7.640854455530643463e-03
1.849960540312167723e-08
8.920221007429063320e-04
1.308740465901792049e-03
7.508695125579833984e-03
3.973721526563167572e-03
3.902723547071218491e-03
3.315100679174065590e-03
2.752784872427582741e-03
2.106984844431281090e-03
3.116961801424622536e-03
7.384364493191242218e-03
4.832343664020299911e-03
1.454312226201182057e-10
2.824819181114435196e-03
1.518722274340689182e-03
2.768771722912788391e-03
5.356375593692064285e-03
6.017009113179483393e-09
1.455746009014546871e-03
1.612904015928506851e-03
3.529832931235432625e-03
5.043504759669303894e-03
1.953487750142812729e-03
1.692011865088716149e-04
2.401223639026284218e-03
4.747615603264421225e-04
3.105859272181987762e-03
3.868733765557408333e-03
5.959380883723497391e-03
1.895830617286264896e-03
6.020204629749059677e-03
1.773964380845427513e-03
4.470822867006063461e-03
3.789771581068634987e-03
4.618436563760042191e-03
3.980592824518680573e-03
2.592106815427541733e-03
6.229691673070192337e-03
4.684772808104753494e-03
3.405782394111156464e-03
1.563524478115141392e-03
1.713809208013117313e-03
3.744758199900388718e-03
1.184595981612801552e-03
1.342153549194335938e-02
1.355723693030608246e-12
3.422030713409185410e-03
4.716149531304836273e-03
2.147933701053261757e-03
2.512689912691712379e-03
1.760120037943124771e-03
2.773910993710160255e-03
2.402885351330041885e-03
1.913516200147569180e-03
2.663218881934881210e-03
3.016384318470954895e-03
3.580508753657341003e-03
5.542601458728313446e-03
9.660231298767030239e-04
7.790145929902791977e-03
1.101878122426569462e-03
1.976509538990315479e-14
4.746804945170879364e-03
2.410477260127663612e-03
7.148045115172863007e-04
6.053703837096691132e-04
3.900441341102123260e-03
2.231260761618614197e-03
3.730693832039833069e-03
1.935443026013672352e-03
3.383236471563577652e-03
4.471452441066503525e-03
6.335217505693435669e-03
3.167408052831888199e-03
3.393818857148289680e-03
8.824769174680113792e-04
1.432292512618005276e-03
1.364867435768246651e-03
2.178418156972838915e-08
2.646657172590494156e-03
3.031410276889801025e-03
3.934005741029977798e-03
7.921251468360424042e-03
4.485222510993480682e-03
3.331528510898351669e-03
3.088717116042971611e-03
2.311893476871773601e-04
6.007080432027578354e-03
2.070586662739515305e-03
8.210617233999073505e-04
6.080407649278640747e-03
1.876284251920878887e-03
1.263520214706659317e-03
3.410601522773504257e-03
4.904410336166620255e-03
1.545693958178162575e-03
1.751265954226255417e-03
1.663105562329292297e-03
5.362445954233407974e-03
4.440912045538425446e-03
