1.257048994302749634e-01
-9.450317174196243286e-02
8.660606108605861664e-03
-4.307931289076805115e-02
8.103808388113975525e-03
1.647660285234451294e-01
-3.711266443133354187e-02
5.169743895530700684e-01
-7.489760220050811768e-02
-5.738854780793190002e-02
2.288941666483879089e-02
-5.037821829319000244e-02
6.323719769716262817e-02
3.163433074951171875e-02
-7.583040744066238403e-02
4.615275189280509949e-03
1.097467392683029175e-01
-2.580536901950836182e-02
4.442110285162925720e-02
-2.041711658239364624e-01
5.465553142130374908e-03
-3.469998389482498169e-02
-8.869022876024246216e-02
-6.623908132314682007e-02
-1.050458922982215881e-01
1.085456013679504395e-01
-1.472079008817672729e-01
-5.802631378173828125e-02
1.338023990392684937e-01
-7.589462995529174805e-01
1.726367920637130737e-01
4.385761171579360962e-02
3.404624387621879578e-02
-6.380203366279602051e-02
2.054362148046493530e-01
2.340677827596664429e-01
5.027292296290397644e-02
-1.226148679852485657e-01
-2.965071499347686768e-01
-7.689701020717620850e-02
-5.619314312934875488e-02
-5.751279368996620178e-02
-1.515475846827030182e-02
-1.099861115217208862e-01
-6.686029583215713501e-02
3.721740096807479858e-03
-4.807144030928611755e-02
-4.619302600622177124e-02
-9.429199993610382080e-02
9.619238227605819702e-02
1.245796158909797668e-01
-9.528886526823043823e-02
6.481786072254180908e-02
-1.613464206457138062e-01
-9.282530099153518677e-02
-3.438933491706848145e-01
-1.688272133469581604e-02
-1.937085948884487152e-02
6.383705139160156250e-02
-5.301824305206537247e-03
-6.451537460088729858e-02
-1.584776304662227631e-02
5.393352359533309937e-02
1.638331636786460876e-02
-1.405579149723052979e-01
-1.290872693061828613e-01
5.752112343907356262e-02
7.593943178653717041e-02
3.777829930186271667e-02
-3.768395632505416870e-02
-1.375171728432178497e-02
-4.518476873636245728e-02
-1.121851503849029541e-01
-4.227880015969276428e-02
-3.528169170022010803e-02
1.568446867167949677e-02
1.100127100944519043e-01
1.926960498094558716e-01
-1.239598263055086136e-03
2.499679327011108398e-01
-2.132654376327991486e-02
1.486670374870300293e-01
-3.474754840135574341e-02
-2.070727348327636719e-01
-1.478900462388992310e-01
-3.466269746422767639e-02
2.210152447223663330e-01
-6.047298759222030640e-02
-1.088323295116424561e-01
-3.756307996809482574e-03
-4.595306515693664551e-02
1.460029035806655884e-01
-3.348007053136825562e-02
7.237146794795989990e-02
-2.993313781917095184e-02
1.016790345311164856e-01
-6.090308353304862976e-02
-1.603803187608718872e-01
1.908554695546627045e-02
-1.142613030970096588e-02
8.038621395826339722e-02
1.905555371195077896e-03
-4.487512633204460144e-02
-2.767848595976829529e-02
-3.932943195104598999e-02
-6.987854838371276855e-02
-7.442300021648406982e-02
-1.124401837587356567e-01
1.795888245105743408e-01
5.829450488090515137e-02
-1.191604230552911758e-02
-5.944265425205230713e-02
-2.421937733888626099e-01
-9.357012808322906494e-02
5.186831578612327576e-02
7.772151846438646317e-03
5.741629004478454590e-01
-3.430641889572143555e-01
5.069591477513313293e-02
3.808207437396049500e-02
-2.884026058018207550e-02
-4.432867839932441711e-02
4.868599399924278259e-02
-1.629360020160675049e-01
-1.806314289569854736e-01
-1.999059915542602539e-01
-6.557699292898178101e-02
-5.367990210652351379e-02
-1.324369758367538452e-01
-1.117659956216812134e-01
-1.049058809876441956e-01
-5.630818661302328110e-03
-2.099472284317016602e-02
-5.793738737702369690e-02
-1.016514599323272705e-01
-9.202719479799270630e-02
2.235142141580581665e-02
-3.508470952510833740e-01
1.133398562669754028e-01
-2.185972034931182861e-01
5.225466564297676086e-02
4.211197197437286377e-01
4.029289633035659790e-02
-5.925960838794708252e-02
9.381862729787826538e-02
8.477854728698730469e-02
-1.578985154628753662e-01
-2.097645550966262817e-01
-9.275592118501663208e-02
-1.503660827875137329e-01
3.315452486276626587e-02
3.379303216934204102e-02
2.472945116460323334e-02
5.128257721662521362e-02
1.191409602761268616e-01
-8.807498961687088013e-03
-1.027958318591117859e-01
-1.825549006462097168e-01
-1.122962981462478638e-01
-1.776175200939178467e-01
-4.896900430321693420e-02
-1.421520113945007324e-01
-7.148692011833190918e-02
-3.192202001810073853e-02
-1.107727587223052979e-01
-1.917233020067214966e-01
-6.445739418268203735e-02
-3.359208628535270691e-02
3.054594807326793671e-02
1.971720755100250244e-01
-6.793496757745742798e-02
1.901976182125508785e-03
-9.669623337686061859e-03
7.344070822000503540e-03
-1.928685307502746582e-01
2.911779563874006271e-03
-5.306442081928253174e-02
-1.382714360952377319e-01
2.512252889573574066e-02
2.703755162656307220e-02
-8.971964716911315918e-01
-1.869655996561050415e-01
-6.439920514822006226e-02
-8.907509595155715942e-02
-5.562481656670570374e-02
1.030791923403739929e-01
-1.242297142744064331e-01
-7.246845215559005737e-02
-3.132283315062522888e-02
-1.513554006814956665e-01
1.496138125658035278e-01
-2.795138210058212280e-02
-9.431938081979751587e-02
-2.998123504221439362e-02
-4.928285628557205200e-02
-5.880573391914367676e-02
-3.119808807969093323e-02
6.550640799105167389e-03
-9.865441918373107910e-02
2.651554718613624573e-02
-7.993274927139282227e-02
-1.194643825292587280e-01
-6.281882524490356445e-02
-4.191553965210914612e-02
1.558945327997207642e-02
1.074225947377271950e-04
-7.982786744832992554e-03
3.389139473438262939e-02
3.057962097227573395e-02
-9.222315996885299683e-02
-1.317350938916206360e-02
2.525558322668075562e-02
-9.053375571966171265e-03
8.616799861192703247e-02
-4.773526266217231750e-02
-5.454438179731369019e-02
-6.455192342400550842e-03
-6.548476219177246094e-02
-7.145207375288009644e-02
9.867182374000549316e-02
-6.688145548105239868e-02
-4.759543761610984802e-02
-3.966136649250984192e-02
-1.556335687637329102e-01
-2.945061959326267242e-02
-4.529521986842155457e-02
9.093619883060455322e-03
-4.409679025411605835e-02
-2.172033041715621948e-01
1.002346947789192200e-01
-1.390169113874435425e-01
-1.180778816342353821e-02
1.911066770553588867e-01
6.523055024445056915e-03
-2.276128530502319336e-01
-4.497867077589035034e-02
-7.316391170024871826e-02
2.484547905623912811e-02
-6.068174168467521667e-02
-8.079940825700759888e-02
-2.029684931039810181e-01
1.432336214929819107e-02
7.379504851996898651e-03
-2.521522529423236847e-02
3.724894300103187561e-02
-6.841899454593658447e-02
-8.131932467222213745e-02
6.649362295866012573e-02
-1.296072155237197876e-01
5.516450107097625732e-02
7.952271698741242290e-05
-1.814024150371551514e-01
2.801212295889854431e-02
-2.406056821346282959e-01
1.082636229693889618e-02
5.250379815697669983e-02
