2.589370906352996826e-01
1.095177382230758667e-01
2.434982918202877045e-03
9.884075820446014404e-02
1.482822895050048828e-01
2.290033307872363366e-06
1.236200779676437378e-01
2.586687207221984863e-01
1.780554354190826416e-01
2.630869112908840179e-02
8.778369426727294922e-02
2.223948836326599121e-01
1.909742802381515503e-01
2.289884388446807861e-01
-2.701662879189825617e-06
1.198008507490158081e-01
7.946214824914932251e-02
1.291781514883041382e-01
8.153957873582839966e-02
1.656120866537094116e-01
8.521152287721633911e-02
2.008028179407119751e-01
1.702646166086196899e-01
3.647497806014143862e-07
2.397177517414093018e-01
9.781679511070251465e-02
1.057740077376365662e-01
9.896393865346908569e-02
-4.410917881614295766e-06
5.281939730048179626e-02
1.911304146051406860e-01
1.556330174207687378e-01
1.049200221896171570e-01
1.679182201623916626e-01
2.162766605615615845e-01
1.415419280529022217e-01
2.274848818778991699e-01
1.544835418462753296e-01
-2.008707029744982719e-03
1.454555243253707886e-01
9.918342530727386475e-02
3.755585476756095886e-02
9.343196451663970947e-02
2.465821057558059692e-01
6.638347357511520386e-02
8.132710307836532593e-02
2.401577830314636230e-01
1.411805450916290283e-01
3.570036962628364563e-02
1.115222349762916565e-01
1.430567800998687744e-01
1.029624603688716888e-03
2.908502332866191864e-02
2.236086428165435791e-01
3.187948763370513916e-01
4.088033363223075867e-02
1.403022855520248413e-01
7.418832927942276001e-02
1.334949284791946411e-01
8.443460615126241464e-07
1.474969089031219482e-01
1.407811492681503296e-01
5.604045838117599487e-02
2.360106557607650757e-01
2.642614953219890594e-02
1.016279235482215881e-01
2.747555673122406006e-01
7.112503796815872192e-02
2.842768026312114671e-06
6.391416490077972412e-02
9.229336865246295929e-03
1.206923350691795349e-01
9.634274989366531372e-02
1.067694202065467834e-01
3.532470017671585083e-02
2.764118909835815430e-01
5.706434324383735657e-02
2.245016992092132568e-01
1.669754534959793091e-01
8.409133553504943848e-02
7.476121932268142700e-02
1.107890158891677856e-01
4.966650530695915222e-02
7.821921259164810181e-02
1.310263723134994507e-01
1.269466131925582886e-01
1.217902079224586487e-01
7.470426708459854126e-02
2.942209243774414062e-01
-1.749297325659426861e-06
1.913154392241267487e-06
9.922462701797485352e-02
6.537508219480514526e-02
2.099364250898361206e-01
5.896564569951578960e-09
3.305665776133537292e-02
1.607667654752731323e-01
2.214558422565460205e-01
2.216562330722808838e-01
3.665258884429931641e-01
2.857375144958496094e-01
5.715301260352134705e-02
2.719561457633972168e-01
8.016640692949295044e-02
2.112936824560165405e-01
1.292307133553549647e-04
7.798973470926284790e-02
1.084039956331253052e-01
1.676562577486038208e-01
1.751943528652191162e-01
1.910543739795684814e-01
8.966147899627685547e-02
7.179515932875801809e-07
9.474385529756546021e-02
1.914357542991638184e-01
1.521120220422744751e-01
8.079339563846588135e-02
1.775701045989990234e-01
1.079732477664947510e-01
1.761202067136764526e-01
9.419248998165130615e-02
1.445893794298171997e-01
1.913162320852279663e-01
1.975355148315429688e-01
1.173912808299064636e-01
2.724477946758270264e-01
1.050499156117439270e-01
2.135265469551086426e-01
1.151182800531387329e-01
1.020092442631721497e-01
1.096808910369873047e-01
6.404299288988113403e-02
1.370216906070709229e-01
1.515058784207212739e-06
2.189003825187683105e-01
9.466098248958587646e-02
1.266631335020065308e-01
1.871862560510635376e-01
-1.362434716156712966e-07
1.023527458310127258e-01
1.712566912174224854e-01
7.257462292909622192e-02
9.347660839557647705e-02
8.676365541759878397e-05
9.351564198732376099e-02
3.463018238544464111e-01
2.988086938858032227e-01
1.322465986013412476e-01
4.284128919243812561e-02
2.539550960063934326e-01
1.269088834524154663e-01
5.662359297275543213e-02
2.123377919197082520e-01
9.435423635295592248e-06
2.436322271823883057e-01
2.189863473176956177e-01
2.406725734472274780e-01
2.031082203757250682e-06
2.000898122787475586e-01
1.102897748351097107e-01
7.645610719919204712e-02
2.237669825553894043e-01
7.982509583234786987e-02
2.808347940444946289e-01
6.838275492191314697e-02
3.177048347424715757e-04
2.351565361022949219e-01
1.071462929248809814e-01
5.074467509984970093e-02
6.187042221426963806e-02
5.032317176301148720e-07
1.881322562694549561e-01
2.221881970763206482e-02
1.889567971229553223e-01
9.105824574362486601e-06
-9.372001513838768005e-03
1.490752398967742920e-01
1.207815408706665039e-01
1.449703127145767212e-01
2.318529039621353149e-01
1.118296682834625244e-01
1.325218528509140015e-01
7.515954971313476562e-02
2.404803037643432617e-01
2.559670507907867432e-01
3.171860277652740479e-01
9.328717851531109773e-07
1.701601743698120117e-01
2.755269706249237061e-01
1.120888069272041321e-01
1.991607844829559326e-01
1.392118930816650391e-01
2.263859659433364868e-01
2.557138204574584961e-01
2.973613142967224121e-01
1.091903224587440491e-01
-2.178801672414465429e-08
4.113477841019630432e-02
1.049667149782180786e-01
2.701657414436340332e-01
-1.103910108213312924e-06
4.173386842012405396e-02
1.970736235380172729e-01
9.728035330772399902e-02
2.507885312752478058e-07
8.485496789216995239e-02
5.426305159926414490e-02
1.540936827659606934e-01
2.364364415407180786e-01
-3.327593207359313965e-03
2.022404372692108154e-01
8.163370192050933838e-02
1.821482628583908081e-01
2.915199502240284346e-06
6.732294708490371704e-02
8.517684042453765869e-02
1.656596511602401733e-01
2.686915993690490723e-01
4.058142006397247314e-02
6.972518563270568848e-02
1.671660989522933960e-01
6.825092434883117676e-02
4.387618446344276890e-08
6.346214562654495239e-02
1.868749409914016724e-01
5.937677621841430664e-02
9.993325173854827881e-02
2.791849970817565918e-01
8.455656468868255615e-02
6.469927728176116943e-02
3.133704885840415955e-02
2.126992195844650269e-01
1.615783572196960449e-02
4.638341069221496582e-02
4.389156771367197507e-08
5.524715781211853027e-02
7.550993359473068267e-06
6.560305505990982056e-02
5.010113492608070374e-02
2.074990868568420410e-01
6.139014294603839517e-05
3.145647048950195312e-01
4.892798885703086853e-02
2.355142533779144287e-01
4.578598216176033020e-02
1.494731456041336060e-01
2.825975120067596436e-01
1.020991951227188110e-01
7.008171081542968750e-02
1.916675567626953125e-01
4.242131486535072327e-02
2.154147028923034668e-01
7.309427857398986816e-02
1.224127635359764099e-01
4.819313809275627136e-02
2.000756263732910156e-01
5.035410448908805847e-02
1.367249190807342529e-01
3.675435855984687805e-02
1.362479329109191895e-01
1.298969984054565430e-01
5.063018575310707092e-02
5.254615470767021179e-02
2.338094860315322876e-01
6.654595583677291870e-02
2.401946485042572021e-01
3.066788055002689362e-02
3.068855404853820801e-01
2.272040098905563354e-01
2.352178394794464111e-01
4.617088416125625372e-05
8.174055814743041992e-02
8.756156830713734962e-07
1.351604461669921875e-01
6.183625757694244385e-02
2.058585882186889648e-01
1.358019560575485229e-01
8.871906250715255737e-02
6.456106156110763550e-02
1.272507160902023315e-01
1.742645353078842163e-01
1.843724548816680908e-01
7.772447913885116577e-02
1.526230275630950928e-01
1.713233292102813721e-01
3.133461177349090576e-01
3.445110842585563660e-02
1.260499358177185059e-01
1.283923834562301636e-01
1.042982265353202820e-01
2.746123373508453369e-01
3.559806500561535358e-04
5.661714822053909302e-02
8.769047260284423828e-02
1.531082093715667725e-01
1.151914522051811218e-01
4.340430721640586853e-02
4.235422602505423129e-05
2.362144887447357178e-01
-7.863748578529339284e-06
8.491332083940505981e-02
1.451583355665206909e-01
5.952004343271255493e-02
1.189919039607048035e-01
1.534396857023239136e-01
1.299128383398056030e-01
6.937552243471145630e-02
1.472038775682449341e-01
1.501537859439849854e-01
3.482746481895446777e-01
7.829052954912185669e-02
2.776699830064899288e-06
6.065731383841921343e-08
-2.301073322996671777e-07
2.593760490417480469e-01
8.871886134147644043e-02
3.858048096299171448e-02
3.375759422779083252e-01
2.094511870609494508e-07
1.497330218553543091e-01
6.044455617666244507e-02
2.053724825382232666e-01
8.545421063899993896e-02
7.903384417295455933e-02
1.669703125953674316e-01
-2.982562108400088619e-08
1.303699761629104614e-01
1.799366921186447144e-01
1.799864321947097778e-01
9.801693260669708252e-02
1.056886240839958191e-01
6.952887028455734253e-02
1.588667828400502913e-07
3.403511047363281250e-01
8.639915287494659424e-02
1.656962037086486816e-01
1.143051162362098694e-01
2.363309711217880249e-01
6.378866732120513916e-02
1.775573641061782837e-01
2.217939794063568115e-01
9.169687330722808838e-02
2.590913772583007812e-01
2.860624529421329498e-02
2.426124513149261475e-01
1.781153380870819092e-01
1.158118312361011704e-08
1.817363351583480835e-01
6.303636729717254639e-02
2.229940891265869141e-01
2.131469100713729858e-01
2.171069532632827759e-01
1.650768220424652100e-01
2.922596633434295654e-01
2.071033120155334473e-01
1.545836925506591797e-01
1.457892358303070068e-01
2.265677601099014282e-01
2.091320306062698364e-01
5.419935286045074463e-02
1.485132426023483276e-01
2.031363397836685181e-01
1.094862148165702820e-01
3.203126192092895508e-01
1.378725755785126239e-05
1.828614026308059692e-01
8.869795501232147217e-02
9.363301098346710205e-02
2.006576210260391235e-01
1.637456417083740234e-01
1.792024818314530421e-06
2.102133035659790039e-01
1.513232886791229248e-01
1.282171607017517090e-01
1.826122216880321503e-02
9.577272832393646240e-02
1.345481574535369873e-01
9.049309045076370239e-02
5.684299021959304810e-02
2.127290219068527222e-01
-1.948102936148643494e-02
1.117749363183975220e-01
2.001772969961166382e-01
1.471767127513885498e-01
8.930450677871704102e-02
6.199539452791213989e-02
2.264783324790187180e-05
2.606675028800964355e-01
2.373235076665878296e-01
9.672471135854721069e-02
2.716867253184318542e-02
2.757224999368190765e-02
1.535104811191558838e-01
1.132979914546012878e-01
1.261477917432785034e-01
3.168192505836486816e-01
3.643262386322021484e-01
1.597742438316345215e-01
1.342857778072357178e-01
5.213669687509536743e-02
4.643825661787559511e-07
3.537974059581756592e-01
2.240041084587574005e-02
2.085669636726379395e-01
2.371371984481811523e-01
2.060934752225875854e-01
2.707079350948333740e-01
1.149865910410881042e-01
1.028009578585624695e-01
3.380635007488308474e-07
1.246407404541969299e-01
7.561317086219787598e-02
1.781018823385238647e-01
5.983917361618296127e-08
9.786218404769897461e-02
4.778905585408210754e-02
9.883010387420654297e-02
1.367150433361530304e-02
2.672100961208343506e-01
1.387530863285064697e-01
9.941189736127853394e-02
5.800110846757888794e-02
8.894235640764236450e-02
1.860315650701522827e-01
2.266051620244979858e-01
5.377798900008201599e-02
2.987022185152454767e-07
7.157790660858154297e-02
1.662548184394836426e-01
1.318244189023971558e-01
2.210204684160999022e-06
6.461318582296371460e-02
4.459187388420104980e-02
1.483959067627438344e-06
3.732046782970428467e-01
8.356614410877227783e-02
3.626275062561035156e-02
1.248962432146072388e-01
1.402399390935897827e-01
6.764310598373413086e-02
8.778104931116104126e-02
2.478746175765991211e-01
2.790817916393280029e-01
2.917478084564208984e-01
1.025212779641151428e-01
8.843768388032913208e-02
-2.420047451323625864e-07
8.392485231161117554e-02
1.835801452398300171e-01
-2.775170651148073375e-05
6.414620578289031982e-02
5.604890134236484300e-07
1.069674837594902783e-07
5.947773531079292297e-02
9.630859130993485451e-04
2.531553804874420166e-01
5.572141706943511963e-02
1.005877852439880371e-01
3.531244695186614990e-01
2.661058306694030762e-01
4.971748217940330505e-02
3.280028700828552246e-02
2.872966788709163666e-02
1.960439383983612061e-01
2.378686219453811646e-01
9.873123466968536377e-02
2.181324735283851624e-02
7.807777535617788089e-08
2.536838650703430176e-01
6.431055814027786255e-02
1.093247085809707642e-01
3.225407302379608154e-01
1.418733663882676410e-08
2.154345065355300903e-01
1.855340898036956787e-01
1.258428394794464111e-01
2.242732793092727661e-01
1.350951343774795532e-01
1.374430209398269653e-01
2.839783765375614166e-02
1.110182031989097595e-01
1.446495801210403442e-01
9.976874291896820068e-02
1.401178389787673950e-01
7.705308496952056885e-02
1.065049245953559875e-01
-1.215096744999755174e-06
1.562298536300659180e-01
1.828684359788894653e-01
2.677462100982666016e-01
4.632741212844848633e-02
8.628001809120178223e-02
1.481102108955383301e-01
8.986508846282958984e-02
2.969162464141845703e-01
2.464538067579269409e-01
9.558527171611785889e-02
1.933282464742660522e-01
1.500039381596707244e-08
1.298399865627288818e-01
1.406020969152450562e-01
2.047013342380523682e-01
5.610251799225807190e-02
1.441305577754974365e-01
8.305922150611877441e-02
2.803978323936462402e-01
2.563229501247406006e-01
1.475636065006256104e-01
1.456092596054077148e-01
1.863132723656235612e-07
7.140120863914489746e-02
2.641554176807403564e-01
