-6.192146986722946167e-02
-5.793337896466255188e-02
-1.084927842020988464e-01
-3.453570604324340820e-02
-1.163976714015007019e-01
-2.184068970382213593e-02
-1.156934052705764771e-01
-1.035599857568740845e-01
5.158395972102880478e-03
-6.137085333466529846e-02
4.652766510844230652e-02
-3.164990246295928955e-02
-1.609317809343338013e-01
-1.442316919565200806e-01
-8.161518722772598267e-02
-4.720392450690269470e-02
-1.002969965338706970e-01
-1.375042200088500977e-01
-4.166646674275398254e-02
-1.352993547916412354e-01
-6.966514140367507935e-02
-1.262493617832660675e-02
-9.131771326065063477e-02
-1.670280247926712036e-01
4.827629402279853821e-02
-2.255724556744098663e-02
-2.589013241231441498e-02
-2.341609820723533630e-02
-3.318364545702934265e-02
-9.135787189006805420e-02
-1.821335852146148682e-01
-6.245713308453559875e-02
-7.775522023439407349e-02
-1.773465052247047424e-02
-5.056306719779968262e-02
-5.902546923607587814e-03
-7.732777297496795654e-02
-4.064625874161720276e-02
-2.784761413931846619e-02
4.295001924037933350e-02
-6.009794399142265320e-02
-9.129652380943298340e-02
-1.863847076892852783e-01
-1.344608515501022339e-01
-3.454194590449333191e-02
1.142928153276443481e-01
-1.269461493939161301e-02
-9.097415953874588013e-02
-1.302151829004287720e-01
-1.677342504262924194e-01
-2.432838641107082367e-02
-5.059609189629554749e-03
-8.374097943305969238e-02
-5.854465812444686890e-02
-7.918193191289901733e-02
-5.796429514884948730e-02
-6.124926730990409851e-02
-2.392154932022094727e-02
-1.728566922247409821e-02
-4.938035830855369568e-02
3.447744995355606079e-02
-1.150529235601425171e-01
-1.805229187011718750e-01
-6.685917079448699951e-02
-1.185590475797653198e-01
-9.882263094186782837e-02
-1.283472329378128052e-01
-3.778461739420890808e-02
-7.323607057332992554e-02
-3.447772189974784851e-02
-8.743809908628463745e-02
-8.089168369770050049e-02
-3.670460730791091919e-02
2.381782419979572296e-02
-8.393796160817146301e-03
-2.409221231937408447e-02
-9.121540188789367676e-02
-5.040114000439643860e-02
-1.215617656707763672e-01
-4.211886227130889893e-02
-5.552674829959869385e-02
-5.483656749129295349e-02
-8.793453127145767212e-02
-8.008809760212898254e-03
-9.424367919564247131e-03
-8.539925515651702881e-02
-7.034450769424438477e-02
-1.253504604101181030e-01
-6.594916433095932007e-02
-1.961663179099559784e-02
6.087920628488063812e-03
-5.862716957926750183e-02
1.728899590671062469e-02
4.193900153040885925e-02
-8.942116796970367432e-02
-1.533400118350982666e-01
-2.411067932844161987e-01
-5.512665212154388428e-02
-2.329430133104324341e-01
-7.932801544666290283e-02
-1.506319493055343628e-01
-9.324527531862258911e-02
-3.456865251064300537e-02
-6.687763333320617676e-02
-1.692973449826240540e-02
-6.481539458036422729e-02
-9.439688920974731445e-02
-3.877803310751914978e-02
4.898256063461303711e-02
-1.097608655691146851e-01
-2.808298729360103607e-02
-6.980600208044052124e-02
2.417367137968540192e-02
-1.326101422309875488e-01
-1.563480794429779053e-01
-1.201582849025726318e-01
-1.215126961469650269e-01
-2.049312740564346313e-02
5.851298198103904724e-02
-6.615763902664184570e-02
-5.567605793476104736e-02
-1.211228147149085999e-01
-4.328288510441780090e-02
-7.759711146354675293e-02
-1.960696280002593994e-02
-1.099218875169754028e-01
-1.245081145316362381e-02
-1.181070320308208466e-02
7.130803167819976807e-02
3.116770274937152863e-02
-8.483032137155532837e-02
-2.854976430535316467e-02
-9.301637858152389526e-02
-1.811257749795913696e-01
5.591863766312599182e-03
-1.186955720186233521e-01
-1.604479849338531494e-01
-4.680663347244262695e-02
-8.731055259704589844e-02
-1.415876448154449463e-01
-7.289892435073852539e-02
-2.476850897073745728e-02
-1.223586350679397583e-01
-5.552884936332702637e-02
-7.745874673128128052e-02
-9.149058163166046143e-02
-2.333779335021972656e-01
-8.515759557485580444e-02
-9.668213129043579102e-02
-5.243264138698577881e-02
-2.363059483468532562e-02
-1.041239053010940552e-01
-3.954059258103370667e-02
-3.784234821796417236e-02
-7.481010258197784424e-02
2.726624486967921257e-03
-7.286264002323150635e-02
-1.009963154792785645e-01
-8.827558904886245728e-02
-1.293051056563854218e-02
2.871998120099306107e-03
-6.155409291386604309e-02
-1.091651339083909988e-02
-1.122090145945549011e-01
-7.316120713949203491e-02
-1.367547214031219482e-01
-1.079507619142532349e-01
-1.118100136518478394e-01
-8.772843517363071442e-03
-1.058469042181968689e-01
-1.494571380317211151e-02
-7.200409471988677979e-02
-5.599609017372131348e-02
-9.011899679899215698e-02
-4.083959758281707764e-02
-1.170200780034065247e-01
-1.105891615152359009e-01
-3.933097701519727707e-03
-1.032809764146804810e-01
-1.685232073068618774e-01
-1.181214824318885803e-01
5.398013442754745483e-02
-6.740712374448776245e-02
4.109874367713928223e-02
-4.480095580220222473e-03
-4.465678706765174866e-02
8.718992769718170166e-02
1.438664272427558899e-02
-1.125331893563270569e-01
-1.192262303084135056e-02
-1.414277553558349609e-01
-1.830459572374820709e-02
-3.482735157012939453e-02
-6.991101801395416260e-02
-5.187445506453514099e-02
-5.884015560150146484e-02
-4.959864541888237000e-02
-1.232486516237258911e-01
-2.348499745130538940e-02
-1.451541185379028320e-01
-7.468488067388534546e-02
-7.372033596038818359e-02
-1.804963499307632446e-02
-7.087586820125579834e-02
-2.219913899898529053e-02
-7.810757309198379517e-02
-1.058842986822128296e-01
-1.303280591964721680e-01
1.247367821633815765e-02
-1.015629395842552185e-01
-1.867486909031867981e-02
-4.839733242988586426e-02
-2.141473293304443359e-01
-1.078086160123348236e-02
-1.376178264617919922e-01
4.277533292770385742e-02
-1.497033536434173584e-01
-1.149758324027061462e-01
1.803608611226081848e-02
-7.829756289720535278e-02
-1.274501532316207886e-02
-6.748155504465103149e-02
-7.102401554584503174e-02
-2.809637784957885742e-02
-1.075597703456878662e-01
-8.057648688554763794e-02
-1.865245103836059570e-01
2.169670071452856064e-03
-6.917744129896163940e-02
-4.424669221043586731e-02
-1.487613320350646973e-01
-7.134045660495758057e-02
-1.025807932019233704e-01
-1.298665851354598999e-01
-1.426125615835189819e-01
-1.376664340496063232e-01
-1.281787306070327759e-01
-1.092963851988315582e-02
-1.291405111551284790e-01
-4.395519942045211792e-02
-4.753369092941284180e-02
-2.741775661706924438e-02
-5.595147982239723206e-02
-3.443913906812667847e-02
-1.999801993370056152e-01
-1.119371429085731506e-01
-1.297215223312377930e-01
4.443110083229839802e-04
-3.750784695148468018e-02
-1.451201289892196655e-01
-1.252255141735076904e-01
-2.686326205730438232e-02
-7.861123234033584595e-02
-2.908013388514518738e-02
2.361691184341907501e-02
-1.497889757156372070e-01
