-4.194313287734985352e-02
-1.014867573976516724e-01
-9.421654045581817627e-02
6.514873821288347244e-03
-1.645677834749221802e-01
1.138413324952125549e-02
-6.922487914562225342e-02
-5.152742937207221985e-02
-1.671584099531173706e-01
-2.863671397790312767e-03
-1.663749963045120239e-01
-1.530165523290634155e-01
-2.476423531770706177e-01
-3.052695095539093018e-01
-6.555090844631195068e-02
-1.273827850818634033e-01
5.050987005233764648e-02
-1.122272983193397522e-01
-1.161294877529144287e-01
-7.963952422142028809e-02
-3.421870172023773193e-01
-1.276968270540237427e-01
-1.871145218610763550e-01
-1.461841315031051636e-01
-6.215694546699523926e-02
-1.144352704286575317e-01
6.283397972583770752e-02
-4.579414427280426025e-02
-1.727315634489059448e-01
-2.630686573684215546e-02
-1.187976971268653870e-01
-1.565915495157241821e-01
-1.156170666217803955e-01
1.135385688394308090e-02
-1.217760294675827026e-01
8.478422462940216064e-02
-5.025573819875717163e-02
2.166716568171977997e-02
-1.135684251785278320e-01
-9.768036007881164551e-02
-4.232024308294057846e-03
-1.170801222324371338e-01
-3.241927549242973328e-02
-6.733054667711257935e-02
-6.689895689487457275e-02
-3.337850868701934814e-01
-1.159234568476676941e-01
1.552828308194875717e-02
-1.296295672655105591e-01
-3.664939478039741516e-02
-9.809599816799163818e-02
-1.451091766357421875e-01
-9.672690927982330322e-02
-5.103444308042526245e-02
-9.986458718776702881e-02
-4.777727648615837097e-02
-2.744371294975280762e-01
-2.702363133430480957e-01
-1.339692920446395874e-01
-1.511350423097610474e-01
-6.160349026322364807e-02
-1.345033645629882812e-01
-1.599785983562469482e-01
-5.326442420482635498e-02
-4.003135487437248230e-02
-6.312584131956100464e-02
-9.576195478439331055e-02
-1.551718562841415405e-01
-1.844118237495422363e-01
-3.210346028208732605e-02
-2.306189574301242828e-02
-2.188643217086791992e-01
-2.584762275218963623e-01
-1.241066008806228638e-01
9.595424681901931763e-02
-2.309012264013290405e-01
-1.039419993758201599e-01
-1.142224371433258057e-01
-2.457626610994338989e-01
-1.876791268587112427e-01
1.845791353844106197e-03
-8.973141014575958252e-02
-1.021533831954002380e-01
-3.630020096898078918e-02
-1.719585508108139038e-01
3.951029852032661438e-02
-6.649949401617050171e-02
8.654090017080307007e-02
9.859281778335571289e-02
-8.155462890863418579e-02
-5.731096863746643066e-02
-5.831795185804367065e-02
9.589132666587829590e-02
-1.524682044982910156e-01
-4.944469407200813293e-02
4.237367957830429077e-02
-8.432599157094955444e-02
-1.683230251073837280e-01
-1.014911308884620667e-01
1.790060475468635559e-02
-1.703675836324691772e-01
-2.829567901790142059e-02
-1.403751224279403687e-01
1.148661822080612183e-01
-2.308859229087829590e-01
2.500171065330505371e-01
-1.308920085430145264e-01
-5.571712553501129150e-02
9.536772221326828003e-02
-3.773323073983192444e-02
-2.985491044819355011e-02
-2.001469135284423828e-01
-7.025753147900104523e-03
-9.428235888481140137e-02
-2.038328945636749268e-01
9.124737232923507690e-02
-1.011104062199592590e-01
-1.385288983583450317e-01
-2.820903360843658447e-01
8.088541775941848755e-02
-1.405480206012725830e-01
-4.702447913587093353e-03
-8.462518453598022461e-02
-3.616324812173843384e-02
-4.934319108724594116e-02
-2.307590246200561523e-01
-1.412265934050083160e-02
-2.329289354383945465e-02
-5.435531213879585266e-02
1.390559878200292587e-02
-1.145184505730867386e-02
-2.155439555644989014e-02
-6.042999774217605591e-02
-1.310169547796249390e-01
-6.437135487794876099e-02
2.860329858958721161e-02
-7.709506899118423462e-02
-1.293116956949234009e-01
-9.347482770681381226e-02
-1.747069507837295532e-01
-2.513866126537322998e-02
6.362641602754592896e-02
-2.550189495086669922e-01
-2.612695656716823578e-02
1.713590174913406372e-01
-3.569452092051506042e-02
-2.135099321603775024e-01
2.775182723999023438e-01
-1.305904984474182129e-01
9.604385495185852051e-02
-8.599795401096343994e-02
-1.040798053145408630e-01
-1.990091055631637573e-01
-2.863208390772342682e-02
-2.319583445787429810e-01
-1.556952446699142456e-01
-5.319156125187873840e-02
-8.073873817920684814e-02
-3.887058049440383911e-02
-1.499248445034027100e-01
-1.665302515029907227e-01
-1.176635921001434326e-01
-1.134157478809356689e-01
-9.889309853315353394e-02
-8.442800492048263550e-02
-4.675450921058654785e-02
-1.093840226531028748e-01
-1.132703423500061035e-01
-1.155627891421318054e-01
5.012220889329910278e-02
-4.259888082742691040e-02
-1.798164099454879761e-02
-1.002208068966865540e-01
-4.927358403801918030e-02
-3.908061385154724121e-01
-3.799102455377578735e-02
-7.435038220137357712e-03
-1.762519776821136475e-01
-6.391879916191101074e-02
4.247155040502548218e-03
-1.103084906935691833e-01
-3.269714415073394775e-01
9.017459116876125336e-03
-6.061212345957756042e-02
-1.782176941633224487e-01
-1.253385245800018311e-01
1.922657527029514313e-02
-9.478414058685302734e-02
-8.804925531148910522e-02
-2.267128378152847290e-01
-1.620982140302658081e-01
-8.236264437437057495e-02
-9.940283745527267456e-02
-1.575379818677902222e-01
1.881183870136737823e-02
-1.649279445409774780e-01
-2.871850430965423584e-01
3.153308853507041931e-02
2.076742425560951233e-02
-5.374922603368759155e-02
6.010334473103284836e-03
-1.549824476242065430e-01
-7.447590678930282593e-02
-2.643812298774719238e-01
-3.988684341311454773e-02
-4.916258621960878372e-03
-3.537038713693618774e-02
-9.244728088378906250e-02
1.252099573612213135e-01
8.453824371099472046e-02
-4.918701201677322388e-02
-1.914096176624298096e-01
4.969566315412521362e-02
-1.747428774833679199e-01
-1.546131223440170288e-01
-8.708579838275909424e-02
-3.941789641976356506e-02
-7.043046504259109497e-02
1.415484957396984100e-02
-9.977111592888832092e-03
-5.067442730069160461e-02
-6.992541998624801636e-02
-5.952255055308341980e-02
-5.927386507391929626e-02
-9.985934942960739136e-03
-3.390676155686378479e-02
-3.186570014804601669e-03
-2.677100896835327148e-01
-1.231155619025230408e-01
-1.389020085334777832e-01
-2.480239979922771454e-02
-9.722332656383514404e-02
6.498359888792037964e-02
-9.966551512479782104e-02
-2.286825627088546753e-01
-1.195528209209442139e-01
-1.148978993296623230e-01
5.064602941274642944e-02
-1.990527957677841187e-01
-1.764051169157028198e-01
-1.477958858013153076e-01
-1.482868492603302002e-01
-5.924209952354431152e-02
-2.971460483968257904e-02
-1.341721862554550171e-01
-1.240617856383323669e-01
-3.678704425692558289e-02
-1.766786128282546997e-01
-7.977310568094253540e-02
-7.008705288171768188e-02
-8.858676999807357788e-02
-1.410438269376754761e-01
-1.364224702119827271e-01
-4.210634902119636536e-02
-3.509738668799400330e-02
-1.563720256090164185e-01
