5.842624814249575138e-04
9.373262291774153709e-04
4.874027217738330364e-04
2.958872821182012558e-03
2.210706705227494240e-03
1.691768644377589226e-03
2.486841985955834389e-04
1.729340525344014168e-03
7.950749713927507401e-04
1.778271980583667755e-03
8.456176728941500187e-04
7.853940478526055813e-04
8.096159435808658600e-04
1.488772337324917316e-03
2.522581489756703377e-03
9.059592266567051411e-04
2.197825117036700249e-03
1.768443151377141476e-03
1.198360580019652843e-03
2.973428228870034218e-03
3.480312589090317488e-04
1.071775099262595177e-03
4.425989754963666201e-04
2.107337582856416702e-03
9.144893847405910492e-04
3.285511862486600876e-03
1.470796996727585793e-03
3.113404614850878716e-03
2.216207329183816910e-03
3.005346050485968590e-03
4.139286465942859650e-04
4.485615529119968414e-03
7.058352930471301079e-04
9.016483090817928314e-04
8.094688528217375278e-04
4.207587335258722305e-04
5.868315347470343113e-04
1.320763956755399704e-03
3.708489937707781792e-03
5.852071917615830898e-04
1.028795028105378151e-03
1.253036200068891048e-03
4.042720422148704529e-03
5.779664497822523117e-04
2.419575583189725876e-03
1.396037871018052101e-03
6.189220584928989410e-04
9.783788118511438370e-04
9.522999171167612076e-04
1.227374887093901634e-03
9.898579446598887444e-04
1.737571437843143940e-03
7.495970930904150009e-03
1.355521962977945805e-03
8.967909379862248898e-04
7.983463001437485218e-04
1.751224044710397720e-03
1.280223252251744270e-03
3.302857512608170509e-04
2.645501401275396347e-03
5.689426325261592865e-04
4.815354477614164352e-04
2.879061736166477203e-03
8.215510169975459576e-04
8.925664005801081657e-04
1.735507277771830559e-03
1.111975871026515961e-03
1.198365702293813229e-03
7.282218430191278458e-04
4.870049015153199434e-04
9.704650146886706352e-04
1.783115789294242859e-03
5.807218840345740318e-04
2.857788698747754097e-03
2.695686416700482368e-04
1.327702193520963192e-03
3.289878368377685547e-04
2.758949121925979853e-04
8.410808513872325420e-04
5.845683626830577850e-04
3.383199800737202168e-04
6.367897731252014637e-04
4.262424772605299950e-04
1.670558354817330837e-03
1.866006990894675255e-03
1.070731086656451225e-03
1.114266808144748211e-03
1.270748209208250046e-03
6.804200820624828339e-04
3.744487185031175613e-03
1.360107329674065113e-03
4.378529556561261415e-04
3.735276986844837666e-04
8.790811989456415176e-04
3.006380284205079079e-03
1.386101357638835907e-03
7.261078571900725365e-04
5.738757317885756493e-04
5.613352986983954906e-04
7.802083855494856834e-04
1.436555059626698494e-03
4.691446665674448013e-04
1.702134904917329550e-04
2.274473954457789660e-04
4.604040179401636124e-03
1.235443982295691967e-03
2.060540951788425446e-03
9.556667064316570759e-04
8.116047829389572144e-04
1.359905814751982689e-03
9.577162563800811768e-04
4.422849975526332855e-03
5.113657098263502121e-03
1.442513894289731979e-03
1.253688475117087364e-03
3.042261232621967793e-04
6.197872571647167206e-04
2.540847053751349449e-04
6.951873656362295151e-04
1.577713293954730034e-03
2.384721301496028900e-03
1.876578084193170071e-03
8.554084342904388905e-04
1.516787568107247353e-03
5.346014164388179779e-03
2.646025270223617554e-03
2.157088310923427343e-04
4.227333120070397854e-04
1.384882489219307899e-03
1.951028942130506039e-03
1.954987412318587303e-03
1.286366954445838928e-03
1.395279075950384140e-03
7.576243951916694641e-04
2.881269319914281368e-04
5.869039334356784821e-03
1.154484576545655727e-03
1.499055884778499603e-03
1.855436246842145920e-03
1.279258518479764462e-03
6.443951278924942017e-04
3.121056593954563141e-03
1.075241365469992161e-03
2.701527439057826996e-03
7.861662888899445534e-04
1.011625747196376324e-03
6.542065530084073544e-04
6.594333681277930737e-04
1.003882149234414101e-03
1.436757156625390053e-03
4.621230473276227713e-04
2.144910395145416260e-03
2.353696152567863464e-03
2.957205055281519890e-03
1.993357669562101364e-03
2.779164060484617949e-04
1.410084660165011883e-03
1.207398599945008755e-03
1.418772037141025066e-03
1.318096299655735493e-03
2.291827229782938957e-03
1.526291016489267349e-03
2.549318596720695496e-04
8.877307991497218609e-04
3.735640202648937702e-04
3.211888950318098068e-03
3.283398691564798355e-04
4.022500943392515182e-03
5.959594273008406162e-04
1.308485749177634716e-03
1.835096860304474831e-03
4.846996162086725235e-04
5.009441520087420940e-04
5.542043945752084255e-04
2.291342243552207947e-03
7.850531837902963161e-04
1.508807996287941933e-03
4.731703666038811207e-04
1.453798497095704079e-03
9.363772696815431118e-04
6.648454582318663597e-04
1.438124570995569229e-03
4.152322071604430676e-04
9.422826115041971207e-04
1.146852970123291016e-03
1.075229956768453121e-03
1.734294346533715725e-03
4.154257476329803467e-04
8.595382096245884895e-04
2.985179657116532326e-03
4.485294921323657036e-04
1.158578670583665371e-03
2.860763343051075935e-03
1.770909759216010571e-03
2.526028547435998917e-03
7.149237208068370819e-04
1.098217791877686977e-03
9.630803251639008522e-04
2.842262620106339455e-03
6.349037284962832928e-04
6.743044126778841019e-03
2.489751670509576797e-03
1.190526643767952919e-03
3.228444606065750122e-03
1.277026254683732986e-03
1.141040469519793987e-03
1.353999017737805843e-03
7.679404807277023792e-04
6.219694041647017002e-04
8.651071228086948395e-03
1.276357914321124554e-03
5.955146043561398983e-04
7.665426819585263729e-04
1.876146649010479450e-03
1.586606260389089584e-03
7.584295817650854588e-04
4.064602311700582504e-03
5.748203257098793983e-04
1.089738216251134872e-03
9.192836587317287922e-04
1.027585589326918125e-03
3.176069585606455803e-03
7.670562481507658958e-04
1.262762700207531452e-03
1.890515850391238928e-04
3.309022169560194016e-03
8.370688883587718010e-04
1.897037378512322903e-03
1.009555766358971596e-03
6.024352042004466057e-04
1.347303623333573341e-03
1.799522200599312782e-03
2.505732234567403793e-03
3.086365293711423874e-03
2.033950062468647957e-03
1.586878090165555477e-03
5.967940669506788254e-04
2.264571085106581450e-04
2.641248865984380245e-04
1.725263078697025776e-03
8.385358378291130066e-04
2.726369071751832962e-03
5.771288415417075157e-04
5.721958004869520664e-04
1.814358751289546490e-03
7.692155777476727962e-04
3.208483685739338398e-04
3.301804827060550451e-04
8.134383242577314377e-04
1.481657382100820541e-03
3.148816293105483055e-03
2.712728688493371010e-03
1.218353165313601494e-03
7.698198314756155014e-04
1.598435104824602604e-03
1.245814491994678974e-03
1.097297645173966885e-04
7.127380813471972942e-04
1.713188481517136097e-03
3.629728744272142649e-04
9.637856855988502502e-04
4.244977026246488094e-04
5.048330640420317650e-04
1.794518175302073359e-04
2.519519766792654991e-03
3.590008127503097057e-04
8.363232016563415527e-03
5.602246383205056190e-04
2.242854825453832746e-04
6.488637300208210945e-04
1.824107952415943146e-03
2.122397767379879951e-03
2.709654625505208969e-03
1.587069011293351650e-03
2.384699415415525436e-03
1.068255049176514149e-03
1.341168186627328396e-03
1.286350190639495850e-03
1.052255742251873016e-03
2.002565888687968254e-03
6.681755767203867435e-04
2.500257687643170357e-03
1.005818950943648815e-03
1.906166900880634785e-03
9.317185613326728344e-04
9.125418728217482567e-04
1.777929952368140221e-03
1.042581163346767426e-03
9.083277545869350433e-04
1.037647947669029236e-03
6.813994259573519230e-04
3.897419665008783340e-03
8.443438564427196980e-04
1.037196605466306210e-03
5.720720509998500347e-04
2.880394167732447386e-04
1.627443940378725529e-03
1.713044010102748871e-03
1.036303350701928139e-03
1.736821956001222134e-03
1.872584223747253418e-03
3.466206835582852364e-04
9.777055820450186729e-04
1.869510044343769550e-03
5.602619494311511517e-04
1.212111208587884903e-03
3.403343958780169487e-03
2.246743068099021912e-03
2.094923984259366989e-03
4.762544122058898211e-04
7.440543849952518940e-04
8.312585414387285709e-04
1.225102460011839867e-03
1.864677877165377140e-03
1.330723869614303112e-03
5.515904049389064312e-04
2.136392286047339439e-03
2.917184960097074509e-03
1.082190894521772861e-03
1.961199566721916199e-03
1.311985542997717857e-03
1.067677862010896206e-03
3.669983940199017525e-03
3.439701860770583153e-03
2.669729583431035280e-04
1.633987994864583015e-03
1.170520903542637825e-03
2.101979218423366547e-03
1.190563663840293884e-03
2.010962460190057755e-03
3.116849693469703197e-04
4.913317388854920864e-04
1.179165323264896870e-03
9.169311379082500935e-04
1.198710058815777302e-03
1.505804131738841534e-03
6.583115318790078163e-04
4.410198889672756195e-04
4.621796833816915751e-04
2.125445753335952759e-03
1.847786479629576206e-03
4.085143096745014191e-03
1.538894837722182274e-03
1.374993589706718922e-03
1.328999060206115246e-03
6.578552420251071453e-04
1.668147742748260498e-03
9.277377976104617119e-04
2.666080137714743614e-03
6.872942321933805943e-04
1.176886609755456448e-03
3.250337904319167137e-03
9.040138102136552334e-04
7.932975422590970993e-04
1.956915948539972305e-03
1.282840501517057419e-03
1.058716094121336937e-03
1.579330535605549812e-03
1.044137519784271717e-03
1.800962956622242928e-03
1.037240144796669483e-03
7.813048432581126690e-04
2.131266519427299500e-03
5.979299894534051418e-04
3.214766038581728935e-03
1.061206799931824207e-03
2.933295676484704018e-03
2.346397668588906527e-04
8.863302064128220081e-04
4.495597677305340767e-04
1.067537465132772923e-03
8.198452997021377087e-04
1.993193291127681732e-03
3.858181880787014961e-04
3.698427462950348854e-04
2.551000507082790136e-04
1.347605255432426929e-03
2.012907527387142181e-03
2.435885136947035789e-03
6.633152370341122150e-04
2.184711484005674720e-04
5.499323597177863121e-04
4.905376117676496506e-04
2.581747947260737419e-03
8.133355295285582542e-04
2.025149296969175339e-03
1.644166186451911926e-03
9.153296705335378647e-04
1.444596680812537670e-03
1.142734545283019543e-03
1.019939547404646873e-03
7.318067946471273899e-04
1.308895065449178219e-03
6.746292347088456154e-04
3.780672559514641762e-04
2.638055477291345596e-03
1.306322868913412094e-03
9.501577587798237801e-04
1.183656626380980015e-03
1.607402926310896873e-03
1.479310449212789536e-03
3.836594114545732737e-04
3.869605716317892075e-04
1.029481762088835239e-03
2.046153647825121880e-03
1.094431383535265923e-03
5.964878946542739868e-04
1.701787463389337063e-03
1.726917224004864693e-03
4.206047859042882919e-03
1.561082026455551386e-04
1.043644384481012821e-03
3.587746061384677887e-03
4.203749354928731918e-03
6.032612873241305351e-04
5.092686624266207218e-04
2.566659590229392052e-03
7.876260206103324890e-04
8.862441754899919033e-04
2.577950945124030113e-03
1.322283875197172165e-03
3.189141862094402313e-04
4.764428595080971718e-04
5.522600258700549603e-04
1.408523996360599995e-03
2.685776678845286369e-03
7.300461875274777412e-04
7.194980280473828316e-04
1.005450962111353874e-03
1.010091160424053669e-03
8.468069136142730713e-04
1.863095792941749096e-03
9.947638027369976044e-04
3.314059576950967312e-04
1.178941340185701847e-03
7.781361346133053303e-04
1.089950208552181721e-03
6.757371011190116405e-04
1.849162392318248749e-03
2.274082973599433899e-03
2.071379218250513077e-03
6.630176794715225697e-04
6.729500601068139076e-04
2.733058994635939598e-03
2.909079194068908691e-03
1.629281323403120041e-03
1.861899043433368206e-03
1.829830696806311607e-03
3.217012272216379642e-04
2.289095195010304451e-03
1.510310568846762180e-03
3.885887796059250832e-03
1.840028213337063789e-03
6.385368178598582745e-04
1.620766124688088894e-03
1.404954469762742519e-03
9.662351221777498722e-04
4.691943468060344458e-04
1.595278503373265266e-03
2.226786222308874130e-03
4.680521669797599316e-04
3.878230054397135973e-04
2.442621858790516853e-03
1.067059696651995182e-03
3.537655575200915337e-03
1.034096465446054935e-03
8.439293014816939831e-04
9.252733434550464153e-04
5.698185414075851440e-04
4.544351832009851933e-04
9.224279783666133881e-04
1.037820125930011272e-03
2.300867810845375061e-03
9.021122241392731667e-04
2.953917719423770905e-03
1.086646574549376965e-03
1.226954860612750053e-03
1.202775863930583000e-03
5.424777045845985413e-04
6.350187468342483044e-04
1.058303751051425934e-03
1.438300008885562420e-03
2.087773056700825691e-03
8.866275893524289131e-04
3.490169765427708626e-04
1.820356817916035652e-03
5.689879180863499641e-04
7.097748457454144955e-04
9.714142652228474617e-04
9.519357699900865555e-04
7.497167098335921764e-04
2.938042394816875458e-03
1.490871538408100605e-03
1.660380046814680099e-03
1.227975706569850445e-03
1.039821538142859936e-03
9.842488216236233711e-04
1.076683285646140575e-03
2.315224381163716316e-03
2.080590202240273356e-04
1.405258779413998127e-03
3.933273837901651859e-04
1.538551645353436470e-03
2.868297509849071503e-03
1.533990725874900818e-03
9.201698121614754200e-04
5.134243983775377274e-04
5.084363743662834167e-03
8.438630029559135437e-04
5.571857327595353127e-04
5.938372923992574215e-04
1.484784064814448357e-03
