1.775960177183151245e-01
1.252557635307312012e-01
1.822864115238189697e-01
1.996481716632843018e-01
1.885854154825210571e-01
1.408731788396835327e-01
1.548848301172256470e-01
1.246403157711029053e-01
8.627623319625854492e-02
2.138043493032455444e-01
1.544016301631927490e-01
1.554073691368103027e-01
1.664818525314331055e-01
1.341122984886169434e-01
1.169099733233451843e-01
1.823477894067764282e-01
1.383837163448333740e-01
1.630593836307525635e-01
1.488380283117294312e-01
1.988831907510757446e-01
1.234993562102317810e-01
1.652527600526809692e-01
2.176772803068161011e-01
1.262148469686508179e-01
1.818074434995651245e-01
1.841268539428710938e-01
1.535362452268600464e-01
1.297315210103988647e-01
1.605401337146759033e-01
2.361241281032562256e-01
2.204594165086746216e-01
2.062116861343383789e-01
9.666185081005096436e-02
2.202502340078353882e-01
1.388053297996520996e-01
2.097158432006835938e-01
1.593062728643417358e-01
1.837016046047210693e-01
7.969953119754791260e-02
1.574490815401077271e-01
1.404539942741394043e-01
1.757548004388809204e-01
1.517435163259506226e-01
1.396292895078659058e-01
1.524706035852432251e-01
1.644655168056488037e-01
1.625995337963104248e-01
2.054031491279602051e-01
1.695702821016311646e-01
1.581804603338241577e-01
1.589037626981735229e-01
1.654787659645080566e-01
1.750796437263488770e-01
1.952873319387435913e-01
1.255240142345428467e-01
1.181316152215003967e-01
1.275206357240676880e-01
1.586016565561294556e-01
1.367216408252716064e-01
1.509146988391876221e-01
1.663154214620590210e-01
2.498456388711929321e-01
1.958775371313095093e-01
1.911939382553100586e-01
1.516767591238021851e-01
1.599434912204742432e-01
2.866784632205963135e-01
1.220477670431137085e-01
2.524993121623992920e-01
1.889810413122177124e-01
1.915799528360366821e-01
1.372881084680557251e-01
1.460649073123931885e-01
1.638622283935546875e-01
1.562952697277069092e-01
1.762290298938751221e-01
1.323667615652084351e-01
1.050675362348556519e-01
1.793117970228195190e-01
1.717945635318756104e-01
1.758763641119003296e-01
1.435784250497817993e-01
1.497995853424072266e-01
1.711654365062713623e-01
9.297236055135726929e-02
1.331091225147247314e-01
1.355278193950653076e-01
2.006756067276000977e-01
1.050927713513374329e-01
1.680700629949569702e-01
1.447959691286087036e-01
1.426438242197036743e-01
1.590249240398406982e-01
2.092387825250625610e-01
1.544329971075057983e-01
1.966625601053237915e-01
1.247118264436721802e-01
1.490862369537353516e-01
1.738514304161071777e-01
1.149111986160278320e-01
1.265553385019302368e-01
1.626705229282379150e-01
1.850224137306213379e-01
1.815225034952163696e-01
1.987916380167007446e-01
2.298600971698760986e-01
1.589763462543487549e-01
8.692467212677001953e-02
1.557090282440185547e-01
1.388354748487472534e-01
1.757384836673736572e-01
1.473298966884613037e-01
1.639054119586944580e-01
1.858749538660049438e-01
1.761134415864944458e-01
1.900971978902816772e-01
1.913538426160812378e-01
1.486107707023620605e-01
1.886890381574630737e-01
1.611983329057693481e-01
1.703467369079589844e-01
2.222693115472793579e-01
1.446553915739059448e-01
2.026136666536331177e-01
1.557805389165878296e-01
1.596954017877578735e-01
1.068386882543563843e-01
2.154646813869476318e-01
