2.163831144571304321e-01
2.509873509407043457e-01
2.231009900569915771e-01
2.292234450578689575e-01
2.205686569213867188e-01
2.178651094436645508e-01
2.161644846200942993e-01
1.633755117654800415e-01
2.093496620655059814e-01
2.221735268831253052e-01
2.535350918769836426e-01
3.154477477073669434e-01
2.342425882816314697e-01
2.425656616687774658e-01
2.290477603673934937e-01
2.136926054954528809e-01
2.216245383024215698e-01
1.807864159345626831e-01
2.401579916477203369e-01
2.400913238525390625e-01
2.296155393123626709e-01
2.415969371795654297e-01
2.315730154514312744e-01
2.086013555526733398e-01
2.435441613197326660e-01
2.377368062734603882e-01
2.285413742065429688e-01
2.184909582138061523e-01
2.242433130741119385e-01
2.128185778856277466e-01
2.327990978956222534e-01
2.420115023851394653e-01
1.663106083869934082e-01
2.488657683134078979e-01
1.979341506958007812e-01
2.087544053792953491e-01
2.402468919754028320e-01
1.933764815330505371e-01
1.158857643604278564e-01
2.452389597892761230e-01
2.376547604799270630e-01
1.764860302209854126e-01
2.249679118394851685e-01
1.855383664369583130e-01
2.237772643566131592e-01
2.285082787275314331e-01
2.402239292860031128e-01
2.207364588975906372e-01
2.156651318073272705e-01
2.389261424541473389e-01
2.259369790554046631e-01
2.190375179052352905e-01
2.019786238670349121e-01
2.268532961606979370e-01
2.276339977979660034e-01
2.247776538133621216e-01
2.532671391963958740e-01
1.995603144168853760e-01
2.053160667419433594e-01
1.991810202598571777e-01
2.117115855216979980e-01
2.512558698654174805e-01
2.136429399251937866e-01
2.316539287567138672e-01
