-2.772706001996994019e-02
1.263660192489624023e-01
2.955976501107215881e-02
1.295165717601776123e-01
1.832178980112075806e-01
2.186623401939868927e-02
8.440284430980682373e-02
1.902144216001033783e-02
-1.646800935268402100e-01
1.668074876070022583e-01
-2.586106956005096436e-01
9.179265797138214111e-02
2.633100748062133789e-01
5.522474477714922614e-09
-1.150880977511405945e-01
4.341980069875717163e-02
9.833290427923202515e-02
4.441559431143105030e-04
4.426468163728713989e-02
-7.794609759002923965e-03
-6.911122798919677734e-02
-7.624661177396774292e-02
-1.426871120929718018e-01
1.013428345322608948e-01
8.318441361188888550e-02
9.722416847944259644e-02
-4.541055858135223389e-02
-5.528392270207405090e-02
1.587890833616256714e-02
8.715700358152389526e-02
1.060575023293495178e-01
3.249325230717658997e-02
2.295478582382202148e-01
8.269083499908447266e-02
5.229042097926139832e-02
1.431861612945795059e-02
-8.169488608837127686e-02
4.590847343206405640e-02
4.701558500528335571e-02
1.220198255032300949e-02
1.660596132278442383e-01
-3.831231733784079552e-03
4.487460479140281677e-02
7.907965034246444702e-02
1.808604039251804352e-02
-5.062416903456323780e-07
-2.312436252832412720e-01
2.489189299126337573e-08
-9.986313432455062866e-02
-6.055049970746040344e-02
9.945234656333923340e-02
1.431349664926528931e-01
-1.451033800840377808e-01
5.725746229290962219e-02
3.499577566981315613e-02
-1.079351603984832764e-01
1.422147732910161722e-08
4.735195636749267578e-01
-2.245373427867889404e-01
4.045585170388221741e-02
4.659954085946083069e-02
-3.175007924437522888e-02
-6.063401326537132263e-02
-5.863621458411216736e-02
