-2.308066487312316895e-01
-1.760797053575515747e-01
-9.366562217473983765e-02
-1.530659347772598267e-01
-2.709597647190093994e-01
6.225045397877693176e-02
-1.275212764739990234e-01
-1.806881427764892578e-01
-2.340717315673828125e-01
-1.117610633373260498e-01
-2.037488967180252075e-01
-2.123835533857345581e-01
-1.776746660470962524e-01
-2.047375887632369995e-01
-2.234368473291397095e-01
-1.633774191141128540e-01
-2.534625828266143799e-01
-2.235558778047561646e-01
-1.889866590499877930e-01
-6.040512397885322571e-02
-1.507473438978195190e-01
-1.673365384340286255e-01
-1.037844344973564148e-01
-8.690652996301651001e-02
-1.486697345972061157e-01
-1.072390452027320862e-01
-2.276835143566131592e-01
-2.577722668647766113e-01
-1.459442973136901855e-01
-2.438026070594787598e-01
-8.224397152662277222e-02
-6.698291003704071045e-02
-2.275015115737915039e-01
-1.194211542606353760e-01
-1.724284291267395020e-01
-1.302706748247146606e-01
-1.969330310821533203e-01
-1.823790818452835083e-01
-1.828230172395706177e-01
-2.418785095214843750e-01
-1.568287909030914307e-01
-2.164518386125564575e-01
-1.493815183639526367e-01
-1.369332373142242432e-01
-2.610182166099548340e-01
-1.063596978783607483e-01
-1.071993112564086914e-01
-2.472860813140869141e-01
-2.435969114303588867e-01
8.205070346593856812e-02
-2.223771065473556519e-01
-1.273536980152130127e-01
-1.207589134573936462e-01
-2.415549606084823608e-01
-2.439770698547363281e-01
-2.850171029567718506e-01
-1.709144711494445801e-01
-6.099801510572433472e-02
-1.019921749830245972e-01
-2.847484648227691650e-01
-1.032798290252685547e-01
-1.510600894689559937e-01
-2.110707461833953857e-01
-1.365632414817810059e-01
-1.880462467670440674e-01
-1.199513599276542664e-01
-1.406419277191162109e-01
-5.854870378971099854e-02
-2.488563954830169678e-01
-1.252237409353256226e-01
-2.507317364215850830e-01
-1.156112924218177795e-01
-2.484122216701507568e-01
-1.785649955272674561e-01
-1.779232472181320190e-01
-9.343127161264419556e-02
-1.713314801454544067e-01
-1.485009640455245972e-01
-2.674991190433502197e-01
-2.187566310167312622e-01
-2.362994849681854248e-01
-1.913269162178039551e-01
-1.279181838035583496e-01
-9.513691812753677368e-02
-1.292431503534317017e-01
-2.094990462064743042e-01
-9.466245025396347046e-02
-1.580686867237091064e-01
-3.215469047427177429e-02
-2.476696670055389404e-01
-2.326384931802749634e-01
-1.597471535205841064e-01
-1.734348535537719727e-01
-1.965221315622329712e-01
-1.505165696144104004e-01
-1.968284994363784790e-01
-1.473652273416519165e-01
-2.445610910654067993e-01
-1.910981088876724243e-01
-1.056006699800491333e-01
-2.803825736045837402e-01
-1.589035689830780029e-01
-2.636317908763885498e-01
-1.226670742034912109e-01
-1.380664855241775513e-01
-2.229446768760681152e-01
-1.303851008415222168e-01
-1.154777929186820984e-01
-2.480140775442123413e-01
-2.458613365888595581e-01
-1.495278477668762207e-01
-2.223096340894699097e-01
-1.299295723438262939e-01
-1.367824673652648926e-01
-1.800123304128646851e-01
-1.983403563499450684e-01
-1.409064680337905884e-01
-1.889405846595764160e-01
-2.367090135812759399e-01
-1.810279488563537598e-01
-2.502713203430175781e-01
-1.134286746382713318e-01
-1.526120901107788086e-01
-1.087775677442550659e-01
-2.068217098712921143e-01
-1.978643536567687988e-01
-3.151816129684448242e-01
-1.867078840732574463e-01
-2.190254777669906616e-01
-1.651320010423660278e-01
-1.979681849479675293e-01
-1.649023890495300293e-01
-1.655441522598266602e-01
-2.004973292350769043e-01
-1.904413849115371704e-01
-1.375469118356704712e-01
-1.579669117927551270e-01
-1.180221438407897949e-01
-2.083664536476135254e-01
-1.958876848220825195e-01
-1.725787371397018433e-01
-1.365272998809814453e-01
-2.818545997142791748e-01
-2.338753640651702881e-01
-1.224012598395347595e-01
-1.819942742586135864e-01
-1.551038175821304321e-01
-2.123453915119171143e-01
-2.434369772672653198e-01
-2.112939804792404175e-01
-1.955263912677764893e-01
-3.995660319924354553e-02
-2.069440335035324097e-01
-1.053233295679092407e-01
-6.397380679845809937e-02
-1.652711629867553711e-01
-1.332555115222930908e-01
-1.650003194808959961e-01
-1.764767318964004517e-01
-2.276879251003265381e-01
-2.257361114025115967e-01
-3.134333491325378418e-01
-1.803579181432723999e-01
-2.576453983783721924e-01
-1.217988654971122742e-01
-1.448310613632202148e-01
-1.629582047462463379e-01
-1.979312598705291748e-01
-2.166081517934799194e-01
-1.265560984611511230e-01
-2.090208232402801514e-01
-2.590579092502593994e-01
-1.743888854980468750e-01
-2.015069723129272461e-01
-1.986725777387619019e-01
-2.108225822448730469e-01
-1.444983333349227905e-01
-1.956706047058105469e-01
-2.193518728017807007e-01
-1.616452634334564209e-01
-2.195779830217361450e-01
-2.030409723520278931e-01
-1.548196375370025635e-01
-1.879467219114303589e-01
-2.119123935699462891e-01
-2.265976071357727051e-01
-2.397627681493759155e-01
-1.248489245772361755e-01
-1.702650934457778931e-01
-1.850517094135284424e-01
-2.178168594837188721e-01
-2.145578265190124512e-01
-1.445059925317764282e-01
-1.996570080518722534e-01
-2.086783498525619507e-01
-1.334664821624755859e-01
-2.208951562643051147e-01
-1.668102145195007324e-01
-2.400128841400146484e-01
-1.853668838739395142e-01
-1.425129622220993042e-01
-1.871958225965499878e-01
-1.326896399259567261e-01
-1.915043443441390991e-01
-1.509105116128921509e-01
-2.686863541603088379e-01
-1.463340222835540771e-01
6.415298581123352051e-02
-1.317229121923446655e-01
-1.294006854295730591e-01
-2.199751138687133789e-01
-1.736346185207366943e-01
-8.594353497028350830e-02
-1.758166402578353882e-01
-1.167899221181869507e-01
-1.330699622631072998e-01
-1.142673641443252563e-01
-2.395733743906021118e-01
-2.387007772922515869e-01
-1.612083613872528076e-01
-1.936916708946228027e-01
-2.152662873268127441e-01
-1.131017208099365234e-01
-2.001285851001739502e-01
-2.297467440366744995e-01
-1.337152719497680664e-01
-1.680654585361480713e-01
-1.953676939010620117e-01
-2.384809553623199463e-01
-2.742922604084014893e-01
-1.668261289596557617e-01
-2.160355150699615479e-01
-2.624405324459075928e-01
-3.356363624334335327e-02
-1.844454556703567505e-01
-1.710868626832962036e-01
-7.115866988897323608e-02
-2.423811852931976318e-01
-1.956010162830352783e-01
-1.080700382590293884e-01
2.508801221847534180e-02
-2.099563479423522949e-01
-2.118581533432006836e-01
-1.683409363031387329e-01
-1.855155080556869507e-01
-1.292035877704620361e-01
-1.379044800996780396e-01
-1.589456498622894287e-01
-2.315585315227508545e-01
-9.712827950716018677e-02
-1.738220900297164917e-01
-3.015146553516387939e-01
-2.091768234968185425e-01
-2.583234012126922607e-01
-1.207152307033538818e-01
-1.675442010164260864e-01
-1.414389908313751221e-01
-1.788220554590225220e-01
-1.578498035669326782e-01
-1.388815492391586304e-01
-1.478626728057861328e-01
-2.305469065904617310e-01
-1.171184033155441284e-01
-9.742914885282516479e-02
-1.837927103042602539e-01
-1.314316987991333008e-01
-1.653835475444793701e-01
-1.415619403123855591e-01
-2.132577896118164062e-01
-1.349729001522064209e-01
-1.867196112871170044e-01
-1.386973559856414795e-01
-1.257645338773727417e-01
-2.142787277698516846e-01
-2.643198966979980469e-01
-1.092657372355461121e-01
-1.990148276090621948e-01
-9.015321731567382812e-02
-1.014577150344848633e-01
-1.762392222881317139e-01
-1.491976231336593628e-01
-1.645456850528717041e-01
-2.281377166509628296e-01
-9.334385395050048828e-02
-2.688257992267608643e-01
-1.437568962574005127e-01
-2.457357943058013916e-01
-2.086032927036285400e-01
-1.512146443128585815e-01
-1.649734824895858765e-01
-6.336791068315505981e-02
-2.288562953472137451e-01
-2.759200632572174072e-01
-2.881018221378326416e-01
-1.929215490818023682e-01
-9.511111676692962646e-02
-1.686642616987228394e-01
-1.828263252973556519e-01
-9.307383745908737183e-02
-1.432475745677947998e-01
-8.789040893316268921e-02
-1.998731791973114014e-01
-2.026586234569549561e-01
-1.945651620626449585e-01
-2.238703668117523193e-01
-1.917918771505355835e-01
-2.296414524316787720e-01
-8.406466990709304810e-02
-1.542945057153701782e-01
-1.536519080400466919e-01
-2.309973239898681641e-01
-1.915201842784881592e-01
-1.400005519390106201e-01
-2.135222852230072021e-01
-1.950752735137939453e-01
-1.889649331569671631e-01
-2.463223040103912354e-01
-2.388403564691543579e-01
-2.843114137649536133e-01
-2.063166350126266479e-01
-2.205728143453598022e-01
-1.794725954532623291e-01
-8.438239991664886475e-02
-1.267535835504531860e-01
-1.717391610145568848e-01
-1.665925234556198120e-01
-2.106094509363174438e-01
-1.249411702156066895e-01
-1.599556058645248413e-01
-1.590008586645126343e-01
-2.128953635692596436e-01
-1.590289771556854248e-01
-1.076387614011764526e-01
-1.488797813653945923e-01
-1.598175466060638428e-01
-1.725137382745742798e-01
-2.238025814294815063e-01
-7.973560690879821777e-02
-1.211128309369087219e-01
-1.013517454266548157e-01
-3.295183777809143066e-01
-2.025203406810760498e-01
-2.121996432542800903e-01
-1.465187072753906250e-01
-2.333220243453979492e-01
-1.233607009053230286e-01
-1.399117857217788696e-01
-1.313123553991317749e-01
-2.005551308393478394e-01
-2.161475419998168945e-01
-8.813031017780303955e-02
-1.829284429550170898e-01
-2.657881379127502441e-01
-1.843267828226089478e-01
-2.071265131235122681e-01
-2.781142890453338623e-01
-1.495061367750167847e-01
-1.348872333765029907e-01
-1.869049519300460815e-01
-1.728783696889877319e-01
-2.520015537738800049e-01
-1.773405522108078003e-01
-1.660034954547882080e-01
-1.045874878764152527e-01
-9.223417937755584717e-02
-1.342480033636093140e-01
-2.262440621852874756e-01
-2.800144255161285400e-01
-2.520102262496948242e-01
-1.484327018260955811e-01
-3.501719236373901367e-01
-1.395196765661239624e-01
-1.667133569717407227e-01
-1.265819966793060303e-01
-1.415839195251464844e-01
-1.684438884258270264e-01
-1.808062940835952759e-01
-1.972857415676116943e-01
-8.710118383169174194e-02
-1.645425558090209961e-01
-2.660269141197204590e-01
-9.104241430759429932e-02
-2.093223184347152710e-01
-1.473755389451980591e-01
-2.139371931552886963e-01
-2.305956631898880005e-01
-1.006180569529533386e-01
-1.725058555603027344e-01
-1.279697865247726440e-01
-1.844795048236846924e-01
-1.330356150865554810e-01
-2.658866941928863525e-01
-1.923500895500183105e-01
-2.042557150125503540e-01
-2.196050584316253662e-01
-9.512124955654144287e-02
-1.186738237738609314e-01
-2.537767291069030762e-01
-1.600524038076400757e-01
-2.200772017240524292e-01
-1.536576747894287109e-01
-3.002040684223175049e-01
-2.502398192882537842e-01
-2.787336409091949463e-01
-1.976077556610107422e-01
-2.943107783794403076e-01
-2.462304532527923584e-01
-1.517760157585144043e-01
-2.764099240303039551e-01
-1.787757426500320435e-01
-2.599366605281829834e-01
-1.789320409297943115e-01
-1.199489980936050415e-01
-1.739291846752166748e-01
-1.968300789594650269e-01
-1.160105168819427490e-01
-1.699750572443008423e-01
-2.526744604110717773e-01
-1.620436012744903564e-01
-1.616638898849487305e-01
-2.226266860961914062e-01
-2.406447827816009521e-01
-1.234338060021400452e-01
1.028178855776786804e-01
-2.204529643058776855e-01
-2.131794989109039307e-01
-2.047759294509887695e-01
-1.482617855072021484e-01
-1.197968795895576477e-01
-3.154898881912231445e-01
-2.804247736930847168e-01
-2.630524337291717529e-01
-1.542473584413528442e-01
-2.127179950475692749e-01
-1.408417820930480957e-01
-2.889321744441986084e-01
-1.589682847261428833e-01
-2.144025117158889771e-01
1.268236935138702393e-01
-1.652693897485733032e-01
-2.186324596405029297e-01
-1.706016063690185547e-01
-1.839584261178970337e-01
-2.002695798873901367e-01
-1.963247954845428467e-01
-2.260828018188476562e-01
-2.131503969430923462e-01
-1.472223997116088867e-01
-2.435339689254760742e-01
-2.381933778524398804e-01
-1.525654196739196777e-01
-1.515568792819976807e-01
-1.387491077184677124e-01
-1.779691427946090698e-01
-2.600185573101043701e-01
-1.514172106981277466e-01
-1.095921248197555542e-01
-1.209424957633018494e-01
-1.138170883059501648e-01
-1.090072244405746460e-01
-2.111206352710723877e-01
-1.948151439428329468e-01
-2.490471750497817993e-01
-1.558390557765960693e-01
-2.552213668823242188e-01
-1.097109615802764893e-01
-1.931515485048294067e-01
-2.009860128164291382e-01
-2.123907357454299927e-01
-2.218404412269592285e-01
-1.598279327154159546e-01
-1.623784750699996948e-01
-1.398344337940216064e-01
-1.576919406652450562e-01
-1.947176605463027954e-01
-2.213069647550582886e-01
-2.048816680908203125e-01
-1.922062635421752930e-01
-2.599985003471374512e-01
-1.811024546623229980e-01
-2.456609755754470825e-01
-1.936841756105422974e-01
-1.835537254810333252e-01
-2.131067067384719849e-01
-1.730034351348876953e-01
-1.828554272651672363e-01
-2.493987381458282471e-01
-1.951764822006225586e-01
-2.290981113910675049e-01
-2.097160369157791138e-01
-1.548999547958374023e-01
-1.310920417308807373e-01
-1.169418916106224060e-01
-1.511947661638259888e-01
-2.128126174211502075e-01
-1.025583520531654358e-01
-1.979157626628875732e-01
-1.321582943201065063e-01
-1.767977327108383179e-01
-9.143730998039245605e-02
-1.159985736012458801e-01
-2.999950945377349854e-01
-1.728930175304412842e-01
-1.652443706989288330e-01
-2.310466915369033813e-01
-1.145542636513710022e-01
-1.911942660808563232e-01
-9.155501425266265869e-02
-1.530462652444839478e-01
-1.449087262153625488e-01
-2.726382315158843994e-01
-1.985839903354644775e-01
