-6.223975867033004761e-02
-1.638114154338836670e-01
-3.518183529376983643e-02
-1.200263127684593201e-01
-6.764289736747741699e-02
-3.909824416041374207e-02
-1.208592355251312256e-01
-1.094447225332260132e-01
-1.202905252575874329e-01
-1.041392832994461060e-01
-9.425754845142364502e-02
8.090584725141525269e-02
-1.948745176196098328e-02
-1.123721674084663391e-01
-1.269425898790359497e-01
-3.288768976926803589e-02
-3.520763292908668518e-02
-9.316654503345489502e-02
-5.767552927136421204e-02
-9.199876338243484497e-02
-1.280941665172576904e-01
-8.318322896957397461e-02
-1.282019317150115967e-01
-8.238028734922409058e-02
-8.105647563934326172e-02
-3.760316967964172363e-02
-6.639300286769866943e-02
-7.045085728168487549e-02
-8.448924124240875244e-02
-1.240166127681732178e-01
8.859124779701232910e-02
-4.344316199421882629e-02
-4.524325951933860779e-02
-6.595022231340408325e-02
-1.429087966680526733e-01
-6.336960196495056152e-02
-4.429697990417480469e-02
-6.386432796716690063e-02
2.630394883453845978e-02
-8.194667100906372070e-02
-7.293560355901718140e-02
-7.015808671712875366e-02
-1.614061594009399414e-01
-1.582546383142471313e-01
-1.275514662265777588e-01
-1.568496525287628174e-01
-1.577761471271514893e-01
2.592421136796474457e-02
-3.286344558000564575e-02
-6.371451914310455322e-02
-7.730754464864730835e-02
-1.482625901699066162e-01
-1.030425727367401123e-01
-1.640665978193283081e-01
-9.395300596952438354e-02
-8.732254058122634888e-02
4.242433235049247742e-02
-4.603849723935127258e-02
-3.476665541529655457e-02
7.875473238527774811e-03
-6.708089262247085571e-02
-1.515583693981170654e-01
-7.839814573526382446e-02
-1.360931247472763062e-01
-6.187129765748977661e-02
-3.697746992111206055e-02
-7.658440619707107544e-02
-2.178416252136230469e-01
-5.143865570425987244e-02
-2.551766484975814819e-02
-4.664115980267524719e-02
-8.019305765628814697e-02
2.879020059481263161e-03
-1.202978193759918213e-01
-5.476861819624900818e-02
8.337004482746124268e-02
-1.030170619487762451e-01
-5.856648087501525879e-02
5.338034778833389282e-02
-5.059044808149337769e-02
-3.509540483355522156e-02
1.891024708747863770e-01
-6.095787137746810913e-02
-6.889529526233673096e-02
-3.431194648146629333e-02
-9.481476992368698120e-02
2.578208744525909424e-01
1.662296652793884277e-01
-8.010501414537429810e-02
-8.026543259620666504e-02
-5.050751566886901855e-02
-8.749242126941680908e-02
2.775822281837463379e-01
-9.286791086196899414e-02
4.970048740506172180e-02
-1.199092790484428406e-01
5.140388384461402893e-03
-1.109365187585353851e-02
-7.312425971031188965e-02
-6.044872105121612549e-02
-2.344306744635105133e-02
-8.651756495237350464e-02
-6.729796994477510452e-03
1.228416785597801208e-01
-5.008254572749137878e-02
-1.656800359487533569e-01
-1.404737085103988647e-01
-1.210718527436256409e-01
-7.723312079906463623e-02
-1.539043486118316650e-01
-1.529377400875091553e-01
-1.699646860361099243e-01
-1.135471686720848083e-01
-8.682186901569366455e-02
-5.735421180725097656e-02
-1.691279709339141846e-01
-4.896276071667671204e-02
-8.166692405939102173e-02
-3.620628640055656433e-02
-5.998566001653671265e-02
-5.079551041126251221e-02
-2.786067500710487366e-02
-4.946416616439819336e-02
-1.013483968563377857e-03
-1.254581958055496216e-01
-2.649518195539712906e-03
-6.038266420364379883e-02
-1.522043645381927490e-01
