-1.526395529508590698e-01
-5.419645458459854126e-03
-5.953977629542350769e-02
-4.546027630567550659e-02
9.210767224431037903e-03
6.737166550010442734e-03
-4.381689801812171936e-02
-1.262534856796264648e-01
-3.845589980483055115e-02
-7.492139935493469238e-02
-8.506406098604202271e-02
7.033319026231765747e-02
-4.983695596456527710e-02
-8.754868805408477783e-02
-6.150569766759872437e-02
-6.598570197820663452e-02
-8.862816542387008667e-02
-1.514973342418670654e-01
4.643757343292236328e-01
-7.711770385503768921e-02
-4.776749014854431152e-02
-4.002336412668228149e-02
-5.863917991518974304e-02
-8.039493113756179810e-02
1.455930806696414948e-02
-7.328248023986816406e-02
-2.198267728090286255e-02
-6.499641388654708862e-02
-4.288091138005256653e-02
2.785262838006019592e-02
-9.218842536211013794e-02
-5.454820021986961365e-02
-1.160751953721046448e-01
-2.182728052139282227e-02
-3.857358172535896301e-02
-9.709041565656661987e-02
-1.419446915388107300e-01
-6.009232252836227417e-02
-1.888589933514595032e-02
-6.046782061457633972e-02
-1.220994219183921814e-01
-3.658151626586914062e-02
-7.869967073202133179e-02
-3.016524389386177063e-02
9.497974812984466553e-02
1.328682526946067810e-02
-9.590067714452743530e-02
-1.253100037574768066e-01
-5.804522708058357239e-02
-8.929827809333801270e-02
-1.128649637103080750e-01
9.353773668408393860e-03
-7.412803173065185547e-02
-3.978361934423446655e-02
-3.220201283693313599e-02
-8.158375322818756104e-02
2.253949455916881561e-02
-6.292801350355148315e-02
-3.460695222020149231e-02
-1.445452682673931122e-02
-3.405912965536117554e-02
-9.149038046598434448e-02
2.080356515944004059e-02
-4.229722544550895691e-02
-3.922026976943016052e-02
-6.057095900177955627e-02
-4.338709264993667603e-02
1.506276130676269531e-01
-1.119286287575960159e-02
-4.405531659722328186e-02
-1.040149386972188950e-02
-7.478126883506774902e-02
-2.742964215576648712e-02
-1.164616551250219345e-02
-5.359168350696563721e-02
-4.159120470285415649e-02
-2.392675913870334625e-02
-5.484044179320335388e-02
1.138569563627243042e-01
-1.860963553190231323e-02
-3.856788948178291321e-02
-8.246374875307083130e-02
1.565375278005376458e-04
9.022427722811698914e-03
-3.855531662702560425e-02
-6.654165685176849365e-02
-9.844468533992767334e-02
-2.587953768670558929e-02
-6.318309903144836426e-02
-1.280100196599960327e-01
-7.181508000940084457e-03
-3.402997553348541260e-02
-2.021944820880889893e-01
-3.928741067647933960e-02
7.004752755165100098e-02
-1.319844368845224380e-02
-3.032050840556621552e-02
7.189424708485603333e-03
-5.777991935610771179e-02
-2.593432366847991943e-02
-8.087853342294692993e-02
-9.873744100332260132e-02
-1.100597903132438660e-01
-9.317526966333389282e-02
-7.064120471477508545e-02
-9.625664353370666504e-02
-1.588358730077743530e-01
-9.866559505462646484e-02
-9.778293967247009277e-02
-4.073013365268707275e-02
-1.281040608882904053e-01
-9.243116527795791626e-02
-6.440303474664688110e-02
2.579062618315219879e-02
-4.453550279140472412e-02
-5.382179468870162964e-02
-5.628719180822372437e-02
-9.100385755300521851e-02
-6.725531071424484253e-02
-3.899670764803886414e-02
-3.628715500235557556e-02
9.279491007328033447e-02
-6.625352799892425537e-02
-5.188149213790893555e-02
-4.831924661993980408e-02
-1.080588698387145996e-01
-9.385752677917480469e-02
1.628816574811935425e-01
