9.149294346570968628e-04
1.825738549232482910e-01
1.512774378061294556e-01
3.705439344048500061e-02
1.096633896231651306e-01
5.260870233178138733e-02
8.627140522003173828e-02
1.063827127218246460e-01
1.117349490523338318e-01
1.027581244707107544e-01
9.174496680498123169e-02
9.862641990184783936e-02
1.707812100648880005e-01
9.837713092565536499e-02
4.673250764608383179e-02
1.494763046503067017e-01
2.820723317563533783e-02
1.119144409894943237e-01
6.473161280155181885e-02
1.224538162350654602e-01
1.474186927080154419e-01
9.338139742612838745e-02
9.356471151113510132e-02
1.068294867873191833e-01
1.852698922157287598e-01
5.796651542186737061e-02
3.661445155739784241e-02
8.984877169132232666e-02
7.637691497802734375e-02
2.692780457437038422e-02
1.107810810208320618e-01
1.140154153108596802e-01
1.122057363390922546e-01
7.501593232154846191e-02
8.589382469654083252e-02
1.253183931112289429e-01
1.642928123474121094e-01
4.348396509885787964e-02
3.021343797445297241e-02
1.107645332813262939e-01
1.050674915313720703e-01
7.347626239061355591e-02
6.724426895380020142e-02
2.225336581468582153e-01
1.792120486497879028e-01
5.178689584136009216e-02
3.766262531280517578e-02
1.480267345905303955e-01
1.490140110254287720e-01
5.929208174347877502e-02
3.101708553731441498e-02
3.060523420572280884e-02
1.534264683723449707e-01
1.404939144849777222e-01
6.183413043618202209e-02
2.063394896686077118e-02
6.059564650058746338e-02
1.310375630855560303e-01
8.981539309024810791e-02
1.464842557907104492e-01
1.390585303306579590e-01
8.200239390134811401e-02
4.332749545574188232e-02
6.386485695838928223e-02
7.950607687234878540e-02
9.064997732639312744e-02
1.129907965660095215e-01
9.689540416002273560e-02
4.490723833441734314e-02
1.042402163147926331e-01
3.912942111492156982e-02
3.606847301125526428e-02
2.357317693531513214e-02
1.065606065094470978e-02
1.611993908882141113e-01
4.418937489390373230e-02
1.505426466464996338e-01
1.408977806568145752e-01
7.788592576980590820e-02
2.663606405258178711e-02
4.845193773508071899e-02
1.431902199983596802e-01
5.900724977254867554e-02
3.220041096210479736e-02
4.440338537096977234e-02
1.195373535156250000e-01
6.789195537567138672e-02
1.629441082477569580e-01
7.322154194116592407e-02
8.530078828334808350e-02
3.365147486329078674e-02
5.044664070010185242e-02
4.124391824007034302e-02
3.813358396291732788e-02
3.911966457962989807e-02
1.541943550109863281e-01
7.171587646007537842e-02
6.788419187068939209e-02
2.103003859519958496e-01
1.006030812859535217e-01
4.666203632950782776e-02
1.484718918800354004e-01
1.130311638116836548e-01
3.568978235125541687e-02
8.430139720439910889e-02
5.716319754719734192e-02
1.608802974224090576e-01
9.774977713823318481e-02
3.417709842324256897e-02
1.397746503353118896e-01
1.435505747795104980e-01
9.440103918313980103e-02
1.150018870830535889e-01
4.130136966705322266e-02
3.832237422466278076e-02
5.249850451946258545e-02
1.205333471298217773e-01
7.208344340324401855e-02
5.279023945331573486e-02
9.459835290908813477e-02
2.249207049608230591e-01
4.232247918844223022e-02
1.118082404136657715e-01
1.635201275348663330e-02
-3.262372314929962158e-02
9.335754066705703735e-02
9.697231650352478027e-02
1.052188798785209656e-01
3.451980650424957275e-02
9.639459848403930664e-02
4.595077037811279297e-02
7.064598053693771362e-02
3.109417110681533813e-02
7.971484214067459106e-02
2.990784309804439545e-02
2.118604034185409546e-01
7.409245520830154419e-02
6.166977435350418091e-02
2.379579702392220497e-03
5.885810405015945435e-02
8.835441619157791138e-02
7.402580231428146362e-02
1.211963593959808350e-01
1.049564033746719360e-01
1.594776064157485962e-01
1.837029904127120972e-01
1.694857180118560791e-01
1.061247214674949646e-01
7.295981794595718384e-02
4.144230857491493225e-02
3.705855086445808411e-02
6.616986542940139771e-02
1.367803066968917847e-01
2.836452238261699677e-02
7.504979521036148071e-02
1.025186181068420410e-01
1.117375195026397705e-01
7.298391312360763550e-02
9.330381453037261963e-02
1.395760625600814819e-01
7.025293260812759399e-02
1.258111298084259033e-01
5.487176775932312012e-02
6.847182661294937134e-02
3.787798061966896057e-02
1.014967858791351318e-01
4.050579667091369629e-02
1.760187298059463501e-01
6.179433315992355347e-02
4.391854628920555115e-02
4.115915670990943909e-02
3.214516490697860718e-02
1.628059297800064087e-01
1.108926981687545776e-01
1.412235200405120850e-01
1.064753159880638123e-02
1.281568557024002075e-01
1.163066551089286804e-01
3.561323881149291992e-02
7.854131609201431274e-02
3.719504550099372864e-02
6.925421953201293945e-02
1.679832488298416138e-01
4.594799876213073730e-02
1.232590898871421814e-01
4.894099757075309753e-02
4.123608767986297607e-02
1.200059354305267334e-01
7.603212445974349976e-02
1.252942383289337158e-01
7.827794551849365234e-02
1.210124492645263672e-01
4.903690889477729797e-02
8.995211124420166016e-02
1.167640686035156250e-01
3.688250854611396790e-02
9.217695146799087524e-02
3.366762772202491760e-02
9.154702723026275635e-02
2.158721685409545898e-01
1.007592380046844482e-01
1.604129970073699951e-01
8.060142397880554199e-02
5.199851840734481812e-02
4.817095026373863220e-02
1.458877474069595337e-01
-8.125894702970981598e-03
7.663731276988983154e-02
8.769526332616806030e-02
1.891030818223953247e-01
1.466038823127746582e-01
1.400993913412094116e-01
7.229095697402954102e-02
1.391208022832870483e-01
5.941971763968467712e-02
4.622776806354522705e-02
1.549930572509765625e-01
1.146523803472518921e-01
1.672092080116271973e-01
1.559407562017440796e-01
9.852873161435127258e-03
1.482984721660614014e-01
7.977198064327239990e-02
1.232070848345756531e-01
6.895519047975540161e-02
1.464989930391311646e-01
1.978452950716018677e-01
1.971374601125717163e-01
3.505164384841918945e-02
1.137899011373519897e-01
1.140891537070274353e-01
1.114742830395698547e-01
8.743540197610855103e-02
1.564210653305053711e-01
3.033355809748172760e-02
1.530076265335083008e-01
1.731897741556167603e-01
6.680651009082794189e-02
2.031004279851913452e-01
1.170730292797088623e-01
1.206225231289863586e-01
4.960444942116737366e-02
1.021116524934768677e-01
1.590655446052551270e-01
5.143326520919799805e-02
1.667096763849258423e-01
3.934872150421142578e-02
2.436647936701774597e-02
1.153461728245019913e-02
8.484129607677459717e-02
1.167887970805168152e-01
1.211418807506561279e-01
1.385625004768371582e-01
2.250069826841354370e-01
6.925893574953079224e-02
2.847949787974357605e-02
3.535830229520797729e-02
7.716502994298934937e-02
1.404913812875747681e-01
1.380437165498733521e-01
7.597202807664871216e-02
1.254705190658569336e-01
1.091932207345962524e-01
9.000783413648605347e-02
1.269263774156570435e-01
9.765637665987014771e-02
8.706627786159515381e-02
7.522863149642944336e-02
8.039432018995285034e-02
2.046276032924652100e-01
1.120695546269416809e-01
7.348191738128662109e-02
8.581257611513137817e-02
1.568665504455566406e-01
1.121884286403656006e-01
6.515008211135864258e-02
4.763496667146682739e-02
6.621842086315155029e-02
1.406363099813461304e-01
7.610756903886795044e-02
1.622500717639923096e-01
6.493491679430007935e-02
7.007717341184616089e-02
1.973737031221389771e-02
1.213866472244262695e-01
1.062259003520011902e-01
1.176831200718879700e-01
1.205367222428321838e-01
9.272447973489761353e-02
3.358066082000732422e-02
8.073762059211730957e-02
1.522983610630035400e-01
2.382046170532703400e-02
1.309682279825210571e-01
1.522693634033203125e-01
9.746307134628295898e-02
9.111713618040084839e-02
3.015489131212234497e-02
4.983969032764434814e-02
1.417729109525680542e-01
1.187674254179000854e-01
1.153948381543159485e-01
1.247885003685951233e-01
3.073150105774402618e-02
5.466169118881225586e-02
1.353949755430221558e-01
1.469002515077590942e-01
2.827131934463977814e-02
1.899222284555435181e-01
1.514942497014999390e-01
4.214211553335189819e-02
1.035728007555007935e-01
3.361709043383598328e-02
1.824952065944671631e-01
3.692604973912239075e-02
9.894080460071563721e-02
1.632932573556900024e-01
1.141180768609046936e-01
1.083847358822822571e-01
1.107631176710128784e-01
1.653608381748199463e-01
1.570707559585571289e-01
1.377859115600585938e-01
1.516846865415573120e-01
9.847443550825119019e-02
5.483240634202957153e-02
1.620611250400543213e-01
1.180921643972396851e-01
1.103065684437751770e-01
1.163931414484977722e-01
2.819840423762798309e-02
6.911697983741760254e-02
2.880034968256950378e-02
3.673554584383964539e-02
6.458316743373870850e-02
1.005703881382942200e-01
1.185607165098190308e-01
2.006571441888809204e-01
1.173763871192932129e-01
1.666829176247119904e-02
1.360284984111785889e-01
7.963258028030395508e-02
1.374758929014205933e-01
1.749535650014877319e-01
7.827127724885940552e-02
1.066417098045349121e-01
1.330760121345520020e-01
5.268887802958488464e-02
8.173418045043945312e-02
1.554724425077438354e-01
1.160759776830673218e-01
1.680908650159835815e-01
4.516352713108062744e-02
8.722099661827087402e-02
1.371046006679534912e-01
1.674351692199707031e-01
1.659376621246337891e-01
8.540981262922286987e-02
7.764811627566814423e-03
5.146407056599855423e-03
1.711080819368362427e-01
1.750065945088863373e-02
5.793360248208045959e-02
1.039364859461784363e-01
3.891532868146896362e-02
1.313067674636840820e-01
1.010480821132659912e-01
1.755395531654357910e-01
9.388215094804763794e-02
3.684906288981437683e-02
7.483463734388351440e-02
1.192953288555145264e-01
1.445066928863525391e-01
1.470837742090225220e-01
4.097284376621246338e-02
7.491664588451385498e-02
3.670099750161170959e-02
8.029581606388092041e-02
2.712356112897396088e-02
1.504735648632049561e-01
8.604737371206283569e-02
1.196752488613128662e-01
1.432435959577560425e-01
1.377273499965667725e-01
1.557749211788177490e-01
6.190068647265434265e-02
1.747088134288787842e-01
9.713519364595413208e-02
3.060852736234664917e-02
9.782065451145172119e-02
3.167325258255004883e-02
3.868164494633674622e-02
2.058916538953781128e-01
1.361998617649078369e-01
1.038248464465141296e-01
3.709292039275169373e-02
7.749508321285247803e-02
2.007340788841247559e-01
1.403225064277648926e-01
5.266286805272102356e-02
1.204290986061096191e-01
9.530112892389297485e-02
9.070112556219100952e-02
2.930052205920219421e-02
5.404349043965339661e-02
2.097091078758239746e-01
1.451177299022674561e-01
3.652948141098022461e-02
4.394928365945816040e-02
4.365408048033714294e-02
9.904509782791137695e-02
3.837384656071662903e-02
9.000851958990097046e-02
7.311765849590301514e-02
4.725879430770874023e-02
4.262820258736610413e-02
1.921453773975372314e-01
1.205001026391983032e-01
1.432969272136688232e-01
1.556934416294097900e-01
7.414925843477249146e-02
3.982110321521759033e-02
1.193452626466751099e-01
9.948317706584930420e-02
8.733595162630081177e-02
1.668483018875122070e-01
1.681138277053833008e-01
1.911538392305374146e-01
1.283507049083709717e-01
7.251325994729995728e-02
1.358619779348373413e-01
9.164154529571533203e-02
1.617503762245178223e-01
7.849108427762985229e-02
1.654476374387741089e-01
4.535278677940368652e-02
2.770948223769664764e-02
8.720841258764266968e-02
1.498706340789794922e-01
9.135268628597259521e-02
1.085004433989524841e-01
1.758784204721450806e-01
2.218411117792129517e-02
7.746319472789764404e-02
6.921056658029556274e-03
2.520624548196792603e-02
5.696294829249382019e-02
7.998032867908477783e-02
1.933487132191658020e-02
1.631528884172439575e-02
7.957425713539123535e-02
1.449244469404220581e-01
9.646667540073394775e-02
1.448732614517211914e-01
9.592389315366744995e-02
5.624420568346977234e-02
6.463945657014846802e-02
1.055729836225509644e-01
7.310870289802551270e-02
4.204793274402618408e-02
1.168099790811538696e-01
1.227167397737503052e-01
1.371186077594757080e-01
1.373196840286254883e-01
1.107915025204420090e-02
9.144842624664306641e-02
8.456046134233474731e-02
1.402608584612607956e-02
7.853958755731582642e-02
8.067645877599716187e-02
1.473905444145202637e-01
1.313477158546447754e-01
9.837815165519714355e-02
6.968729197978973389e-02
4.320341721177101135e-02
2.779816836118698120e-02
1.028947159647941589e-01
4.483040794730186462e-02
2.991024963557720184e-02
7.613973319530487061e-02
6.342681497335433960e-02
1.981087923049926758e-01
2.031055688858032227e-01
1.054043322801589966e-01
1.154290437698364258e-01
1.383489668369293213e-01
3.442272543907165527e-02
7.499684114009141922e-03
1.098636686801910400e-01
2.048875689506530762e-01
6.824100762605667114e-02
1.803839765489101410e-02
2.834950014948844910e-02
1.319362521171569824e-01
3.917825967073440552e-02
5.703866109251976013e-02
2.842438966035842896e-02
6.279034912586212158e-02
4.056624695658683777e-02
2.770110405981540680e-02
7.490536570549011230e-02
7.826457917690277100e-02
1.032995060086250305e-01
7.882254570722579956e-02
1.278756856918334961e-01
6.427524983882904053e-02
-2.728036837652325630e-03
9.922445565462112427e-02
8.618832379579544067e-02
4.166883975267410278e-02
4.972273483872413635e-02
3.447489067912101746e-02
7.815468311309814453e-02
9.508077800273895264e-02
4.707897454500198364e-02
1.250505745410919189e-01
1.584633439779281616e-01
1.230457499623298645e-01
1.347813308238983154e-01
1.291736215353012085e-01
2.067609280347824097e-01
-4.344094172120094299e-02
1.714077740907669067e-01
9.771790355443954468e-02
9.201622754335403442e-02
7.450596988201141357e-02
1.457189619541168213e-01
1.221779659390449524e-01
5.572347342967987061e-02
1.387771815061569214e-01
4.738311097025871277e-02
1.656852960586547852e-01
5.043979361653327942e-02
3.721874952316284180e-02
1.499433517456054688e-01
8.931189030408859253e-02
2.524812892079353333e-02
1.406091898679733276e-01
1.755677312612533569e-01
1.200740635395050049e-01
1.110944226384162903e-01
3.982185199856758118e-02
7.882722467184066772e-02
1.348173469305038452e-01
2.482427842915058136e-02
7.605008780956268311e-02
1.115866899490356445e-01
-2.437224611639976501e-03
1.209010109305381775e-01
9.564809501171112061e-02
1.502251476049423218e-01
1.318867355585098267e-01
7.205460965633392334e-02
8.171417564153671265e-02
6.502415984869003296e-02
3.870430216193199158e-02
2.860029228031635284e-02
5.822812020778656006e-02
1.212107688188552856e-01
1.402952373027801514e-01
7.896325737237930298e-02
8.556517213582992554e-02
7.430385053157806396e-02
6.750004738569259644e-02
3.308145701885223389e-02
1.119123548269271851e-01
4.331916570663452148e-02
4.650434106588363647e-02
1.065133363008499146e-01
4.063025116920471191e-02
8.050046861171722412e-02
-3.529235022142529488e-03
6.567690521478652954e-03
1.005464047193527222e-01
1.408473700284957886e-01
6.346734613180160522e-02
7.774052768945693970e-02
1.594474762678146362e-01
3.609468787908554077e-02
1.096004098653793335e-01
1.101642996072769165e-01
1.300729364156723022e-01
8.780772238969802856e-02
6.813247501850128174e-02
1.468974053859710693e-01
7.623990625143051147e-02
9.302391111850738525e-02
1.161196827888488770e-01
6.304060667753219604e-02
3.865557536482810974e-02
2.409277856349945068e-02
2.562982402741909027e-02
3.412437811493873596e-02
3.904427215456962585e-02
1.496639400720596313e-01
3.072633640840649605e-03
1.286005415022373199e-02
9.047399461269378662e-02
8.623272180557250977e-02
6.305126100778579712e-02
1.115202307701110840e-01
3.502544760704040527e-02
5.457485467195510864e-02
8.103191852569580078e-02
4.306202754378318787e-02
1.726315021514892578e-01
3.366997092962265015e-02
1.384161263704299927e-01
6.868667900562286377e-02
1.106147840619087219e-01
7.658664882183074951e-02
4.470583796501159668e-02
2.771588973701000214e-02
1.281872391700744629e-01
9.772174805402755737e-02
1.463880687952041626e-01
1.424320638179779053e-01
3.591565042734146118e-02
1.143079623579978943e-01
2.781648561358451843e-02
1.049820780754089355e-01
1.515137404203414917e-01
6.337691843509674072e-02
1.341606527566909790e-01
8.450207859277725220e-02
6.415931880474090576e-02
1.595547795295715332e-02
8.676036447286605835e-02
9.998287260532379150e-02
8.322872221469879150e-02
8.023399859666824341e-02
5.319984629750251770e-02
8.670563995838165283e-02
5.577121302485466003e-02
5.720623582601547241e-02
4.835329577326774597e-02
1.690714359283447266e-01
4.790644720196723938e-02
5.038019642233848572e-02
8.610139042139053345e-02
8.828952908515930176e-02
1.505442112684249878e-01
8.463226258754730225e-02
8.294297754764556885e-02
3.650680556893348694e-02
1.085285320878028870e-01
5.024892091751098633e-02
9.157972037792205811e-02
1.562098264694213867e-01
8.016346395015716553e-02
3.794269263744354248e-02
8.779949694871902466e-02
1.125051528215408325e-01
1.399589180946350098e-01
6.209467723965644836e-02
4.000521451234817505e-02
1.529882010072469711e-02
4.000450670719146729e-02
1.258802562952041626e-01
1.140205785632133484e-01
8.413643389940261841e-02
3.483751043677330017e-02
1.993753947317600250e-02
9.791341423988342285e-02
7.983022183179855347e-02
8.755525946617126465e-02
1.415096074342727661e-01
8.362910896539688110e-02
1.077443882822990417e-01
7.463785260915756226e-02
4.384304583072662354e-02
1.430113613605499268e-01
1.784097105264663696e-01
1.292841434478759766e-01
1.143095865845680237e-01
1.281320005655288696e-01
8.724729716777801514e-02
1.063309088349342346e-01
-7.696855464018881321e-04
1.193181723356246948e-01
6.037819385528564453e-02
1.214171573519706726e-01
7.458026707172393799e-02
6.964735686779022217e-02
1.146278828382492065e-01
2.576180361211299896e-02
5.215343832969665527e-02
8.458944410085678101e-02
4.700723290443420410e-02
7.930161058902740479e-02
6.916405260562896729e-02
1.054726243019104004e-01
1.026002988219261169e-01
9.165844321250915527e-02
1.830006837844848633e-01
4.595666378736495972e-02
8.150636404752731323e-02
6.857933104038238525e-02
1.023344025015830994e-01
2.173436135053634644e-01
6.822119653224945068e-02
5.975320562720298767e-02
6.691572070121765137e-02
1.523111611604690552e-01
1.029050350189208984e-01
7.369993627071380615e-02
1.584184914827346802e-01
1.411013305187225342e-01
1.642047762870788574e-01
3.220373019576072693e-02
8.995448797941207886e-02
8.587489277124404907e-02
7.104903459548950195e-02
1.062978208065032959e-01
1.364909112453460693e-01
1.907272785902023315e-01
3.404306620359420776e-02
6.462752074003219604e-02
1.202223375439643860e-01
6.094435602426528931e-02
1.280632019042968750e-01
1.201794147491455078e-01
9.868206828832626343e-02
1.291651576757431030e-01
4.353891313076019287e-02
5.970417335629463196e-02
1.197123005986213684e-01
3.550438210368156433e-02
9.706240147352218628e-02
2.974534966051578522e-02
1.169889867305755615e-01
-1.408393727615475655e-03
6.636007875204086304e-02
1.521213799715042114e-01
1.219188887625932693e-02
9.103505313396453857e-02
9.800797700881958008e-02
4.858625680208206177e-02
1.389421671628952026e-01
1.164651066064834595e-01
1.783599257469177246e-01
5.809834599494934082e-02
1.261661797761917114e-01
8.889985084533691406e-02
7.325870543718338013e-02
5.934225767850875854e-02
1.468075066804885864e-01
1.364187151193618774e-01
7.732594013214111328e-02
2.012184448540210724e-02
1.709685474634170532e-01
3.529982641339302063e-02
1.132723018527030945e-01
5.116697028279304504e-02
1.123781502246856689e-01
1.535293012857437134e-01
6.063915044069290161e-02
1.052278056740760803e-01
9.509045630693435669e-02
6.792359054088592529e-02
3.010524250566959381e-02
-4.178179427981376648e-03
9.142698347568511963e-02
3.561376407742500305e-02
5.678581818938255310e-02
5.988654121756553650e-02
4.421000927686691284e-02
1.192517429590225220e-01
1.233444884419441223e-01
8.181557804346084595e-02
1.440073698759078979e-01
6.746383756399154663e-02
6.278084218502044678e-02
2.775533869862556458e-02
1.418984979391098022e-01
9.390084445476531982e-02
1.502826362848281860e-01
1.832360923290252686e-01
4.598893225193023682e-02
6.060390919446945190e-02
6.391021609306335449e-02
1.645814031362533569e-01
7.509078085422515869e-02
7.925497740507125854e-02
1.703013083897531033e-03
1.327992677688598633e-01
4.735659435391426086e-02
1.948044821619987488e-02
4.159384965896606445e-02
1.641086339950561523e-01
1.215180829167366028e-01
8.474501222372055054e-02
5.580179393291473389e-02
4.806399717926979065e-02
8.698622137308120728e-02
1.074875444173812866e-01
9.698941558599472046e-02
1.487577110528945923e-01
1.147324293851852417e-01
6.760554015636444092e-02
3.336710855364799500e-02
1.195167973637580872e-01
6.252966821193695068e-02
2.626705169677734375e-02
8.591248095035552979e-02
7.481335103511810303e-02
3.699359670281410217e-02
7.379042357206344604e-02
1.254631727933883667e-01
1.298995465040206909e-01
9.657590091228485107e-02
1.052845120429992676e-01
6.868948694318532944e-03
3.932613134384155273e-02
5.126843228936195374e-02
1.198384761810302734e-01
8.476080000400543213e-02
1.066725980490446091e-02
7.520203292369842529e-02
4.082497581839561462e-02
7.870774716138839722e-02
3.890736401081085205e-02
4.842247813940048218e-02
1.144953966140747070e-01
4.574123024940490723e-02
2.589947171509265900e-02
4.917245730757713318e-02
1.416762173175811768e-01
9.118212759494781494e-02
1.743236184120178223e-01
7.392885535955429077e-02
1.090513765811920166e-01
5.472689494490623474e-02
4.818512871861457825e-02
1.841232739388942719e-02
9.521429240703582764e-02
6.175870075821876526e-02
2.137404233217239380e-01
-1.034665387123823166e-02
1.700124591588973999e-01
1.598493605852127075e-01
3.744418546557426453e-02
9.923647344112396240e-02
1.671893708407878876e-02
4.579133912920951843e-02
1.667970865964889526e-01
7.971241325139999390e-02
7.238039374351501465e-02
1.653181761503219604e-01
6.222690641880035400e-02
1.592006981372833252e-01
1.525193899869918823e-01
1.779581308364868164e-01
-4.893903806805610657e-02
9.099161624908447266e-02
9.054415673017501831e-02
2.191698737442493439e-02
8.921124041080474854e-02
5.726390704512596130e-02
1.127345561981201172e-01
6.241826340556144714e-02
7.561151683330535889e-02
1.606062352657318115e-01
2.924606576561927795e-02
4.378592595458030701e-02
2.857640758156776428e-02
1.514264643192291260e-01
1.559445410966873169e-01
7.843244075775146484e-02
1.379671096801757812e-01
8.982263505458831787e-02
3.380048647522926331e-02
5.568508058786392212e-02
1.015074700117111206e-01
9.395849704742431641e-02
5.751270428299903870e-02
6.709401495754718781e-03
1.013656705617904663e-01
1.198714673519134521e-01
9.524756669998168945e-02
5.215937644243240356e-02
-1.597563363611698151e-02
8.489854633808135986e-02
1.263266354799270630e-01
-8.722332306206226349e-03
8.284600824117660522e-02
2.633388899266719818e-02
6.729488074779510498e-02
4.289147257804870605e-02
-5.233513657003641129e-03
1.245392635464668274e-01
5.235325917601585388e-02
1.238837465643882751e-01
8.688306808471679688e-02
2.350998669862747192e-01
1.589712500572204590e-01
1.676282733678817749e-01
7.766506075859069824e-02
8.921299874782562256e-02
3.393497690558433533e-02
5.002178624272346497e-02
8.214440941810607910e-02
6.517522782087326050e-02
1.971302181482315063e-02
7.123600691556930542e-02
4.356622323393821716e-02
6.651660054922103882e-02
7.974952459335327148e-02
1.547612994909286499e-01
1.038932204246520996e-01
9.189159423112869263e-02
1.152975857257843018e-01
4.052114486694335938e-02
1.221443638205528259e-01
8.543907850980758667e-02
1.429447382688522339e-01
1.685565412044525146e-01
7.930105179548263550e-02
4.434601962566375732e-02
1.577452123165130615e-01
7.816606760025024414e-02
8.839160203933715820e-02
4.623295739293098450e-02
6.279060989618301392e-02
1.570057123899459839e-01
1.633759289979934692e-01
1.744130849838256836e-01
5.310698598623275757e-02
7.017239928245544434e-02
1.176618933677673340e-01
6.691697239875793457e-02
1.120977476239204407e-01
1.493677794933319092e-01
1.333035826683044434e-01
4.034715704619884491e-03
9.092763811349868774e-02
1.557357609272003174e-01
1.318010091781616211e-01
1.985959857702255249e-01
1.271121501922607422e-01
1.411685794591903687e-01
1.362811177968978882e-01
1.500774770975112915e-01
1.572715193033218384e-01
7.453352957963943481e-02
2.106661796569824219e-01
1.205769553780555725e-01
1.547544300556182861e-01
1.125039160251617432e-01
9.194665402173995972e-02
1.342723518610000610e-01
4.667729511857032776e-02
3.667447343468666077e-02
7.923524081707000732e-02
8.883131295442581177e-02
5.796696990728378296e-02
6.895087659358978271e-02
6.946201622486114502e-02
7.947632670402526855e-02
6.996228545904159546e-02
9.825408458709716797e-02
5.286027491092681885e-02
5.864974856376647949e-02
7.083555310964584351e-02
1.644184738397598267e-01
1.430643051862716675e-01
3.088497370481491089e-02
1.262380927801132202e-01
1.312039494514465332e-01
1.183226630091667175e-01
1.332435905933380127e-01
5.257990211248397827e-02
1.019820645451545715e-01
5.519366636872291565e-02
1.441196054220199585e-01
1.016441509127616882e-01
1.426396369934082031e-01
3.446191549301147461e-02
1.080092713236808777e-01
1.845117658376693726e-01
2.982183173298835754e-02
9.422093629837036133e-02
4.135758429765701294e-02
8.060128241777420044e-02
7.313413172960281372e-02
1.466890424489974976e-01
6.695288419723510742e-02
1.109175309538841248e-01
7.358088344335556030e-02
1.458667516708374023e-01
1.749030500650405884e-02
9.752296656370162964e-02
2.625268511474132538e-02
1.819155961275100708e-01
1.771440654993057251e-01
5.670222640037536621e-02
2.122018784284591675e-01
1.303313076496124268e-01
7.053137570619583130e-02
7.243822515010833740e-02
6.526823341846466064e-02
1.173036992549896240e-01
8.087712526321411133e-02
5.490129068493843079e-02
9.861753135919570923e-02
9.517266601324081421e-02
9.665907919406890869e-02
8.340746164321899414e-02
9.026759117841720581e-02
1.215533614158630371e-01
2.029500156641006470e-01
5.181065946817398071e-02
1.183059066534042358e-01
1.416051834821701050e-01
1.059033572673797607e-01
1.293655633926391602e-01
1.395652741193771362e-01
-1.575631275773048401e-02
8.638988435268402100e-02
3.829030692577362061e-02
1.665334701538085938e-01
1.095294058322906494e-01
5.553112179040908813e-02
3.581051900982856750e-02
