-9.115257114171981812e-02
-5.326740071177482605e-02
-3.113438561558723450e-02
-3.773245587944984436e-02
-1.038013622164726257e-01
1.001803576946258545e-01
-7.160175591707229614e-02
-1.745587028563022614e-02
-1.375531852245330811e-01
-5.910496786236763000e-02
-4.235262796282768250e-02
-1.047113612294197083e-01
-3.234788775444030762e-02
-7.516846805810928345e-02
-6.690386682748794556e-02
-9.807937592267990112e-02
-4.662074148654937744e-02
-1.937813758850097656e-01
-3.967453166842460632e-02
-6.001756712794303894e-02
-5.160182714462280273e-02
-1.327485889196395874e-01
-8.438260108232498169e-02
-7.032814621925354004e-02
-6.994869560003280640e-02
-6.185897067189216614e-02
-4.823397472500801086e-02
-6.830541789531707764e-02
-4.196633771061897278e-02
-9.808579832315444946e-02
-8.245551586151123047e-02
9.608212858438491821e-03
-5.377753078937530518e-02
-5.309198796749114990e-02
2.426822902634739876e-03
-3.619614616036415100e-02
-1.094891577959060669e-01
-4.820092022418975830e-02
-1.140151470899581909e-01
-4.650830850005149841e-02
-7.520345598459243774e-02
-8.593396097421646118e-02
-7.535912096500396729e-02
-8.679483085870742798e-02
-8.044882863759994507e-02
-4.040570184588432312e-02
-6.122436001896858215e-02
-7.196670025587081909e-02
-7.751776278018951416e-02
-1.068167854100465775e-02
-6.090267002582550049e-02
-1.103143319487571716e-01
-5.583128333091735840e-02
-4.870469868183135986e-02
-1.002910807728767395e-01
-1.435314863920211792e-01
-6.815051287412643433e-02
-3.189562633633613586e-02
-1.937384158372879028e-02
-1.472502648830413818e-01
-4.746849462389945984e-02
-1.531531363725662231e-01
-8.505162596702575684e-02
-8.153214305639266968e-02
-1.304590702056884766e-01
-3.252055961638689041e-03
-1.087296754121780396e-01
-3.100913390517234802e-02
-4.621725156903266907e-02
-5.384612455964088440e-02
-4.640837758779525757e-02
-2.980817295610904694e-02
-7.509960234165191650e-02
-8.393292874097824097e-02
-7.102628052234649658e-02
-1.073199883103370667e-02
-5.278281867504119873e-02
-8.017657697200775146e-02
-5.153201892971992493e-02
-1.086439862847328186e-01
-1.147727966308593750e-01
-1.625921726226806641e-01
-1.735690981149673462e-02
-8.651412278413772583e-02
-1.627958752214908600e-02
-1.078364923596382141e-01
-3.211226686835289001e-02
-7.507866621017456055e-02
-7.849815487861633301e-02
-1.489616930484771729e-01
-8.598629385232925415e-02
-9.271148592233657837e-02
-4.784354940056800842e-03
-1.019776612520217896e-01
-3.367919102311134338e-02
-4.255999624729156494e-02
-1.054340153932571411e-01
-1.026383489370346069e-01
-9.084300696849822998e-02
-6.949373334646224976e-02
-9.497382491827011108e-02
-5.710042640566825867e-02
-7.503947615623474121e-02
-8.317562192678451538e-02
-6.893800199031829834e-02
-5.135137215256690979e-02
-5.707122385501861572e-02
-1.330025047063827515e-01
-9.382171183824539185e-02
-3.341883793473243713e-02
-9.420654177665710449e-02
-1.159927323460578918e-01
-3.803800046443939209e-02
-1.106270477175712585e-01
-5.045972019433975220e-02
-9.885606914758682251e-02
-5.561716482043266296e-02
-1.143703088164329529e-01
-9.376893192529678345e-02
-5.458490177989006042e-02
-8.324887603521347046e-02
-4.740851372480392456e-02
-9.490417689085006714e-02
-5.119927600026130676e-02
-7.873762398958206177e-02
-4.717861860990524292e-02
-8.356916904449462891e-02
-1.279026567935943604e-01
-8.354783058166503906e-02
-1.467053145170211792e-01
-6.320678442716598511e-02
-6.539319455623626709e-02
-8.644130080938339233e-02
-8.280418813228607178e-02
-4.533914849162101746e-02
-8.925215154886245728e-02
-3.768782690167427063e-02
-1.992476917803287506e-02
-3.206947445869445801e-02
-1.219528466463088989e-01
-1.034074723720550537e-01
-1.165506616234779358e-01
-2.086404412984848022e-01
-3.261918574571609497e-02
-9.663563221693038940e-02
-1.073444485664367676e-01
-1.267271041870117188e-01
-7.639630138874053955e-02
-1.002291217446327209e-01
-5.873828195035457611e-03
-7.329053431749343872e-02
1.901737228035926819e-02
-3.994975611567497253e-02
-1.363551169633865356e-01
-4.490683600306510925e-02
-1.357080191373825073e-01
-8.632121235132217407e-02
-4.755029920488595963e-03
-1.246566027402877808e-01
-4.031858593225479126e-02
-4.602037370204925537e-02
-1.115839928388595581e-01
-8.306196331977844238e-02
-1.232554987072944641e-01
-4.045696184039115906e-02
-8.061326295137405396e-02
-4.061399772763252258e-02
-8.637280762195587158e-02
-8.239641040563583374e-02
-6.891333311796188354e-02
-9.402257204055786133e-02
-1.091114506125450134e-01
-3.434953466057777405e-02
-1.006449237465858459e-01
-4.660815373063087463e-02
-3.621131181716918945e-02
-6.481195241212844849e-02
-2.142067253589630127e-02
-6.562583148479461670e-02
-8.329749852418899536e-02
-1.082169637084007263e-01
-5.091179907321929932e-02
-3.190550580620765686e-02
-1.004284247756004333e-01
-2.494971454143524170e-02
-2.231562137603759766e-02
-7.910820096731185913e-02
-2.357721514999866486e-02
-1.035277545452117920e-01
-4.843658208847045898e-02
-1.338471621274948120e-01
-7.601536065340042114e-02
-4.960026964545249939e-02
-6.519918888807296753e-02
-4.093695059418678284e-02
1.619742996990680695e-02
-7.817861437797546387e-02
-2.955711819231510162e-02
-8.984114974737167358e-02
-1.195589229464530945e-01
-8.836711943149566650e-02
-3.432577475905418396e-02
-6.114197894930839539e-02
-1.679844781756401062e-02
-8.446058630943298340e-02
-5.039782077074050903e-02
-5.125071480870246887e-02
-4.518844187259674072e-02
-1.653957515954971313e-01
-8.535955846309661865e-02
-2.981691062450408936e-02
-8.305903524160385132e-02
-7.485527545213699341e-02
-5.806564539670944214e-02
-4.952056333422660828e-02
-6.967571377754211426e-02
-6.182180345058441162e-02
-1.237513776868581772e-02
-1.236581578850746155e-01
-6.942716985940933228e-02
-3.846833854913711548e-02
-7.402512431144714355e-02
-1.069249734282493591e-01
-5.514128506183624268e-02
-6.684705615043640137e-02
1.622876524925231934e-02
-7.287331670522689819e-02
-6.245490163564682007e-02
-1.446875035762786865e-01
-1.058503240346908569e-01
-1.134575158357620239e-01
-4.273382946848869324e-02
-8.492799848318099976e-02
1.809821277856826782e-01
-3.358293697237968445e-02
-1.219344735145568848e-01
-2.286360412836074829e-02
-6.956394016742706299e-02
-8.494909107685089111e-02
-8.637720346450805664e-02
-6.271841377019882202e-02
-3.643163293600082397e-02
-1.275761574506759644e-01
-8.293423801660537720e-02
-5.492638796567916870e-02
-9.954815357923507690e-02
-8.065038919448852539e-02
-1.207260936498641968e-01
-1.699737310409545898e-01
-1.354976184666156769e-02
-1.032785028219223022e-01
-8.813333511352539062e-02
-5.022095888853073120e-02
-1.069631651043891907e-01
-8.580219000577926636e-02
-1.201409921050071716e-01
-2.731555700302124023e-02
-1.139818951487541199e-01
-9.304498881101608276e-02
-2.899870276451110840e-02
-1.168283671140670776e-01
-1.030731275677680969e-01
-6.243535876274108887e-02
-7.515925168991088867e-02
-5.936067551374435425e-02
-6.437142938375473022e-02
-6.217400729656219482e-02
-4.775367677211761475e-02
-1.029681116342544556e-01
-1.007405016571283340e-02
-5.802331119775772095e-02
-7.158673554658889771e-02
-7.062145322561264038e-02
-8.222274482250213623e-02
-7.451079040765762329e-02
-6.564094871282577515e-02
-7.084711641073226929e-02
-3.903920203447341919e-02
-4.399183392524719238e-02
-8.473871648311614990e-02
-6.503792107105255127e-02
-7.324212044477462769e-02
-8.276437222957611084e-02
8.105708286166191101e-03
-6.783515959978103638e-02
-6.764528155326843262e-02
-8.391233533620834351e-02
-9.384059160947799683e-02
-1.249965578317642212e-01
-5.795560777187347412e-02
-6.510277837514877319e-02
-8.578298985958099365e-02
-1.744016110897064209e-01
-8.269836753606796265e-02
-6.875229626893997192e-02
-5.573317036032676697e-02
-1.411285847425460815e-01
-3.242618590593338013e-02
-7.470483332872390747e-02
-4.922877997159957886e-03
-5.785873904824256897e-02
-6.203527748584747314e-02
-9.744074940681457520e-02
-1.770618371665477753e-02
-7.848464697599411011e-02
-4.934515058994293213e-02
-7.987255603075027466e-02
-9.265956282615661621e-02
-5.358694866299629211e-02
-7.486470788717269897e-02
-5.096207186579704285e-02
-3.251014649868011475e-02
-3.767240047454833984e-02
-9.081721305847167969e-02
-5.325649678707122803e-02
-6.630984693765640259e-02
-3.465760499238967896e-02
-1.148013845086097717e-01
-1.022852510213851929e-01
-7.566765695810317993e-02
-7.879188656806945801e-02
-7.273589074611663818e-02
1.374394819140434265e-02
-3.611120209097862244e-02
-3.757373243570327759e-02
-3.101971466094255447e-03
-4.132917895913124084e-02
-3.712708130478858948e-02
-1.045882403850555420e-01
-6.752535700798034668e-02
-1.330921147018671036e-02
-2.681102231144905090e-02
-1.167642027139663696e-01
-3.388952463865280151e-02
-3.365742042660713196e-02
-6.102218478918075562e-02
-7.502900063991546631e-02
-4.830160364508628845e-02
-1.255588829517364502e-01
-7.639275491237640381e-02
-1.013192310929298401e-01
-3.499246388673782349e-02
-7.954712957143783569e-02
-1.055599674582481384e-01
-5.908580496907234192e-02
-1.225819364190101624e-01
-5.111178383231163025e-02
-1.084960252046585083e-01
-8.039359748363494873e-02
-1.469538360834121704e-01
-2.466225437819957733e-02
-5.771278589963912964e-02
-5.533804744482040405e-02
-8.414929360151290894e-02
-8.581699430942535400e-02
-2.692610025405883789e-02
-6.613478809595108032e-02
-5.321488529443740845e-02
-1.717931940220296383e-03
-8.026061952114105225e-02
-1.071475669741630554e-01
-1.023805141448974609e-01
-7.478646188974380493e-02
-9.154716134071350098e-02
-7.084303349256515503e-02
-5.099984258413314819e-02
-1.760610044002532959e-01
-8.547884225845336914e-02
-3.201264515519142151e-02
-4.143920540809631348e-02
-1.144408211112022400e-01
-1.595338433980941772e-02
-9.110838919878005981e-02
-8.932360261678695679e-02
-1.041382104158401489e-01
-8.182497322559356689e-02
6.359446328133344650e-03
-3.109419532120227814e-02
-8.758831024169921875e-02
-1.169248148798942566e-01
-6.188949942588806152e-02
-2.972196601331233978e-02
-1.720389425754547119e-01
-2.804050222039222717e-02
-4.110697284340858459e-02
-6.338399648666381836e-02
-6.724634021520614624e-02
-6.624752283096313477e-02
-5.336342006921768188e-02
-7.513038814067840576e-02
-4.343319311738014221e-02
-8.555089682340621948e-02
-6.151513755321502686e-02
-1.189676001667976379e-01
-3.798204660415649414e-02
-4.006550461053848267e-02
-6.770372390747070312e-02
-4.032018780708312988e-02
-1.016151756048202515e-01
-8.253300935029983521e-02
-7.194196432828903198e-02
-3.283845260739326477e-02
-5.515634268522262573e-02
-6.059617921710014343e-02
-9.686125069856643677e-02
-1.048377305269241333e-01
-1.382082104682922363e-01
-1.429969966411590576e-01
-1.117239072918891907e-01
-1.306036859750747681e-01
-1.336433738470077515e-01
-3.487326204776763916e-02
1.831183023750782013e-02
-8.833554387092590332e-02
-7.547379285097122192e-02
-7.900308072566986084e-02
-5.874835699796676636e-02
-9.358511120080947876e-02
-5.349070206284523010e-02
-4.923206567764282227e-02
-7.969863712787628174e-02
-5.372517183423042297e-02
-2.241103351116180420e-02
-5.558575317263603210e-02
-8.261816948652267456e-02
-1.516099870204925537e-01
-1.275645196437835693e-01
-6.979659199714660645e-02
-3.898596391081809998e-02
-1.156207770109176636e-01
-6.046321615576744080e-02
-9.899544715881347656e-02
-4.899550229310989380e-02
-9.275019913911819458e-02
-4.651867970824241638e-02
-9.015134721994400024e-02
-7.891307771205902100e-02
-6.646043807268142700e-02
-6.725172698497772217e-02
-1.138850897550582886e-01
6.466257851570844650e-03
-4.454770125448703766e-03
-9.554222226142883301e-02
-1.642016470432281494e-01
-1.653893440961837769e-01
-7.672247290611267090e-02
-6.341643631458282471e-02
-1.364928483963012695e-01
-6.889648735523223877e-02
-6.595955044031143188e-02
-2.459357492625713348e-02
-8.546210825443267822e-02
-3.158911690115928650e-02
-1.081067230552434921e-02
-7.569187879562377930e-02
-8.900671452283859253e-02
-7.430608570575714111e-02
-4.723376035690307617e-02
-9.305970370769500732e-02
-4.989742860198020935e-02
-9.615923464298248291e-02
-9.591283649206161499e-02
-7.291769981384277344e-02
-1.100623831152915955e-01
-7.624316960573196411e-02
-6.107817590236663818e-02
-8.589052408933639526e-02
-8.766777813434600830e-02
-6.943121552467346191e-02
-3.587501868605613708e-02
-3.804298117756843567e-02
-6.646572053432464600e-02
-5.869961529970169067e-02
-8.827813714742660522e-02
-6.337192654609680176e-02
-8.207947760820388794e-02
-6.034541502594947815e-02
-5.033380910754203796e-02
-5.296326801180839539e-02
-6.426299363374710083e-02
-9.882009774446487427e-02
-7.828222960233688354e-02
-1.407466977834701538e-01
-9.069037437438964844e-02
-6.839444488286972046e-02
-5.108714476227760315e-02
-1.882854998111724854e-01
-6.691765040159225464e-02
-1.097396239638328552e-01
-1.223556622862815857e-01
-5.277557671070098877e-02
-7.880714535713195801e-02
-3.266025334596633911e-02
-8.589115738868713379e-02
-6.116065382957458496e-02
-2.581825293600559235e-02
-4.706610366702079773e-02
-1.315849423408508301e-01
-4.435837268829345703e-02
-8.136663585901260376e-03
-2.578286267817020416e-02
-5.712346732616424561e-02
-4.905277118086814880e-02
-9.097875654697418213e-02
-1.468461845070123672e-02
-1.722418703138828278e-02
-7.696911692619323730e-02
-3.487895801663398743e-02
-2.208305336534976959e-02
-7.614288479089736938e-02
-7.045413553714752197e-02
-9.683681279420852661e-02
