-8.536089956760406494e-02
-8.337604254484176636e-02
-8.276879042387008667e-02
-8.343134820461273193e-02
-1.129052266478538513e-01
-7.124222069978713989e-02
-9.066785126924514771e-02
-8.732303977012634277e-02
-8.167792111635208130e-02
-7.317637652158737183e-02
-1.204211190342903137e-01
-1.103401109576225281e-01
-8.252017199993133545e-02
-7.785671204328536987e-02
-9.005749970674514771e-02
-9.949179738759994507e-02
-1.089971140027046204e-01
-1.032653972506523132e-01
-9.476353973150253296e-02
-7.512056827545166016e-02
-7.482702285051345825e-02
-7.798702269792556763e-02
-7.318247854709625244e-02
-1.069028303027153015e-01
-8.260583877563476562e-02
-9.242719411849975586e-02
-6.158103793859481812e-02
-8.455766737461090088e-02
-8.218500018119812012e-02
-9.414219856262207031e-02
-9.601984918117523193e-02
-6.787612289190292358e-02
-1.040429919958114624e-01
-3.980403020977973938e-02
-9.010220319032669067e-02
-9.999565035104751587e-02
-8.166858553886413574e-02
-8.044822514057159424e-02
-1.191954985260963440e-01
-8.747023344039916992e-02
-8.248301595449447632e-02
-1.044692918658256531e-01
-8.059458434581756592e-02
-9.353402256965637207e-02
-8.826602250337600708e-02
-1.231236904859542847e-01
-6.812616437673568726e-02
-9.120227396488189697e-02
-8.687492460012435913e-02
-9.216479212045669556e-02
-6.590624153614044189e-02
-9.404347836971282959e-02
-1.115355417132377625e-01
-9.246275573968887329e-02
-8.670431375503540039e-02
-8.024415373802185059e-02
-8.792991936206817627e-02
-9.196221083402633667e-02
-8.410304039716720581e-02
-9.478218853473663330e-02
-7.180000841617584229e-02
-9.811963886022567749e-02
-6.421439349651336670e-02
-7.389482855796813965e-02
-7.186192274093627930e-02
-8.537306636571884155e-02
-7.864267379045486450e-02
-1.892827823758125305e-02
-1.030121818184852600e-01
-9.447529166936874390e-02
-6.945490837097167969e-02
-7.356261461973190308e-02
-8.159748464822769165e-02
-7.111719995737075806e-02
-9.113949537277221680e-02
-1.078207865357398987e-01
-8.835525810718536377e-02
-9.410111606121063232e-02
-8.974372595548629761e-02
-1.101441159844398499e-01
-7.230145484209060669e-02
-8.092093467712402344e-02
-1.043404489755630493e-01
-8.938285708427429199e-02
-9.993446618318557739e-02
-7.846744358539581299e-02
-7.135815173387527466e-02
-7.909025251865386963e-02
-9.082383662462234497e-02
-8.336301892995834351e-02
-8.262360095977783203e-02
-9.626320004463195801e-02
-8.412213623523712158e-02
-6.393380463123321533e-02
-1.258208155632019043e-01
-8.779449015855789185e-02
-7.190402597188949585e-02
-8.100096136331558228e-02
-1.001827865839004517e-01
-1.068046241998672485e-01
-5.072285607457160950e-02
-9.562119096517562866e-02
-1.084620356559753418e-01
-7.298915833234786987e-02
-8.424229919910430908e-02
-8.405411988496780396e-02
-1.026286035776138306e-01
-1.006967201828956604e-01
-7.915139198303222656e-02
-8.871230483055114746e-02
-7.667523622512817383e-02
-1.137571409344673157e-01
-7.673770934343338013e-02
-9.936298429965972900e-02
-9.981027990579605103e-02
-9.378932416439056396e-02
-9.215509146451950073e-02
-1.115451157093048096e-01
-8.197145909070968628e-02
-1.063773110508918762e-01
-6.610270589590072632e-02
-1.142476126551628113e-01
-9.594738483428955078e-02
-7.788766175508499146e-02
-9.024845808744430542e-02
-8.084260672330856323e-02
-9.787717461585998535e-02
-9.526801854372024536e-02
-1.105206757783889771e-01
-5.594217777252197266e-02
-7.686853408813476562e-02
-9.226319938898086548e-02
-1.078903079032897949e-01
-7.623197883367538452e-02
-8.293300122022628784e-02
-8.688680827617645264e-02
-6.992143392562866211e-02
-1.011539772152900696e-01
-7.599491626024246216e-02
-1.070009320974349976e-01
-9.479939937591552734e-02
-7.077298313379287720e-02
-2.819231338798999786e-02
-6.652487814426422119e-02
-6.406275928020477295e-02
-1.013625040650367737e-01
-9.363926947116851807e-02
-8.287500590085983276e-02
-1.131679564714431763e-01
-8.455555140972137451e-02
-9.292198717594146729e-02
-9.192018955945968628e-02
-7.069138437509536743e-02
-1.000775545835494995e-01
-7.111399620771408081e-02
-5.551537871360778809e-02
-9.493058919906616211e-02
-9.832148253917694092e-02
-8.985702693462371826e-02
-1.156681701540946960e-01
-7.473690807819366455e-02
-1.084792166948318481e-01
-6.613197177648544312e-02
-9.287460893392562866e-02
-9.405468404293060303e-02
-6.781365722417831421e-02
-9.432627260684967041e-02
-7.119739055633544922e-02
-1.086519062519073486e-01
-5.184724554419517517e-02
-1.082243621349334717e-01
-9.174179285764694214e-02
-9.313974529504776001e-02
-1.290451139211654663e-01
-1.223544105887413025e-01
-8.967475593090057373e-02
-7.280773669481277466e-02
-9.003571420907974243e-02
-1.049354523420333862e-01
-9.719610959291458130e-02
-5.409551039338111877e-02
-1.060176268219947815e-01
-8.017465472221374512e-02
-1.096386685967445374e-01
-9.048816561698913574e-02
-9.981643408536911011e-02
-7.979406416416168213e-02
-5.397193133831024170e-02
-9.206157922744750977e-02
-1.246541738510131836e-01
-1.015262976288795471e-01
-1.112992018461227417e-01
-9.086250513792037964e-02
-9.326381236314773560e-02
-6.122782081365585327e-02
-1.071499884128570557e-01
-7.354603707790374756e-02
-1.047908961772918701e-01
-7.514926046133041382e-02
-8.298201858997344971e-02
-9.589018672704696655e-02
-7.257664203643798828e-02
-4.993015527725219727e-02
-5.737101659178733826e-02
-1.015679016709327698e-01
-7.646533846855163574e-02
-7.729604095220565796e-02
-8.645985275506973267e-02
-8.664877712726593018e-02
-6.215930357575416565e-02
-7.226059585809707642e-02
-7.894670218229293823e-02
-6.823428720235824585e-02
-9.185773134231567383e-02
-8.697563409805297852e-02
-9.981083869934082031e-02
-1.012521758675575256e-01
-8.262848854064941406e-02
-9.111149609088897705e-02
-7.934463769197463989e-02
-8.357901126146316528e-02
-9.261216223239898682e-02
-7.695005089044570923e-02
-9.516318142414093018e-02
-7.813501358032226562e-02
-9.627342224121093750e-02
-9.822926670312881470e-02
-1.252433657646179199e-01
-8.521211147308349609e-02
-7.960009574890136719e-02
-7.286758720874786377e-02
-7.579728960990905762e-02
-9.850126504898071289e-02
-8.690783381462097168e-02
-8.166427165269851685e-02
-7.131306827068328857e-02
-7.590291649103164673e-02
-8.564948290586471558e-02
-7.458183169364929199e-02
-8.359576016664505005e-02
-5.919380113482475281e-02
-9.307065606117248535e-02
-1.108085066080093384e-01
-9.523829072713851929e-02
-6.346858292818069458e-02
-1.048248931765556335e-01
-7.273586094379425049e-02
-7.010643929243087769e-02
-8.771912753582000732e-02
-7.379602640867233276e-02
-7.915868610143661499e-02
-1.152673214673995972e-01
-8.462300151586532593e-02
-7.051999866962432861e-02
-6.733150035142898560e-02
-7.116478681564331055e-02
-1.285112053155899048e-01
-8.830472081899642944e-02
-8.618051558732986450e-02
-6.271223723888397217e-02
-8.043368905782699585e-02
-6.250034272670745850e-02
-6.221025064587593079e-02
-9.483585506677627563e-02
-6.601811945438385010e-02
-9.509441256523132324e-02
-8.992793411016464233e-02
-8.320585638284683228e-02
-1.098732799291610718e-01
-9.485315531492233276e-02
-8.955525606870651245e-02
-9.062588959932327271e-02
-7.352552562952041626e-02
-7.597370445728302002e-02
-6.291428208351135254e-02
-1.008784398436546326e-01
-6.882005184888839722e-02
-7.885289192199707031e-02
-6.896050274372100830e-02
-7.922082394361495972e-02
-9.442435950040817261e-02
-9.258908778429031372e-02
-9.163072705268859863e-02
-5.748376995325088501e-02
-7.328965514898300171e-02
-6.041150167584419250e-02
-8.634675294160842896e-02
-8.386192470788955688e-02
-7.813914865255355835e-02
-1.015824899077415466e-01
-9.198088943958282471e-02
-5.689992010593414307e-02
-8.957479149103164673e-02
-1.008573397994041443e-01
-9.847962111234664917e-02
-9.227647632360458374e-02
-6.987819820642471313e-02
-9.458182007074356079e-02
-7.070785015821456909e-02
-5.234441161155700684e-02
-8.736088126897811890e-02
-1.023921445012092590e-01
-7.482592016458511353e-02
-7.740243524312973022e-02
-6.094500049948692322e-02
-7.716306298971176147e-02
-8.582492172718048096e-02
-9.969460964202880859e-02
-7.457342743873596191e-02
-8.227933198213577271e-02
-1.056719794869422913e-01
-6.429801136255264282e-02
-7.614815980195999146e-02
-6.798133254051208496e-02
-7.040597498416900635e-02
-7.462424784898757935e-02
-1.116082593798637390e-01
-1.058879122138023376e-01
-1.025113314390182495e-01
-9.763734787702560425e-02
-1.119454726576805115e-01
-1.003094166517257690e-01
-1.044723838567733765e-01
-8.434949815273284912e-02
-8.258952945470809937e-02
-7.842566817998886108e-02
-1.057187616825103760e-01
-8.768475055694580078e-02
-8.898062258958816528e-02
-9.896320104598999023e-02
-1.184771955013275146e-01
-8.385529369115829468e-02
-9.484924376010894775e-02
-1.083817631006240845e-01
-8.274364471435546875e-02
-7.637262344360351562e-02
-7.417308539152145386e-02
-7.763177901506423950e-02
-8.095932751893997192e-02
-7.819256931543350220e-02
-6.688523292541503906e-02
-8.243748545646667480e-02
-6.355588883161544800e-02
-1.167441755533218384e-01
-7.845864444971084595e-02
-6.610359251499176025e-02
-9.943345934152603149e-02
-8.987666666507720947e-02
-9.175539016723632812e-02
-8.737830817699432373e-02
-1.119276955723762512e-01
-6.496794521808624268e-02
-8.627294749021530151e-02
-6.546712666749954224e-02
-6.810206174850463867e-02
-1.210123151540756226e-01
-7.551731169223785400e-02
-8.378380537033081055e-02
-8.866129815578460693e-02
-1.084068268537521362e-01
-7.446603477001190186e-02
-8.786780387163162231e-02
-7.671249657869338989e-02
-1.085480675101280212e-01
-7.078788429498672485e-02
-9.191270917654037476e-02
-8.347410708665847778e-02
-8.732911944389343262e-02
-8.931041508913040161e-02
-9.196544438600540161e-02
-1.032503545284271240e-01
-1.061307638883590698e-01
-8.342000097036361694e-02
-6.293589621782302856e-02
-1.017197668552398682e-01
-9.844696521759033203e-02
-7.142799347639083862e-02
-9.608656167984008789e-02
-7.506224513053894043e-02
-1.021487265825271606e-01
-1.335595697164535522e-01
-9.503059834241867065e-02
-1.149763017892837524e-01
-6.023151427507400513e-02
-1.011702716350555420e-01
-8.888990432024002075e-02
-1.081271171569824219e-01
-9.401527792215347290e-02
-7.649555057287216187e-02
-8.957424014806747437e-02
-1.008563712239265442e-01
-9.089408069849014282e-02
-8.466614037752151489e-02
-1.039515957236289978e-01
-8.529188483953475952e-02
-9.385927766561508179e-02
-8.511997759342193604e-02
-1.082296296954154968e-01
-1.038165614008903503e-01
-8.518972247838973999e-02
-8.290296047925949097e-02
-8.479783684015274048e-02
-1.007268875837326050e-01
-9.149680286645889282e-02
-1.042234376072883606e-01
-7.949057966470718384e-02
-9.514333307743072510e-02
-8.359367400407791138e-02
-7.077459245920181274e-02
-1.051876395940780640e-01
-9.086395055055618286e-02
-8.615053445100784302e-02
-8.374435454607009888e-02
-9.209150075912475586e-02
-7.895995676517486572e-02
-8.263283222913742065e-02
-9.585265815258026123e-02
-1.023501455783843994e-01
-1.481216251850128174e-01
-1.009026467800140381e-01
-9.471062570810317993e-02
-7.322718948125839233e-02
-7.146070152521133423e-02
-8.857670426368713379e-02
-8.328239619731903076e-02
-7.984279096126556396e-02
-8.188187330961227417e-02
-1.026728153228759766e-01
-7.692039012908935547e-02
-1.148017421364784241e-01
-8.836756646633148193e-02
-1.247996985912322998e-01
-9.604547172784805298e-02
-8.801662921905517578e-02
-8.240392804145812988e-02
-9.294918924570083618e-02
-7.551795244216918945e-02
-8.405980467796325684e-02
-6.999402493238449097e-02
-1.203406453132629395e-01
-7.960809022188186646e-02
-1.072027161717414856e-01
-8.665619790554046631e-02
-8.018992096185684204e-02
-7.589090615510940552e-02
-8.309920132160186768e-02
-9.622345864772796631e-02
-9.910186380147933960e-02
-1.132624447345733643e-01
-7.668926566839218140e-02
-9.959627687931060791e-02
-6.530152261257171631e-02
-7.840112596750259399e-02
-8.145447820425033569e-02
-6.884448230266571045e-02
-8.984690159559249878e-02
-8.646012842655181885e-02
-7.024598866701126099e-02
-7.997775822877883911e-02
-7.450217753648757935e-02
-6.963647902011871338e-02
-7.812583446502685547e-02
-7.943400740623474121e-02
-6.704724580049514771e-02
-7.373973727226257324e-02
-6.962203234434127808e-02
-6.556460261344909668e-02
-8.770098537206649780e-02
-9.483328461647033691e-02
-5.251424387097358704e-02
-8.318429440259933472e-02
-5.956986546516418457e-02
-8.362857252359390259e-02
-9.559205919504165649e-02
-1.011610776185989380e-01
-9.486258029937744141e-02
-8.773939311504364014e-02
-9.129174053668975830e-02
-7.487524300813674927e-02
-8.952572941780090332e-02
-1.034690216183662415e-01
-8.250990509986877441e-02
-7.400199770927429199e-02
-8.478686213493347168e-02
-1.119838654994964600e-01
-6.454450637102127075e-02
-9.126350283622741699e-02
-1.115553230047225952e-01
-8.869672566652297974e-02
-9.557569026947021484e-02
-9.636974334716796875e-02
-7.275366038084030151e-02
-9.394958615303039551e-02
-7.366905361413955688e-02
-7.180933654308319092e-02
-9.566805511713027954e-02
-1.145885884761810303e-01
-9.956538677215576172e-02
-8.047397434711456299e-02
-8.554220199584960938e-02
-7.515363395214080811e-02
-6.796602904796600342e-02
-5.711753293871879578e-02
-9.529378265142440796e-02
-7.966835796833038330e-02
-8.259349316358566284e-02
-9.330987185239791870e-02
-8.756309747695922852e-02
-9.103826433420181274e-02
-9.815920144319534302e-02
-8.065304160118103027e-02
-6.863109022378921509e-02
