2.125917002558708191e-03
-6.971468217670917511e-03
9.460801631212234497e-02
-1.143852993845939636e-02
1.493138968944549561e-01
1.622759737074375153e-03
1.974534690380096436e-01
1.799970865249633789e-02
-1.718342682579532266e-04
1.179252266883850098e-01
1.057188026607036591e-02
1.528785079717636108e-01
6.227720528841018677e-03
-9.605034720152616501e-04
1.012696921825408936e-01
1.476245224475860596e-01
1.148441731929779053e-01
2.535888552665710449e-02
9.532907605171203613e-02
2.872936427593231201e-03
7.165062427520751953e-02
2.758644754067063332e-03
1.503879576921463013e-01
2.750992476940155029e-01
9.014627337455749512e-02
1.276823729276657104e-01
5.566726904362440109e-03
1.308200210332870483e-01
-1.934574102051556110e-03
5.042348429560661316e-02
2.122596139088273048e-03
-7.504775188863277435e-03
1.887969113886356354e-02
1.187828257679939270e-01
9.867312759160995483e-02
7.350239902734756470e-02
1.520562618970870972e-01
8.661204576492309570e-02
5.062274634838104248e-03
-1.232623471878468990e-03
1.125703528523445129e-01
5.943284183740615845e-02
1.477436572313308716e-01
8.931934833526611328e-02
9.754925221204757690e-02
6.020236015319824219e-02
8.673208206892013550e-02
1.507949978113174438e-01
8.030395209789276123e-02
2.769577689468860626e-02
-1.745597831904888153e-02
1.729263067245483398e-01
6.851842999458312988e-02
1.453333199024200439e-01
4.033892415463924408e-03
2.585124410688877106e-02
1.874229013919830322e-01
6.809551268815994263e-02
1.081038340926170349e-01
1.176161915063858032e-01
5.354937631636857986e-03
7.964605838060379028e-02
-2.202637959271669388e-03
1.580732166767120361e-01
7.966971793393895496e-08
3.175654273945838213e-05
1.183687001466751099e-01
3.632735460996627808e-02
1.593242883682250977e-01
3.893405944108963013e-02
1.248495355248451233e-01
6.995533567533129826e-06
4.172245040535926819e-02
-1.870550797320902348e-03
2.621750161051750183e-02
1.528995484113693237e-01
2.140414118766784668e-01
1.117210239171981812e-01
-4.614959005266427994e-03
1.162189468741416931e-01
8.135593682527542114e-02
4.097965732216835022e-02
4.720088467001914978e-02
4.986392706632614136e-02
9.782508015632629395e-02
7.025106996297836304e-02
1.011094152927398682e-01
7.074666023254394531e-02
-7.686304161325097084e-05
3.278942895121872425e-04
2.412279602140188217e-03
1.163946464657783508e-01
2.555274870246648788e-03
1.105897948145866394e-01
2.234662622213363647e-01
1.637292206287384033e-01
5.545020103454589844e-03
1.108589619398117065e-01
1.611486971378326416e-01
1.362231671810150146e-01
1.002518013119697571e-01
1.953515948116546497e-06
7.982315868139266968e-02
4.213318228721618652e-03
2.582412585616111755e-02
1.268520802259445190e-01
1.505194753408432007e-01
9.553851187229156494e-02
7.159648812375962734e-04
6.700395047664642334e-02
5.221920553594827652e-03
5.913527309894561768e-02
1.862160745076835155e-03
5.193604901432991028e-02
1.380110234022140503e-01
-1.001649629324674606e-02
2.308862050995230675e-03
1.512818187475204468e-01
5.850483104586601257e-02
1.836904790252447128e-03
1.394440829753875732e-01
1.806491762399673462e-01
1.204941421747207642e-01
-2.374964788032229990e-05
1.627211570739746094e-01
5.098486319184303284e-02
1.439710855484008789e-01
-4.739701034850440919e-05
7.988423109054565430e-02
5.282224342226982117e-02
1.133654788136482239e-01
1.537787616252899170e-01
1.032297387719154358e-01
1.509202718734741211e-01
8.565210551023483276e-02
1.314432621002197266e-01
8.774607628583908081e-02
1.490776538848876953e-01
1.104696989059448242e-01
1.528399735689163208e-01
1.208493635058403015e-01
8.584924042224884033e-03
5.987908691167831421e-02
1.051946431398391724e-01
5.892957001924514771e-02
7.415061444044113159e-02
-4.962732549756765366e-03
1.227999106049537659e-01
-1.136679872870445251e-01
7.931742072105407715e-02
1.247137133032083511e-02
7.121064513921737671e-02
2.141942828893661499e-01
5.734195932745933533e-02
7.239668816328048706e-02
1.897061616182327271e-01
1.340826302766799927e-01
2.041511386632919312e-01
2.495362423360347748e-03
1.284828875213861465e-03
8.544388110749423504e-04
6.099372729659080505e-02
1.900476170703768730e-03
3.488983726128935814e-03
1.740253716707229614e-01
1.963750422000885010e-01
1.826390922069549561e-01
5.005581770092248917e-03
1.044137030839920044e-01
1.116395667195320129e-01
2.000933736562728882e-01
1.515468023717403412e-02
1.899579018354415894e-01
1.434126496315002441e-01
1.514618098735809326e-01
8.511085808277130127e-02
8.078256249427795410e-02
1.648512203246355057e-03
1.022178605198860168e-01
1.460762023925781250e-01
-5.904155224561691284e-02
-1.877240138128399849e-03
1.360361874103546143e-01
1.960965245962142944e-01
2.546586096286773682e-03
2.173439270336530171e-06
-6.873901002109050751e-03
4.486474674195051193e-03
5.710159242153167725e-02
-5.873576272279024124e-03
1.776733547449111938e-01
9.235404431819915771e-04
-3.207221860066056252e-03
2.248544245958328247e-02
2.005581110715866089e-01
4.534993320703506470e-03
9.266413003206253052e-02
8.670071512460708618e-02
6.189168244600296021e-02
1.651472300291061401e-01
1.348564308136701584e-02
8.196047693490982056e-02
1.897158313113322947e-06
2.116960845887660980e-02
1.759057044982910156e-01
-2.751756401266902685e-04
1.588644534349441528e-01
5.597822368144989014e-02
7.843349874019622803e-02
9.713838249444961548e-02
8.836182206869125366e-02
-5.515609309077262878e-02
1.827705651521682739e-01
1.054106429219245911e-01
1.712521612644195557e-01
2.331703715026378632e-02
1.071552708745002747e-01
1.054917499423027039e-01
7.366557419300079346e-02
7.054895162582397461e-02
3.646258031949400902e-03
8.251696825027465820e-02
1.341873109340667725e-01
-2.945614978671073914e-03
1.049231663346290588e-01
1.198233738541603088e-01
1.613562926650047302e-04
5.076640099287033081e-02
1.930149970576167107e-03
1.505410373210906982e-01
1.190182045102119446e-01
-2.097803400829434395e-03
1.965835541486740112e-01
4.556881729513406754e-03
6.822923570871353149e-02
1.338794920593500137e-02
1.813233047723770142e-01
-5.960527341812849045e-04
1.624702513217926025e-01
3.292950242757797241e-02
1.119999736547470093e-01
1.939316540956497192e-01
2.580816391855478287e-03
8.312261849641799927e-02
1.125281378626823425e-01
1.706315726041793823e-01
1.044025570154190063e-01
1.787361353635787964e-01
7.785358279943466187e-02
1.566579490900039673e-01
5.090456455945968628e-02
-2.790556289255619049e-03
6.090220063924789429e-03
8.205646299757063389e-04
2.699300274252891541e-02
2.084829509258270264e-01
