-1.190263405442237854e-01
-6.801050156354904175e-02
-4.046933725476264954e-02
1.045713294297456741e-02
-6.147732585668563843e-02
-2.733008190989494324e-02
-8.220092207193374634e-02
-2.825098484754562378e-02
-5.048922076821327209e-02
-1.875666901469230652e-02
-8.730655163526535034e-02
-7.437395304441452026e-02
-1.176158562302589417e-01
-7.251460105180740356e-02
-1.011980324983596802e-01
-9.911110997200012207e-02
2.365718334913253784e-01
-8.882315456867218018e-02
-7.930648326873779297e-02
5.980825796723365784e-02
-9.019391983747482300e-02
-1.586428880691528320e-01
8.593969792127609253e-02
-3.094374760985374451e-02
1.941304467618465424e-02
-1.045863106846809387e-01
-9.815683960914611816e-02
-1.997516453266143799e-01
-4.168388620018959045e-02
-7.937004417181015015e-02
-6.331868469715118408e-02
-9.034764021635055542e-02
-1.060554459691047668e-01
-9.496634453535079956e-02
-7.422775030136108398e-02
-5.134450644254684448e-02
-1.391077041625976562e-01
-1.031591519713401794e-01
-7.501220703125000000e-02
-8.234382420778274536e-02
-7.949522882699966431e-02
6.244383752346038818e-03
-1.183117181062698364e-02
-1.538882702589035034e-01
-6.032678112387657166e-02
-4.709379002451896667e-02
5.038414895534515381e-02
-8.100527524948120117e-02
-1.315238326787948608e-01
-7.390413433313369751e-02
3.465877100825309753e-02
-7.973539084196090698e-02
-3.047988377511501312e-02
-4.053996503353118896e-02
-1.947985589504241943e-02
-4.149555042386054993e-02
-9.547574073076248169e-02
-1.272182315587997437e-01
-6.878359615802764893e-02
-6.681665033102035522e-02
-2.221374772489070892e-03
-5.679003894329071045e-02
-7.150440663099288940e-02
-5.084693431854248047e-02
-1.613819599151611328e-01
-7.216269522905349731e-02
-1.584452241659164429e-01
-1.031561940908432007e-01
-5.582752451300621033e-02
-1.254958286881446838e-02
2.367086522281169891e-02
-1.207940131425857544e-01
-5.093130841851234436e-02
-4.549540206789970398e-02
-8.813831210136413574e-02
-1.162514537572860718e-01
3.014384768903255463e-03
-4.711666330695152283e-02
-6.758259236812591553e-02
-6.036441773176193237e-02
-3.754341229796409607e-02
-7.319509983062744141e-02
-6.733462959527969360e-02
-8.374030143022537231e-02
-9.735146909952163696e-02
-3.089783899486064911e-02
-1.608231477439403534e-02
-9.635664522647857666e-02
-8.854882419109344482e-02
2.053992263972759247e-02
-1.267183870077133179e-01
3.008700907230377197e-02
-6.461267173290252686e-02
-4.821173474192619324e-02
1.000094413757324219e-01
-8.011416345834732056e-02
-4.591387882828712463e-02
-8.706624805927276611e-02
-3.404838591814041138e-02
-9.795635938644409180e-02
-9.904564917087554932e-02
-1.078755408525466919e-01
-5.319369584321975708e-02
-3.122504800558090210e-02
-6.752451509237289429e-02
1.884041428565979004e-01
-7.487097382545471191e-02
-2.844805270433425903e-02
-3.589611127972602844e-02
-3.950187936425209045e-02
-1.024581938982009888e-01
-7.985823601484298706e-02
-8.913262933492660522e-02
1.088845171034336090e-02
-5.212993919849395752e-02
-6.820178776979446411e-02
-4.514090716838836670e-02
-5.446619912981987000e-02
-6.002641748636960983e-03
-6.031812727451324463e-02
-1.265186816453933716e-01
-8.498243987560272217e-02
-9.458748996257781982e-02
-6.982957571744918823e-02
-1.887872628867626190e-02
-9.949638694524765015e-02
-6.066090986132621765e-02
-7.057996094226837158e-02
-7.740057259798049927e-02
-8.770968765020370483e-02
-4.377979319542646408e-03
-5.324852466583251953e-02
-4.997801780700683594e-02
-1.197324618697166443e-01
-1.534526646137237549e-01
-9.416103363037109375e-02
-1.032210886478424072e-01
-4.505255445837974548e-02
-8.577374368906021118e-02
-8.264029026031494141e-02
-1.034411266446113586e-01
-3.232336137443780899e-03
6.399762630462646484e-02
7.911592721939086914e-02
-6.584870815277099609e-02
-1.041272282600402832e-01
6.721334066241979599e-03
-6.967886537313461304e-02
-6.405440717935562134e-02
-1.103403493762016296e-01
-4.064960032701492310e-02
2.616934943944215775e-03
-5.490851029753684998e-02
-9.327830374240875244e-02
-3.784662112593650818e-02
-6.588519364595413208e-02
-6.806847453117370605e-02
-1.166134104132652283e-01
-1.442946791648864746e-01
-5.768996849656105042e-02
-1.022642329335212708e-01
-1.006365418434143066e-01
-8.704873919486999512e-02
-2.950235269963741302e-03
4.679744597524404526e-03
-5.486164614558219910e-02
-3.131673485040664673e-02
-5.632723122835159302e-02
-1.352203823626041412e-02
-5.288518592715263367e-02
-1.002138406038284302e-01
1.908535137772560120e-02
-7.745019346475601196e-02
-1.105396673083305359e-01
-1.337800025939941406e-01
-4.976983740925788879e-02
8.798266761004924774e-03
-1.388392895460128784e-01
-5.247036740183830261e-02
-4.043751582503318787e-02
-8.852450549602508545e-02
-1.318441629409790039e-01
-6.823740899562835693e-02
5.940977111458778381e-02
-4.412713646888732910e-02
-9.674216061830520630e-02
3.748393431305885315e-02
-8.960468322038650513e-02
-4.890399798750877380e-02
1.564169302582740784e-02
-7.570876926183700562e-02
-1.934729143977165222e-02
-5.532349273562431335e-02
-4.547595605254173279e-02
1.949278754182159901e-03
-7.416420429944992065e-02
-6.933238357305526733e-02
-3.466406464576721191e-02
-2.522201277315616608e-02
-1.068753674626350403e-01
3.826471045613288879e-02
-4.411501437425613403e-02
-6.194456294178962708e-02
1.425609737634658813e-01
-8.281297236680984497e-02
-7.410165667533874512e-02
-1.605225913226604462e-02
-6.817973405122756958e-02
1.722133904695510864e-02
-7.164629548788070679e-02
-1.241007521748542786e-01
2.862522611394524574e-03
-1.268371641635894775e-01
3.967719525098800659e-02
-5.637905746698379517e-02
-4.741297289729118347e-02
-2.815006114542484283e-02
-1.347027271986007690e-01
-1.369653046131134033e-01
-1.569958031177520752e-02
-1.291078031063079834e-01
9.607391059398651123e-02
3.526559099555015564e-03
-6.532792747020721436e-02
-8.093073964118957520e-02
-8.424729853868484497e-02
-6.972093880176544189e-02
-2.405497431755065918e-02
-8.525577187538146973e-02
-1.776146441698074341e-01
-1.697460561990737915e-02
-2.015077471733093262e-01
-1.109732910990715027e-01
4.345192760229110718e-02
-5.845072120428085327e-02
-2.238854169845581055e-01
-9.666562080383300781e-02
-1.875075511634349823e-02
-7.790544629096984863e-02
-4.365104436874389648e-02
-8.981678634881973267e-03
-2.343899197876453400e-02
-4.928410053253173828e-02
-6.023769453167915344e-02
-6.873633712530136108e-02
-4.735618829727172852e-02
-1.764308065176010132e-01
-8.885355293750762939e-02
1.535986363887786865e-01
-3.243748098611831665e-02
-2.888337522745132446e-02
-1.209990754723548889e-01
-1.447053812444210052e-02
-7.600623369216918945e-02
-9.759655594825744629e-02
-1.151240468025207520e-01
