-8.496602997183799744e-03
-4.121824726462364197e-02
-8.864611387252807617e-02
-3.384075313806533813e-02
-1.198019608855247498e-01
1.638454385101795197e-02
-7.652880251407623291e-02
-1.313895583152770996e-01
-6.000253930687904358e-02
4.793584719300270081e-02
1.403608638793230057e-02
-1.183781400322914124e-01
-3.189265355467796326e-02
-4.979346692562103271e-02
-3.472997620701789856e-02
-6.315278261899948120e-02
-6.747882347553968430e-03
-5.052474886178970337e-02
-1.535891182720661163e-02
-6.109541573096066713e-05
-6.566306203603744507e-02
-1.293500959873199463e-01
3.934456501156091690e-03
-8.561760187149047852e-03
-6.230383738875389099e-02
-8.777201874181628227e-04
-3.151096776127815247e-02
-1.683130860328674316e-02
-1.535831764340400696e-02
-2.578248828649520874e-02
-1.856886781752109528e-02
-3.831796720623970032e-02
-2.206329442560672760e-02
1.697422005236148834e-02
-3.003587946295738220e-02
-6.529852747917175293e-02
-1.697846502065658569e-01
-2.889279462397098541e-02
7.262677419930696487e-03
-9.675543755292892456e-03
-3.299446031451225281e-02
-1.643231660127639771e-01
7.423768192529678345e-02
-2.468212880194187164e-02
-2.637109160423278809e-02
2.358708903193473816e-02
-6.053810939192771912e-02
-5.809288099408149719e-02
4.262937977910041809e-02
-1.036089286208152771e-01
-6.796759366989135742e-02
-5.318192765116691589e-02
-6.850910186767578125e-02
-1.870440877974033356e-02
-1.320190634578466415e-02
-5.482778698205947876e-02
-1.183066144585609436e-02
-3.230530023574829102e-02
-2.476003952324390411e-02
3.751299111172556877e-03
2.349076122045516968e-01
-1.941116899251937866e-02
-2.047923579812049866e-02
-1.076338440179824829e-01
