1.242349483072757721e-02
5.903460830450057983e-02
3.723995760083198547e-02
2.826170995831489563e-02
2.689555101096630096e-02
2.731214463710784912e-02
1.445616409182548523e-02
2.797672338783740997e-02
2.568210288882255554e-02
2.468939311802387238e-02
1.417141966521739960e-02
2.085046283900737762e-02
3.211070969700813293e-02
1.013719608032408442e-15
1.819581165909767151e-02
2.343549393117427826e-02
3.399739414453506470e-02
3.677124530076980591e-02
3.207357227802276611e-02
6.909706164151430130e-03
1.246334612369537354e-02
2.529470063745975494e-02
1.988546364009380341e-02
1.934959925711154938e-02
2.227675355970859528e-02
1.547985151410102844e-02
2.253089658915996552e-02
2.995213679969310760e-02
1.945413649082183838e-02
2.439894340932369232e-02
5.821889638900756836e-02
3.232280537486076355e-02
2.823839336633682251e-02
1.636198349297046661e-02
2.533543482422828674e-02
1.555807329714298248e-02
5.791189894080162048e-02
3.341947495937347412e-02
5.403219535946846008e-02
1.431791018694639206e-02
6.452105939388275146e-02
2.618792653083801270e-02
1.487414352595806122e-02
5.820636078715324402e-02
1.307308021932840347e-02
9.232690973510690458e-14
8.781036362051963806e-03
4.972569914931822179e-16
1.612572371959686279e-02
7.138303946703672409e-03
1.534468587487936020e-02
3.476803004741668701e-02
1.152986846864223480e-02
3.494913130998611450e-02
1.561225857585668564e-02
4.570311307907104492e-02
4.535366977063818618e-16
2.472885139286518097e-02
1.808351092040538788e-02
8.980321697890758514e-03
3.484906256198883057e-02
1.715322583913803101e-02
1.194791123270988464e-02
2.028672397136688232e-02
