2.972224541008472443e-02
7.839035242795944214e-02
3.922590613365173340e-02
3.927059099078178406e-02
1.563324593007564545e-02
6.031047925353050232e-02
2.070286497473716736e-02
2.284451201558113098e-02
2.851042710244655609e-02
3.500276431441307068e-02
3.383933007717132568e-02
5.758068710565567017e-02
2.846352942287921906e-02
2.046316862106323242e-02
1.720062084496021271e-02
2.265530824661254883e-02
2.673958614468574524e-02
1.698628254234790802e-02
3.172659128904342651e-02
4.074001684784889221e-02
4.096987098455429077e-02
2.988362498581409454e-02
2.359400317072868347e-02
3.362799808382987976e-02
2.884478308260440826e-02
2.209289930760860443e-02
4.204377159476280212e-02
2.744888514280319214e-02
3.556278720498085022e-02
2.852244861423969269e-02
1.903770677745342255e-02
2.599485963582992554e-02
4.434050992131233215e-02
2.152312733232975006e-02
1.914927177131175995e-02
4.698486253619194031e-02
2.498022466897964478e-02
3.630571067333221436e-02
4.289760440587997437e-02
2.153591997921466827e-02
2.754767984151840210e-02
6.263061612844467163e-02
4.497868940234184265e-02
2.111711725592613220e-02
1.911689527332782745e-02
2.846500836312770844e-02
1.678706519305706024e-02
2.120444364845752716e-02
2.459802106022834778e-02
3.672942891716957092e-02
4.635404422879219055e-02
2.492794580757617950e-02
2.665796875953674316e-02
3.069301694631576538e-02
3.729915991425514221e-02
1.852621138095855713e-02
3.338562324643135071e-02
3.094873577356338501e-02
1.824465207755565643e-02
2.151466161012649536e-02
2.130588330328464508e-02
2.623340673744678497e-02
3.166738897562026978e-02
2.168836072087287903e-02
3.345219418406486511e-02
2.234992943704128265e-02
2.103821188211441040e-02
2.013509348034858704e-02
3.066046535968780518e-02
2.454752288758754730e-02
2.492620050907135010e-02
5.671222135424613953e-02
2.211031317710876465e-02
1.931869797408580780e-02
1.618988066911697388e-02
5.397620424628257751e-02
3.995666652917861938e-02
3.138796240091323853e-02
2.153863571584224701e-02
3.216136619448661804e-02
2.218092232942581177e-02
3.984139859676361084e-02
2.875897288322448730e-02
2.139194868505001068e-02
2.953637018799781799e-02
7.565799355506896973e-02
5.981255322694778442e-02
2.499885112047195435e-02
2.211072854697704315e-02
1.734549552202224731e-02
5.269237980246543884e-02
2.542326599359512329e-02
3.514001891016960144e-02
2.513402886688709259e-02
1.996569894254207611e-02
1.744838617742061615e-02
3.161763399839401245e-02
8.889047056436538696e-02
2.158448100090026855e-02
2.770736254751682281e-02
4.502985998988151550e-02
2.449372410774230957e-02
2.622179128229618073e-02
5.011805891990661621e-02
1.664968207478523254e-02
4.069234430789947510e-02
2.396741323173046112e-02
2.138726785778999329e-02
3.960095718502998352e-02
4.194656014442443848e-02
2.482964843511581421e-02
2.509345859289169312e-02
6.934931874275207520e-02
2.354706265032291412e-02
2.929928712546825409e-02
2.198295854032039642e-02
1.932733878493309021e-02
3.390473499894142151e-02
3.583947196602821350e-02
2.798076532781124115e-02
4.247479513287544250e-02
2.794352360069751740e-02
2.200106531381607056e-02
3.746516630053520203e-02
3.051166236400604248e-02
2.960062585771083832e-02
1.898856647312641144e-02
2.206687815487384796e-02
1.741265878081321716e-02
2.056614309549331665e-02
4.267137497663497925e-02
5.489238351583480835e-02
9.214477986097335815e-02
3.438670188188552856e-02
9.538158774375915527e-02
2.148603647947311401e-02
3.241907060146331787e-02
2.117674984037876129e-02
1.691493205726146698e-02
3.329290822148323059e-02
5.368015170097351074e-02
3.733160719275474548e-02
2.300681173801422119e-02
2.858651988208293915e-02
2.996881678700447083e-02
2.278904616832733154e-02
2.049829810857772827e-02
2.555081620812416077e-02
2.487237192690372467e-02
3.740300238132476807e-02
3.117024339735507965e-02
2.950021624565124512e-02
2.862152643501758575e-02
4.039535671472549438e-02
3.261916711926460266e-02
2.055478468537330627e-02
2.195442840456962585e-02
2.437528036534786224e-02
5.341070145368576050e-02
4.478169232606887817e-02
3.954450413584709167e-02
2.016141638159751892e-02
1.993647962808609009e-02
3.676992282271385193e-02
2.274292893707752228e-02
1.638571359217166901e-02
2.960105612874031067e-02
2.307221293449401855e-02
5.480463057756423950e-02
2.083902247250080109e-02
1.966544985771179199e-02
1.912057958543300629e-02
3.811022266745567322e-02
1.878225058317184448e-02
2.418660931289196014e-02
5.819800496101379395e-02
2.190452255308628082e-02
4.039342328906059265e-02
1.902792975306510925e-02
8.189577609300613403e-02
1.979637704789638519e-02
2.314275503158569336e-02
2.054663933813571930e-02
1.794548146426677704e-02
2.972829714417457581e-02
3.775529190897941589e-02
2.583953551948070526e-02
5.170489847660064697e-02
3.734326362609863281e-02
1.753205433487892151e-02
3.555902466177940369e-02
2.724455110728740692e-02
3.224926441907882690e-02
2.398976683616638184e-02
2.124126628041267395e-02
2.115403302013874054e-02
1.556672435253858566e-02
2.941577136516571045e-02
7.289212942123413086e-02
5.263090133666992188e-02
2.331210114061832428e-02
2.972667291760444641e-02
4.894361272454261780e-02
2.489151619374752045e-02
2.395705133676528931e-02
3.955142572522163391e-02
2.497505396604537964e-02
1.673429086804389954e-02
1.562180370092391968e-02
1.956776343286037445e-02
2.583153732120990753e-02
4.657567292451858521e-02
5.200023949146270752e-02
3.266294673085212708e-02
3.367357328534126282e-02
5.494749918580055237e-02
2.114076353609561920e-02
2.325648628175258636e-02
3.024378791451454163e-02
1.721384935081005096e-02
2.163193747401237488e-02
1.863365061581134796e-02
4.044495150446891785e-02
2.554561197757720947e-02
3.557123988866806030e-02
4.379258304834365845e-02
2.227349765598773956e-02
2.268552780151367188e-02
4.067057743668556213e-02
2.922874689102172852e-02
3.866821154952049255e-02
9.965631365776062012e-02
3.437103703618049622e-02
3.453002125024795532e-02
3.589280322194099426e-02
2.298361063003540039e-02
1.787575520575046539e-02
5.395177379250526428e-02
2.199975028634071350e-02
1.850718446075916290e-02
3.298298269510269165e-02
3.197161853313446045e-02
2.630263380706310272e-02
3.960579633712768555e-02
2.372904308140277863e-02
2.474431507289409637e-02
2.604710496962070465e-02
2.350672706961631775e-02
3.302869200706481934e-02
5.353512242436408997e-02
2.399440482258796692e-02
2.150048501789569855e-02
4.123128578066825867e-02
2.512425743043422699e-02
2.064532972872257233e-02
2.277241833508014679e-02
