3.806430613622069359e-04
3.142269561067223549e-03
4.373797310108784586e-06
2.156329341232776642e-03
2.116694085998460650e-04
1.128539622863300451e-11
4.464425612241029739e-03
4.406039952300488949e-04
1.875654998002573848e-04
5.818678764626383781e-04
1.012099790386855602e-03
1.762649742886424065e-03
1.869326573796570301e-03
3.997701569460332394e-04
3.801376227685615561e-11
1.687110983766615391e-03
1.225347537547349930e-02
2.340591308893635869e-04
3.445266280323266983e-03
1.291359309107065201e-03
1.611945219337940216e-03
2.445069840177893639e-04
4.424581304192543030e-03
6.220900666343079366e-14
5.169759504497051239e-03
2.497030363883823156e-04
1.759878359735012054e-03
3.541614394634962082e-03
2.554397804388486293e-10
5.110188852995634079e-03
3.774028737097978592e-03
2.964248997159302235e-04
1.455471268855035305e-03
2.336155390366911888e-03
1.745667774230241776e-03
5.393031984567642212e-03
5.821906495839357376e-03
5.282958038151264191e-03
8.168664862751029432e-06
1.387335080653429031e-02
5.456991493701934814e-03
4.816597327589988708e-03
9.243700769729912281e-04
1.924223324749618769e-04
2.150649816030636430e-04
3.826896194368600845e-03
2.736726310104131699e-04
2.641610102728009224e-03
3.297998104244470596e-03
2.362272003665566444e-03
3.450712829362601042e-04
6.667070806543051731e-08
2.924833213910460472e-03
1.949396566487848759e-03
2.815478947013616562e-04
3.209538524970412254e-03
6.777194212190806866e-04
9.493651450611650944e-04
6.277950480580329895e-03
1.423574799708227090e-12
1.675062230788171291e-04
2.607731381431221962e-03
2.179830567911267281e-03
1.840866898419335485e-04
1.646126271225512028e-03
2.485212637111544609e-03
6.571056437678635120e-04
3.506946144625544548e-03
1.480880001958340131e-11
3.675538348034024239e-03
5.539409350603818893e-03
2.890347735956311226e-03
4.016565158963203430e-03
2.406242769211530685e-03
6.630788091570138931e-03
3.854380629491060972e-04
3.953414503484964371e-03
3.594457230065017939e-04
4.753788933157920837e-03
2.210922539234161377e-03
4.785434808582067490e-03
2.094020601361989975e-03
7.839427416911348701e-05
4.517043940722942352e-03
1.840418437495827675e-03
6.202613003551959991e-03
5.074891261756420135e-03
2.233230043202638626e-04
4.836063017137348652e-04
1.785395442599480020e-11
6.040841438181843159e-12
3.170390613377094269e-03
1.290470943786203861e-03
2.856271457858383656e-04
1.826511566031308910e-15
2.189787803217768669e-03
5.103308707475662231e-03
6.036021513864398003e-04
2.318917308002710342e-03
5.585839389823377132e-04
2.581393579021096230e-03
2.373888390138745308e-03
3.765630244743078947e-04
4.273694474250078201e-03
4.097541386727243662e-04
2.007851946927985409e-07
3.881776938214898109e-03
2.162483287975192070e-03
4.501068498939275742e-03
4.629065224435180426e-04
3.192226169630885124e-03
4.911343101412057877e-03
3.133240466125092327e-13
2.724847290664911270e-03
3.077394503634423018e-04
5.907817743718624115e-03
2.252624137327075005e-03
3.260900499299168587e-03
4.229934420436620712e-03
1.561731682159006596e-03
2.008118899539113045e-03
2.301298780366778374e-03
1.958429347723722458e-03
2.200163668021559715e-03
1.234118244610726833e-03
6.554282736033201218e-04
5.865944549441337585e-03
2.042684005573391914e-03
8.912723278626799583e-04
3.214381402358412743e-03
4.178190138190984726e-03
2.419599797576665878e-03
2.312436467036604881e-03
1.849993075397904363e-11
4.723960999399423599e-03
1.126504968851804733e-03
3.327307058498263359e-03
4.941758234053850174e-03
2.480676254690283855e-13
2.764996606856584549e-03
2.920945873484015465e-03
2.714470960199832916e-03
3.765990026295185089e-03
5.802332481152916444e-08
4.744622274301946163e-04
2.682760532479733229e-04
2.246002841275185347e-04
2.591582480818033218e-03
8.444399572908878326e-03
3.554161870852112770e-03
7.086256053298711777e-03
1.246378058567643166e-03
2.547480631619691849e-03
2.942611987410970187e-10
3.627120458986610174e-04
4.940207581967115402e-03
3.183851949870586395e-04
1.644018601809627000e-11
4.831435158848762512e-03
1.528344233520328999e-03
4.611315671354532242e-03
5.128778866492211819e-04
4.882797598838806152e-03
3.294875845313072205e-03
3.463654080405831337e-03
2.257346665146542364e-07
2.545276191085577011e-03
1.697868457995355129e-03
2.979247597977519035e-03
1.254938077181577682e-03
9.330254261254514181e-14
1.089823525398969650e-02
1.553076878190040588e-02
5.358550697565078735e-04
5.421975715624860470e-11
4.534938838332891464e-03
2.669596578925848007e-03
7.030777633190155029e-03
2.483677235431969166e-04
2.174392808228731155e-03
3.230492351576685905e-03
3.325067227706313133e-03
4.128331784158945084e-03
4.661376297008246183e-04
2.687526633962988853e-03
2.826741547323763371e-04
1.036052320324554188e-12
2.414401853457093239e-03
2.963725128211081028e-04
2.483415650203824043e-03
6.469693034887313843e-03
2.608481794595718384e-03
2.554397797212004662e-03
3.941670060157775879e-03
9.735234198160469532e-04
3.578532021492719650e-03
1.687946504981161985e-15
3.683111863210797310e-03
5.015984061174094677e-04
3.030495718121528625e-04
3.944988866827481289e-12
4.709690809249877930e-03
4.860740620642900467e-03
1.350885140709578991e-04
1.529402282986550010e-13
1.376317231915891171e-03
2.034544246271252632e-03
2.840179484337568283e-03
9.151742560788989067e-04
8.163038000930100679e-05
2.350144088268280029e-03
1.094366796314716339e-02
6.327619776129722595e-03
1.869607073323731328e-11
9.110771934501826763e-04
4.198770504444837570e-03
1.420630258508026600e-03
7.636273512616753578e-04
5.042869015596807003e-04
5.899256560951471329e-03
1.007206155918538570e-03
1.529748784378170967e-03
9.282651009618822502e-16
1.350780483335256577e-03
3.514575073495507240e-03
5.089767277240753174e-03
2.643049694597721100e-03
7.087209378369152546e-04
3.993337508291006088e-03
8.261996321380138397e-03
2.290980424731969833e-03
1.831159694120287895e-03
4.002261266577988863e-04
4.256663960404694080e-04
1.906864076023167230e-15
5.165827460587024689e-03
3.278740334788921018e-10
5.731797777116298676e-03
9.144100360572338104e-03
2.462281612679362297e-03
1.770458335492719470e-09
1.056033070199191570e-03
3.242679173126816750e-03
5.017060902900993824e-04
1.578582683578133583e-03
2.130757784470915794e-03
1.824697479605674744e-03
8.087802678346633911e-03
2.354174619540572166e-03
2.913978823926299810e-04
4.886504728347063065e-03
5.527699249796569347e-04
3.450351068750023842e-03
3.415693528950214386e-03
2.108237007632851601e-03
3.113090642727911472e-04
3.284712322056293488e-03
3.335263347253203392e-03
6.094642449170351028e-03
5.800355225801467896e-03
1.411546021699905396e-03
6.141516845673322678e-03
5.561826750636100769e-03
3.639657807070761919e-04
4.219528287649154663e-03
1.257704920135438442e-03
1.528206281363964081e-03
2.025663125095888972e-04
5.624964833259582520e-04
1.819580793380737305e-04
1.144129457841813746e-09
2.399857854470610619e-03
4.484908267248649549e-13
2.595876576378941536e-03
4.470443353056907654e-03
3.851507208310067654e-04
9.387400932610034943e-04
2.180210867663845420e-04
2.413715003058314323e-03
4.964145831763744354e-03
3.038005437701940536e-03
2.828914730343967676e-04
3.430492477491497993e-03
2.152689412469044328e-04
3.631019790191203356e-04
3.155915183015167713e-04
5.263867322355508804e-03
3.428724594414234161e-03
4.774827044457197189e-03
1.509421039372682571e-03
2.332715521333739161e-04
7.281216340970786405e-08
3.116769250482320786e-03
4.228975623846054077e-03
1.621102448552846909e-03
6.037879735231399536e-03
5.326709244400262833e-03
1.397700510885613312e-09
2.353563177166506648e-04
8.231406809500185773e-07
3.238005097955465317e-03
1.774328877218067646e-03
1.364334835670888424e-03
2.214600332081317902e-03
1.462559215724468231e-03
2.412942936643958092e-03
5.128651973791420460e-04
1.999876229092478752e-03
1.218411372974514961e-03
1.515818003099411726e-04
2.563715679571032524e-03
7.995248560432877127e-12
2.542360751447720474e-14
9.705692196118609338e-13
3.456181730143725872e-04
1.367386779747903347e-03
3.835429670289158821e-03
3.914466069545596838e-04
5.088654785089311017e-14
3.645076940301805735e-04
3.237602533772587776e-03
3.302467521280050278e-03
2.474946668371558189e-03
9.116866276599466801e-04
1.000316347926855087e-02
2.003871583098650044e-15
1.932516694068908691e-03
2.848949516192078590e-03
2.422576304525136948e-03
2.372855786234140396e-03
6.502434145659208298e-03
6.454252172261476517e-03
7.652375505181122084e-14
1.437754253856837749e-04
1.443060580641031265e-03
1.481885090470314026e-03
3.384855343028903008e-03
3.382191644050180912e-04
3.874074667692184448e-03
1.194203505292534828e-03
3.916663990821689367e-04
3.401692258194088936e-03
4.375358694233000278e-04
3.904588054865598679e-03
6.822200957685709000e-04
5.588709376752376556e-03
6.622189555478266362e-15
5.302992649376392365e-04
2.367948647588491440e-03
7.762601017020642757e-04
3.214370226487517357e-03
2.422015677439048886e-04
6.466380320489406586e-03
2.377607306698337197e-04
6.396672688424587250e-04
3.628585021942853928e-03
2.125173574313521385e-03
5.488814203999936581e-04
2.656726166605949402e-03
3.573652822524309158e-03
2.757964190095663071e-03
3.011120250448584557e-03
1.915126224048435688e-03
2.619339211378246546e-04
6.290269971565010110e-10
5.899592768400907516e-03
2.637614961713552475e-03
3.624852281063795090e-03
5.040024407207965851e-03
1.907451776787638664e-03
2.989949217033216478e-12
3.877691633533686399e-04
5.740623921155929565e-03
5.460573825985193253e-03
1.012744940817356110e-02
7.803054060786962509e-03
1.573456334881484509e-03
4.461800213903188705e-03
1.260388526134192944e-03
1.679226261330768466e-04
5.732019431889057159e-03
3.963478840887546539e-03
2.707150706555694342e-04
2.425751881673932076e-03
5.410308483988046646e-03
3.248128807172179222e-03
5.687708637402977274e-10
2.858365187421441078e-04
4.416261333972215652e-03
4.518790636211633682e-03
5.101011600345373154e-03
5.310051143169403076e-03
3.800195408985018730e-04
3.254000039305537939e-04
5.916175432503223419e-03
9.012969676405191422e-04
4.355972050689160824e-04
1.722269225865602493e-03
3.495212644338607788e-03
1.221943879500031471e-03
1.168792168083909733e-13
3.742488624993711710e-04
5.512489937245845795e-03
2.678424818441271782e-03
3.583446843549609184e-03
8.586005307734012604e-03
9.851709473878145218e-04
1.625087345018982887e-03
1.791581627912819386e-03
1.316049862403606552e-13
3.424375550821423531e-03
4.691868089139461517e-03
4.270603822078555822e-04
8.151751063718241236e-15
1.965522533282637596e-03
2.481307368725538254e-03
2.562878071330487728e-04
4.999543540179729462e-03
2.991100191138684750e-04
3.507711691781878471e-03
3.004536731168627739e-03
5.711587728001177311e-04
1.447059679776430130e-03
2.562565030530095100e-03
1.650204998441040516e-03
1.150596654042601585e-03
8.692447938741035274e-14
8.991876384243369102e-04
3.600799711421132088e-03
1.363750663585960865e-03
3.791821891196978100e-12
1.458568265661597252e-03
5.168202798813581467e-03
2.184490088819046605e-11
3.901248332113027573e-03
2.321893116459250450e-03
3.037578193470835686e-03
4.537003580480813980e-03
3.225541673600673676e-03
4.353540018200874329e-03
1.556209055706858635e-03
4.297947743907570839e-04
1.417572144418954849e-03
8.669502567499876022e-04
4.715417744591832161e-04
3.303850535303354263e-03
1.387595767454730122e-12
6.159170996397733688e-03
7.123161107301712036e-03
7.465295048803000100e-09
3.986059222370386124e-03
3.417432352728622114e-13
4.128521594146290774e-14
4.247432574629783630e-03
3.130601498924079351e-06
2.490893471986055374e-03
4.366470966488122940e-03
2.738092327490448952e-03
6.505636847577989101e-04
8.006930351257324219e-03
1.301385927945375443e-03
3.856101306155323982e-03
3.413675294723361731e-04
3.037744900211691856e-03
7.286190520972013474e-04
5.551325157284736633e-03
8.509111357852816582e-04
2.464077627649299135e-14
4.165722930338233709e-04
3.525857115164399147e-03
1.726024900563061237e-03
7.133921026252210140e-04
8.200926937899628930e-16
3.043198375962674618e-04
3.448583011049777269e-04
2.837570384144783020e-03
1.234544324688613415e-03
4.391743277665227652e-04
4.452317021787166595e-03
3.698859596624970436e-03
7.999587105587124825e-04
4.216046072542667389e-03
3.354297950863838196e-04
3.911736886948347092e-03
5.285795778036117554e-03
1.928032026626169682e-03
5.387663232214734421e-11
3.123666392639279366e-03
2.871148753911256790e-04
2.395463874563574791e-03
3.508612746372818947e-03
1.875751884654164314e-03
3.488500369712710381e-04
5.430465098470449448e-03
3.781105042435228825e-04
2.846134360879659653e-03
5.071063991636037827e-03
1.028840080834925175e-03
6.205818122398561437e-16
3.634238615632057190e-03
1.860787742771208286e-04
1.600398565642535686e-03
2.857221988961100578e-03
1.137676648795604706e-03
2.579904394224286079e-03
6.460758158937096596e-04
2.402837417321279645e-04
9.325651917606592178e-04
2.135654678568243980e-03
1.140938607696942442e-13
6.009587552398443222e-03
3.700081433635205030e-04
