2.024810388684272766e-02
4.873013822361826897e-04
-8.933275938034057617e-03
-7.547338306903839111e-02
-6.256033666431903839e-03
1.396457385271787643e-02
-6.013736128807067871e-02
4.857484623789787292e-02
2.459817938506603241e-02
-5.374830961227416992e-02
-4.615612700581550598e-02
2.298308536410331726e-02
2.818340063095092773e-02
7.973836362361907959e-02
2.693006955087184906e-02
9.145739488303661346e-03
-1.170591786503791809e-01
3.894744068384170532e-02
4.737938288599252701e-03
-1.366719044744968414e-02
-7.256232947111129761e-02
1.107477620244026184e-01
1.373144982608209830e-06
-1.152956983219155518e-07
-1.295976992696523666e-02
-9.978503658203408122e-05
1.551833469420671463e-02
3.349591419100761414e-02
-1.922589391469955444e-01
7.862936705350875854e-02
-9.603928029537200928e-02
-4.440991673618555069e-03
-4.507781192660331726e-02
-5.061554163694381714e-02
-1.012402470223605633e-03
-1.131520140916109085e-02
-1.829361356794834137e-02
-3.285257844254374504e-03
-1.495756395161151886e-02
3.216621000319719315e-03
3.770672483369708061e-03
-2.200772240757942200e-02
-1.122005954384803772e-01
1.661227270960807800e-02
-2.606270648539066315e-02
1.733857061481103301e-05
5.558776203542947769e-03
-4.275343671906739473e-04
-1.387658063322305679e-02
8.004231494851410389e-04
-1.543371938169002533e-03
-1.771195419132709503e-02
-2.783478407764050644e-07
2.807288058102130890e-02
6.560347974300384521e-02
5.722953379154205322e-02
-7.536853663623332977e-03
-9.361004829406738281e-02
5.351195111870765686e-02
6.623747944831848145e-02
2.699411101639270782e-02
-5.719415470957756042e-02
-7.849854230880737305e-02
-2.160199172794818878e-02
-5.768548305695730960e-08
-1.453734934329986572e-03
3.319951146841049194e-02
-6.088925153017044067e-02
9.209092706441879272e-02
-6.720616947859525681e-03
-2.698281034827232361e-02
-1.423222215635178145e-07
-6.140001863241195679e-02
8.159302175045013428e-02
7.202672213315963745e-02
3.689059242606163025e-02
2.115075010806322098e-03
6.609756965190172195e-03
9.167562425136566162e-02
6.393043696880340576e-02
4.039938002824783325e-02
1.848390251398086548e-01
-1.085599586367607117e-01
-1.084747236745897681e-05
3.196085989475250244e-02
-5.665241926908493042e-02
-1.605983451008796692e-02
7.560256563010625541e-07
-3.506268188357353210e-02
8.787624778960889671e-07
9.514063596725463867e-03
2.686828188598155975e-02
-7.010851521044969559e-03
-1.298738206969574094e-04
-1.211808761581778526e-03
-1.731540635228157043e-02
-1.220603436231613159e-01
8.226706087589263916e-02
1.282255817204713821e-02
-3.291518951300531626e-04
5.819830670952796936e-02
-7.182971444308350328e-07
-1.621360704302787781e-02
-1.091025955975055695e-02
-4.486542567610740662e-02
2.422683499753475189e-02
-1.417908817529678345e-02
3.578716132324188948e-07
1.183717790991067886e-02
2.173856645822525024e-02
5.079118534922599792e-02
2.869098447263240814e-02
-1.461080182343721390e-02
1.399839576333761215e-02
2.527367509901523590e-02
-2.565483748912811279e-02
5.176274850964546204e-02
2.627200323956913053e-08
-6.814151420257985592e-04
-1.094741839915513992e-02
-7.941959053277969360e-02
-1.639010012149810791e-02
-4.815278202295303345e-02
5.074033106211572886e-05
2.484185248613357544e-02
2.747974358499050140e-02
5.392160639166831970e-02
-9.122161281993612647e-05
-1.093695461750030518e-01
-3.654698608443140984e-03
-5.242422595620155334e-02
7.512500882148742676e-02
-3.490427508950233459e-02
5.153037108129865373e-08
8.259675610133854207e-07
5.312635563313961029e-03
-4.129622131586074829e-03
-3.999255225062370300e-02
6.107674539089202881e-02
3.304018080234527588e-02
-3.193278238177299500e-02
3.816334903240203857e-02
-4.710226505994796753e-02
-4.557717964053153992e-02
-7.922376692295074463e-02
-3.807264938950538635e-02
-6.304075568914413452e-02
-2.315670438110828400e-02
-2.408883534371852875e-02
1.334643736481666565e-02
8.043436706066131592e-02
3.056036308407783508e-02
3.388661891222000122e-02
5.618308205157518387e-03
3.944614157080650330e-02
7.368225604295730591e-03
7.299852371215820312e-02
-5.393050611019134521e-02
-9.513512998819351196e-02
-5.986231938004493713e-02
2.382991462945938110e-01
-3.460317850112915039e-02
-2.128127962350845337e-02
6.185425445437431335e-05
6.242595613002777100e-03
-2.871268242597579956e-02
-1.183143258094787598e-02
2.031579464673995972e-01
-3.629564493894577026e-02
3.063991479575634003e-02
-3.333444939926266670e-03
-6.838251650333404541e-02
1.278897188603878021e-02
5.561476200819015503e-02
-1.186048734780342784e-06
-2.646296657621860504e-02
-3.460608050227165222e-02
1.016362756490707397e-01
4.559494182467460632e-02
2.958398312330245972e-03
6.859222892671823502e-03
-2.612341195344924927e-02
1.726636476814746857e-02
-1.667598634958267212e-02
-1.193867530673742294e-02
7.024940487099229358e-07
2.930328994989395142e-02
2.347632497549057007e-02
-1.739116013050079346e-02
8.457616902887821198e-03
-7.394486106932163239e-03
-6.856986321508884430e-03
1.829279819503426552e-03
-7.119408994913101196e-02
-2.359487349167466164e-03
-2.752564474940299988e-02
2.628310117870569229e-03
-1.837620586156845093e-01
-1.347427070140838623e-01
1.855592199717648327e-05
7.642806973308324814e-03
5.210297554731369019e-02
2.154982325919263531e-07
1.879680603742599487e-01
-3.888367849924634356e-09
-6.274610757827758789e-03
5.829618126153945923e-02
1.922514103353023529e-02
-2.233337312936782837e-01
3.017387352883815765e-02
6.293753534555435181e-02
3.438383340835571289e-02
2.360283210873603821e-02
-7.524155825376510620e-02
-2.388611619608127512e-06
1.151405647397041321e-01
-5.156926065683364868e-02
7.023329287767410278e-02
3.553105518221855164e-03
-6.475696805864572525e-03
-6.962403422221541405e-04
-4.559087753295898438e-02
4.112847149372100830e-03
2.904856391251087189e-02
7.878527790307998657e-02
3.720506653189659119e-02
-8.009126409888267517e-03
-1.214968413114547729e-02
-7.525832857936620712e-03
-9.331565350294113159e-03
-1.607503741979598999e-02
2.282130867242813110e-01
4.710458964109420776e-02
2.118493057787418365e-02
2.099642753601074219e-01
-1.149296946823596954e-02
3.233053721487522125e-03
1.013277936726808548e-02
2.321770414710044861e-02
3.250936418771743774e-02
-7.098834961652755737e-02
2.524822391569614410e-02
-1.643785857595503330e-03
3.538042679429054260e-02
-2.636637538671493530e-02
-2.678425796329975128e-02
-4.413374335854314268e-05
-8.655109442770481110e-03
3.966310992836952209e-02
7.965113967657089233e-03
-5.388981848955154419e-02
4.023808240890502930e-02
-1.260619461536407471e-01
1.408711541444063187e-02
-2.640261873602867126e-02
-3.511906787753105164e-02
