1.946275979280471802e-01
2.600701749324798584e-01
2.029393315315246582e-01
1.747276932001113892e-01
2.215202748775482178e-01
1.995391249656677246e-01
2.639636695384979248e-01
2.499502301216125488e-01
2.342310845851898193e-01
2.071595042943954468e-01
2.172063589096069336e-01
2.479426562786102295e-01
2.861256599426269531e-01
2.638761997222900391e-01
2.448126226663589478e-01
2.768373489379882812e-01
1.861957758665084839e-01
2.633361220359802246e-01
2.422862201929092407e-01
1.849706321954727173e-01
2.633046805858612061e-01
2.455349862575531006e-01
2.833116054534912109e-01
2.693183124065399170e-01
2.729420661926269531e-01
2.790901362895965576e-01
2.744462788105010986e-01
2.200628966093063354e-01
2.304474562406539917e-01
2.119017392396926880e-01
2.682076394557952881e-01
2.393185496330261230e-01
2.065117806196212769e-01
2.103331238031387329e-01
1.801842004060745239e-01
2.135951370000839233e-01
2.189808338880538940e-01
2.243447750806808472e-01
2.371142357587814331e-01
2.138862907886505127e-01
2.045984566211700439e-01
2.208596467971801758e-01
1.993959248065948486e-01
2.090643942356109619e-01
2.017536759376525879e-01
2.023240923881530762e-01
2.911285758018493652e-01
2.255588620901107788e-01
2.193789482116699219e-01
1.831248551607131958e-01
2.852321565151214600e-01
2.344447821378707886e-01
3.127829432487487793e-01
2.464275509119033813e-01
2.380338758230209351e-01
2.306900173425674438e-01
1.978779435157775879e-01
2.267397493124008179e-01
2.336829751729965210e-01
2.340896129608154297e-01
2.802209854125976562e-01
1.646598279476165771e-01
2.802714705467224121e-01
2.406814396381378174e-01
2.041644603013992310e-01
3.024250268936157227e-01
2.113610208034515381e-01
2.267105728387832642e-01
1.882931143045425415e-01
2.826521694660186768e-01
2.214722037315368652e-01
2.314710170030593872e-01
2.329900711774826050e-01
2.286547422409057617e-01
2.992044985294342041e-01
2.436524480581283569e-01
2.397517114877700806e-01
2.679947018623352051e-01
2.351512163877487183e-01
2.196033149957656860e-01
2.742802798748016357e-01
2.032231539487838745e-01
2.106519937515258789e-01
2.373244166374206543e-01
2.053664475679397583e-01
2.627046108245849609e-01
2.569905519485473633e-01
2.678788602352142334e-01
2.402351200580596924e-01
2.196206450462341309e-01
2.358862906694412231e-01
2.219014167785644531e-01
2.065097540616989136e-01
2.144749611616134644e-01
1.936597675085067749e-01
2.652134299278259277e-01
1.710502356290817261e-01
2.656075358390808105e-01
2.181399762630462646e-01
1.799096912145614624e-01
2.528322339057922363e-01
2.552461624145507812e-01
1.657462865114212036e-01
2.553162872791290283e-01
2.601924538612365723e-01
2.551574409008026123e-01
1.868260353803634644e-01
2.029737532138824463e-01
1.685193628072738647e-01
2.601845562458038330e-01
2.258411496877670288e-01
2.057120651006698608e-01
2.460431307554244995e-01
1.816726326942443848e-01
2.335464060306549072e-01
2.478215247392654419e-01
2.260247319936752319e-01
2.288063317537307739e-01
2.434881776571273804e-01
2.234341651201248169e-01
2.225999832153320312e-01
2.390746772289276123e-01
1.664277017116546631e-01
2.758719921112060547e-01
2.845611870288848877e-01
3.009620606899261475e-01
2.254046499729156494e-01
1.892476379871368408e-01
2.444844394922256470e-01
2.193884402513504028e-01
2.522771060466766357e-01
2.271415293216705322e-01
2.226927727460861206e-01
1.839044392108917236e-01
3.044202923774719238e-01
2.193921208381652832e-01
2.243374288082122803e-01
2.795084118843078613e-01
2.474785745143890381e-01
2.450812309980392456e-01
2.267053276300430298e-01
2.361888289451599121e-01
1.989292502403259277e-01
2.099448889493942261e-01
2.307117879390716553e-01
1.967210173606872559e-01
2.383455038070678711e-01
2.767271399497985840e-01
2.447629123926162720e-01
2.679293155670166016e-01
2.379373311996459961e-01
2.292822450399398804e-01
2.975910305976867676e-01
2.862331271171569824e-01
3.136713802814483643e-01
2.089060395956039429e-01
2.369798719882965088e-01
2.605204582214355469e-01
2.073399871587753296e-01
2.612725198268890381e-01
2.536343336105346680e-01
1.896908581256866455e-01
2.381296008825302124e-01
1.993898302316665649e-01
2.133456021547317505e-01
2.054316103458404541e-01
2.238696664571762085e-01
2.938984930515289307e-01
2.419851124286651611e-01
1.750814169645309448e-01
2.585383951663970947e-01
2.713670730590820312e-01
2.666205465793609619e-01
2.221876829862594604e-01
2.338231354951858521e-01
1.448329985141754150e-01
2.367480546236038208e-01
2.190989553928375244e-01
2.260871082544326782e-01
2.478521019220352173e-01
1.759133338928222656e-01
2.141748368740081787e-01
1.761059612035751343e-01
1.972920000553131104e-01
2.790744602680206299e-01
2.643100023269653320e-01
2.254849076271057129e-01
2.504599094390869141e-01
2.510432600975036621e-01
2.321396470069885254e-01
2.263033837080001831e-01
2.526770830154418945e-01
3.157078623771667480e-01
2.556875944137573242e-01
2.281266301870346069e-01
2.543098330497741699e-01
2.324826121330261230e-01
2.175887823104858398e-01
1.626516282558441162e-01
2.373859286308288574e-01
2.041262388229370117e-01
2.546939253807067871e-01
2.004683166742324829e-01
1.941108256578445435e-01
2.860702574253082275e-01
2.708792686462402344e-01
1.976111829280853271e-01
2.113090455532073975e-01
2.182258516550064087e-01
2.613800168037414551e-01
2.775898277759552002e-01
2.540038526058197021e-01
2.101695686578750610e-01
2.362885922193527222e-01
2.580930590629577637e-01
2.749367058277130127e-01
3.118048012256622314e-01
2.595036327838897705e-01
1.762085109949111938e-01
2.610451281070709229e-01
2.944556474685668945e-01
1.841518431901931763e-01
2.027201056480407715e-01
2.073032706975936890e-01
2.359955459833145142e-01
2.402005493640899658e-01
1.845876872539520264e-01
2.014811336994171143e-01
2.305987775325775146e-01
2.678933143615722656e-01
2.339518666267395020e-01
2.845616936683654785e-01
2.296217381954193115e-01
2.181448042392730713e-01
2.512712776660919189e-01
2.514072656631469727e-01
1.995263546705245972e-01
2.275293469429016113e-01
2.484155148267745972e-01
2.218282520771026611e-01
2.879313528537750244e-01
2.341259568929672241e-01
1.724456399679183960e-01
2.399250119924545288e-01
2.206759601831436157e-01
2.462472766637802124e-01
2.464610785245895386e-01
2.051034122705459595e-01
1.957219243049621582e-01
2.107631266117095947e-01
2.571392059326171875e-01
1.861500591039657593e-01
2.052954286336898804e-01
2.409686148166656494e-01
2.300611883401870728e-01
2.456867098808288574e-01
