3.297251090407371521e-02
7.785061001777648926e-02
8.095989003777503967e-03
1.175258308649063110e-01
1.063202857039868832e-03
4.093092307448387146e-02
4.765885695815086365e-02
5.040431767702102661e-02
3.489609807729721069e-02
2.632754296064376831e-02
4.455737397074699402e-02
2.679808810353279114e-02
2.482090890407562256e-02
1.045979931950569153e-02
8.548170328140258789e-02
2.066843584179878235e-02
2.730935253202915192e-02
3.771765902638435364e-02
2.161573804914951324e-02
3.522974625229835510e-02
4.028151184320449829e-02
1.830313727259635925e-02
5.286641350382703664e-13
4.738032611650150328e-14
7.101944833993911743e-02
1.558618578201276250e-06
3.235143050551414490e-02
5.413080099970102310e-03
3.479574248194694519e-02
3.506377711892127991e-02
3.029134869575500488e-02
4.970062524080276489e-02
7.996109127998352051e-02
1.186644309200346470e-03
4.956953972578048706e-02
7.228779047727584839e-02
6.068032234907150269e-02
2.953116782009601593e-02
1.134594231843948364e-01
3.233168274164199829e-02
2.978800563141703606e-03
7.282122224569320679e-02
6.757847964763641357e-02
7.326111942529678345e-02
4.022219032049179077e-02
2.185745889837775735e-10
6.953769177198410034e-02
7.693713530898094177e-03
5.199971608817577362e-03
1.850811392068862915e-02
4.655353724956512451e-02
3.232511505484580994e-02
3.517789900521484103e-13
1.711615361273288727e-02
4.067209362983703613e-02
2.846901677548885345e-02
1.723584020510315895e-03
2.549249306321144104e-02
5.791260302066802979e-02
5.636176094412803650e-02
1.664542406797409058e-02
3.236821666359901428e-02
2.774298377335071564e-02
2.493931725621223450e-02
2.009391459646681088e-13
9.377790242433547974e-02
2.452100813388824463e-02
3.228425234556198120e-02
1.276531908661127090e-02
5.881176888942718506e-02
5.625124555081129074e-03
1.506998844290341477e-12
8.510661125183105469e-02
7.726022601127624512e-02
9.995462000370025635e-02
9.853229857981204987e-03
2.848436452040914446e-05
2.221482805907726288e-02
3.686510026454925537e-02
2.891187183558940887e-02
7.795455306768417358e-02
6.774999201297760010e-02
7.237830758094787598e-02
6.551522657716191134e-10
1.152122542262077332e-01
5.229107290506362915e-02
2.881731279194355011e-02
6.949660709106367240e-14
2.607475966215133667e-02
1.400479667131027117e-13
1.162204965949058533e-01
7.996716536581516266e-03
5.754347518086433411e-02
1.415662118233740330e-04
1.197535544633865356e-03
8.773435838520526886e-03
1.468264404684305191e-02
1.850093714892864227e-02
2.788626216351985931e-02
4.447605460882186890e-02
5.414349958300590515e-02
6.459448861212413462e-13
8.384402096271514893e-02
1.399744395166635513e-02
6.144723668694496155e-02
9.784924238920211792e-02
5.166199523955583572e-03
9.234580331321518010e-13
3.687823191285133362e-02
6.759824603796005249e-02
6.463422626256942749e-02
4.828843101859092712e-02
5.249261483550071716e-02
4.282225295901298523e-02
3.959462512284517288e-03
4.211948812007904053e-02
6.268850713968276978e-02
5.407389217382957414e-14
5.276636779308319092e-02
8.782336860895156860e-02
4.326615855097770691e-02
6.093911360949277878e-03
5.371133610606193542e-02
2.035560342505959852e-08
5.419857800006866455e-02
3.795898333191871643e-02
1.863225176930427551e-02
9.718645515022217296e-07
1.230861246585845947e-02
5.274967104196548462e-02
1.034421995282173157e-01
1.586426794528961182e-02
2.811148390173912048e-02
1.354990338681139050e-12
2.274317019435034837e-11
4.284726455807685852e-02
2.129279449582099915e-02
5.677847191691398621e-03
7.546969503164291382e-02
1.989862183108925819e-03
5.380537360906600952e-03
6.036295741796493530e-02
2.549933642148971558e-02
2.732696011662483215e-02
1.280598528683185577e-02
7.133054733276367188e-02
6.649382412433624268e-02
3.917891904711723328e-02
1.262444164603948593e-02
1.487054675817489624e-02
2.371916547417640686e-02
5.245784763246774673e-03
1.326318457722663879e-02
8.829928934574127197e-03
1.010231953114271164e-02
2.686022594571113586e-02
1.296315062791109085e-02
5.021594930440187454e-03
4.876400902867317200e-02
1.939656399190425873e-02
4.318306222558021545e-02
6.769547611474990845e-02
1.448679994791746140e-02
3.561744987964630127e-01
2.917787991464138031e-03
3.012723289430141449e-02
1.020633615553379059e-02
1.874061487615108490e-02
9.860470890998840332e-02
2.142046950757503510e-02
1.392591092735528946e-02
4.167231544852256775e-02
2.670057117938995361e-03
7.615759503096342087e-03
2.330251269722083407e-10
1.322691515088081360e-02
4.507753998041152954e-02
3.139974549412727356e-02
2.970883063971996307e-02
7.682528346776962280e-02
1.889499463140964508e-02
2.024178020656108856e-02
6.093006208539009094e-02
1.827871194109320641e-03
6.201824918389320374e-02
1.027907099715452688e-11
5.549565330147743225e-02
4.693370312452316284e-02
4.264086857438087463e-02
1.159646064043045044e-01
1.510418802499771118e-01
4.953792691230773926e-02
9.445881843566894531e-02
4.033269360661506653e-02
5.156197119504213333e-03
1.776386611163616180e-02
7.992006838321685791e-02
1.254004519432783127e-02
2.179618738591670990e-02
1.333630872402125078e-09
7.981172949075698853e-02
3.310433402657508850e-02
1.461535292747104253e-13
5.555159226059913635e-02
5.895900900745182360e-14
2.413557469844818115e-02
1.547123398631811142e-02
8.624328300356864929e-03
3.608010709285736084e-02
4.111780971288681030e-02
4.646361619234085083e-02
1.542942412197589874e-02
3.130887169390916824e-03
2.952305600047111511e-02
4.067003244595523981e-12
6.204936280846595764e-02
2.159844152629375458e-02
2.460530772805213928e-02
3.993882983922958374e-02
3.218431025743484497e-02
2.392037510871887207e-01
5.555346142500638962e-03
1.552171306684613228e-03
8.985290676355361938e-02
7.350373547524213791e-03
7.443413883447647095e-02
8.658020198345184326e-02
2.171348221600055695e-02
4.586033523082733154e-02
4.293962195515632629e-02
8.021134417504072189e-04
5.293600261211395264e-02
1.931587792932987213e-02
5.224935710430145264e-02
5.037563666701316833e-02
6.729953736066818237e-02
3.725247085094451904e-02
3.079217672348022461e-01
1.189569663256406784e-02
4.219806287437677383e-03
1.240825373679399490e-02
1.963412389159202576e-02
1.111413016915321350e-01
7.898174971342086792e-02
9.403199702501296997e-02
6.952730566263198853e-02
6.914589789630554151e-08
1.284651178866624832e-02
3.911994397640228271e-02
1.523718331009149551e-02
4.109195247292518616e-02
9.536578506231307983e-02
3.373263403773307800e-02
4.729675129055976868e-02
8.689752966165542603e-02
2.253691852092742920e-02
