9.631695225834846497e-03
2.409484386444091797e-01
1.293176710605621338e-01
7.042271643877029419e-02
1.205350086092948914e-01
9.395622462034225464e-02
1.082615703344345093e-01
1.032790616154670715e-01
1.610944122076034546e-01
8.832145482301712036e-02
9.572363644838333130e-02
1.532525569200515747e-01
1.037834733724594116e-01
1.258374601602554321e-01
7.849223166704177856e-02
1.468965709209442139e-01
4.694366827607154846e-02
1.117062121629714966e-01
6.224148720502853394e-02
1.475960463285446167e-01
2.307541966438293457e-01
1.299309432506561279e-01
5.598799139261245728e-02
1.750531047582626343e-01
1.366610080003738403e-01
8.970580250024795532e-02
7.503824681043624878e-02
6.786399334669113159e-02
8.899041265249252319e-02
8.951320499181747437e-02
1.025696545839309692e-01
1.139933839440345764e-01
1.106580793857574463e-01
6.006230413913726807e-02
1.326265782117843628e-01
1.151964664459228516e-01
1.472748517990112305e-01
6.922764331102371216e-02
3.750162199139595032e-02
1.715909689664840698e-01
1.672368645668029785e-01
1.019862219691276550e-01
7.999452948570251465e-02
1.621389240026473999e-01
2.049003243446350098e-01
8.450818806886672974e-02
4.284640401601791382e-02
1.401037871837615967e-01
1.773712933063507080e-01
8.135285973548889160e-02
8.460392802953720093e-02
8.765653520822525024e-02
1.817948818206787109e-01
1.112933605909347534e-01
3.114552982151508331e-02
-6.505815684795379639e-02
1.635642051696777344e-01
1.662718653678894043e-01
1.116804406046867371e-01
1.472773551940917969e-01
2.054992020130157471e-01
8.304404467344284058e-02
1.006852164864540100e-01
1.045988127589225769e-01
1.664669066667556763e-01
1.118865311145782471e-01
1.565251052379608154e-01
9.958223998546600342e-02
8.068011701107025146e-02
1.026042699813842773e-01
7.136606425046920776e-02
6.168388202786445618e-02
7.483036816120147705e-02
2.023458294570446014e-02
2.731882929801940918e-01
6.788690388202667236e-02
9.573893249034881592e-02
1.260477900505065918e-01
9.728281944990158081e-02
7.111094892024993896e-02
8.285543322563171387e-02
1.744661778211593628e-01
9.905308485031127930e-02
6.602402031421661377e-02
1.056817695498466492e-01
1.043021678924560547e-01
8.278199285268783569e-02
1.453353613615036011e-01
8.728263527154922485e-02
6.485836207866668701e-02
5.400140210986137390e-02
7.335987687110900879e-02
5.651351064443588257e-02
6.384593248367309570e-02
6.213603913784027100e-02
1.527665406465530396e-01
1.046833619475364685e-01
1.031143516302108765e-01
1.575766801834106445e-01
1.062440276145935059e-01
8.827116340398788452e-02
1.667572855949401855e-01
1.007057949900627136e-01
-1.348154433071613312e-02
5.415132641792297363e-02
1.009250730276107788e-01
1.854484230279922485e-01
1.350246816873550415e-01
8.298376202583312988e-02
1.545648723840713501e-01
1.385127305984497070e-01
1.368373632431030273e-01
1.381309330463409424e-01
4.283983632922172546e-02
5.870093777775764465e-02
6.424595415592193604e-02
1.570336669683456421e-01
9.454359114170074463e-02
6.040960922837257385e-02
1.099124699831008911e-01
2.747825086116790771e-01
8.714000135660171509e-02
1.407062411308288574e-01
-6.069360673427581787e-02
-4.659198224544525146e-02
1.114339604973793030e-01
1.545923054218292236e-01
1.242717206478118896e-01
5.946172028779983521e-02
1.063203737139701843e-01
5.402044206857681274e-02
9.456628561019897461e-02
6.973982602357864380e-02
1.293278485536575317e-01
7.058427482843399048e-02
1.092161759734153748e-01
8.248990774154663086e-02
6.901821494102478027e-02
4.370230063796043396e-02
9.064561873674392700e-02
1.054720804095268250e-01
1.017146930098533630e-01
1.184296309947967529e-01
8.810114115476608276e-02
1.545113623142242432e-01
1.965963691473007202e-01
1.463762074708938599e-01
1.927888691425323486e-01
9.363327920436859131e-02
8.026163280010223389e-02
1.186651960015296936e-01
6.380389630794525146e-02
1.239314600825309753e-01
5.395425111055374146e-02
1.164537519216537476e-01
1.134287044405937195e-01
1.046018302440643311e-01
1.890961676836013794e-01
6.420212239027023315e-02
1.416472643613815308e-01
1.103178784251213074e-01
1.406370997428894043e-01
7.008690387010574341e-02
1.230401024222373962e-01
9.352218359708786011e-02
1.643424034118652344e-01
1.066314280033111572e-01
1.638473123311996460e-01
5.511792749166488647e-02
4.874865338206291199e-02
9.845622628927230835e-02
6.178698316216468811e-02
2.029343396425247192e-01
1.065802648663520813e-01
1.813080757856369019e-01
-8.222321979701519012e-03
1.208890378475189209e-01
1.199710443615913391e-01
3.086436167359352112e-02
6.516732275485992432e-02
8.148563653230667114e-02
1.381639391183853149e-01
9.871231019496917725e-02
7.899535447359085083e-02
9.396374225616455078e-02
7.712073624134063721e-02
7.346015423536300659e-02
6.456671655178070068e-02
1.608396321535110474e-01
1.180560067296028137e-01
6.627704948186874390e-02
1.144645363092422485e-01
8.175333589315414429e-02
1.280668824911117554e-01
9.054007381200790405e-02
3.804364427924156189e-02
8.637726306915283203e-02
5.386654287576675415e-02
1.108975112438201904e-01
2.417400628328323364e-01
9.422053396701812744e-02
1.742125749588012695e-01
1.087426766753196716e-01
5.621749907732009888e-02
1.084394305944442749e-01
1.894968897104263306e-01
1.755912043154239655e-02
1.590731889009475708e-01
7.413750886917114258e-02
1.446356773376464844e-01
1.775517016649246216e-01
7.094731181859970093e-02
7.235014438629150391e-02
1.853862255811691284e-01
6.974621117115020752e-02
1.051705777645111084e-01
1.566476523876190186e-01
1.441902816295623779e-01
9.260223060846328735e-02
1.816108673810958862e-01
2.726270258426666260e-02
1.713299304246902466e-01
7.539262622594833374e-02
1.421547532081604004e-01
9.352339804172515869e-02
1.670394986867904663e-01
1.913428008556365967e-01
1.894232183694839478e-01
6.145093217492103577e-02
1.735868901014328003e-01
8.583658933639526367e-02
1.046698689460754395e-01
1.279502660036087036e-01
1.831313371658325195e-01
5.250152572989463806e-02
2.000640183687210083e-01
1.913117766380310059e-01
5.581391602754592896e-02
8.034986257553100586e-02
1.200219094753265381e-01
1.481130272150039673e-01
7.034431397914886475e-02
1.450739204883575439e-01
1.585298776626586914e-01
9.396246820688247681e-02
1.286190003156661987e-01
6.952229887247085571e-02
7.135544717311859131e-02
1.535853277891874313e-02
8.349833637475967407e-02
1.266620457172393799e-01
1.365936398506164551e-01
1.478127986192703247e-01
2.204198539257049561e-01
8.473077416419982910e-02
6.295553594827651978e-02
7.080665975809097290e-02
8.165337145328521729e-02
1.656290292739868164e-01
1.603580862283706665e-01
7.539632171392440796e-02
1.206420287489891052e-01
1.360679119825363159e-01
1.054969653487205505e-01
1.612626612186431885e-01
6.792074441909790039e-02
5.221749469637870789e-02
1.518392115831375122e-01
1.043184921145439148e-01
2.118453085422515869e-01
1.246802583336830139e-01
6.066146865487098694e-02
1.118566542863845825e-01
1.079295724630355835e-01
5.307640135288238525e-02
8.562549203634262085e-02
6.280081719160079956e-02
1.544770896434783936e-01
1.423851698637008667e-01
6.934925913810729980e-02
2.178388684988021851e-01
6.769132614135742188e-02
8.412326127290725708e-02
7.618676126003265381e-02
7.097277790307998657e-02
9.760951995849609375e-02
1.294869631528854370e-01
1.401330977678298950e-01
1.035062670707702637e-01
1.190312281250953674e-01
9.179438650608062744e-02
1.250634044408798218e-01
4.696530848741531372e-02
6.739148497581481934e-02
1.898276656866073608e-01
1.495472788810729980e-01
9.811649471521377563e-02
5.274988710880279541e-02
7.989745587110519409e-02
1.136444658041000366e-01
1.430901736021041870e-01
1.861300170421600342e-01
1.572763770818710327e-01
5.897125601768493652e-02
1.305134296417236328e-01
1.207866370677947998e-01
1.703471839427947998e-01
8.830251544713973999e-02
1.848798096179962158e-01
1.386416554450988770e-01
6.701638549566268921e-02
1.521969139575958252e-01
5.202701687812805176e-02
1.468998342752456665e-01
-3.007778152823448181e-02
1.469130218029022217e-01
1.828268915414810181e-01
1.710069030523300171e-01
1.199778616428375244e-01
1.224559023976325989e-01
1.859332472085952759e-01
1.831554323434829712e-01
1.421574205160140991e-01
2.027150690555572510e-01
9.644878655672073364e-02
8.873642981052398682e-02
1.178717315196990967e-01
1.821299791336059570e-01
1.326301246881484985e-01
1.747852414846420288e-01
7.501928508281707764e-02
9.632357209920883179e-02
6.776001304388046265e-02
7.509573549032211304e-02
6.267676502466201782e-02
9.106055647134780884e-02
1.571714133024215698e-01
1.587005853652954102e-01
1.181107908487319946e-01
4.893737658858299255e-02
1.730436235666275024e-01
1.039291098713874817e-01
1.244283095002174377e-01
1.425303071737289429e-01
9.059987962245941162e-02
1.116539686918258667e-01
7.054444402456283569e-02
7.663640379905700684e-02
5.264757201075553894e-02
1.603327244520187378e-01
9.450221806764602661e-02
1.177710592746734619e-01
7.088096439838409424e-02
1.072372272610664368e-01
1.064037457108497620e-01
1.325628906488418579e-01
1.323404610157012939e-01
1.608029305934906006e-01
4.415575414896011353e-03
-1.367300865240395069e-03
1.502731144428253174e-01
5.681087076663970947e-02
5.307993292808532715e-02
1.179172471165657043e-01
7.169757038354873657e-02
1.770606637001037598e-01
1.346570998430252075e-01
1.392271071672439575e-01
1.085710376501083374e-01
6.451062858104705811e-02
1.440929919481277466e-01
1.618331968784332275e-01
1.370565146207809448e-01
1.327179372310638428e-01
8.993323892354965210e-02
7.789561152458190918e-02
4.805229976773262024e-02
9.968436509370803833e-02
6.662476062774658203e-02
1.716781854629516602e-01
1.175766140222549438e-01
1.052715405821800232e-01
9.083954989910125732e-02
1.153241097927093506e-01
1.772821247577667236e-01
6.222883984446525574e-02
1.256178617477416992e-01
8.355316519737243652e-02
-6.064855307340621948e-02
8.607874065637588501e-02
6.850501149892807007e-02
6.893865019083023071e-02
1.232056394219398499e-01
1.300609111785888672e-01
1.347688585519790649e-01
7.628162205219268799e-02
1.115260347723960876e-01
1.460074037313461304e-01
1.477518379688262939e-01
6.623439490795135498e-02
1.465850323438644409e-01
9.655636548995971680e-02
1.411723941564559937e-01
4.742840304970741272e-02
1.042206510901451111e-01
2.193759381771087646e-01
1.509353518486022949e-01
7.587507367134094238e-02
5.941795185208320618e-02
6.564562767744064331e-02
6.500668823719024658e-02
1.015126034617424011e-01
1.068468242883682251e-01
1.000258475542068481e-01
9.926296025514602661e-02
3.551776707172393799e-02
2.095250338315963745e-01
1.501085460186004639e-01
1.776828765869140625e-01
1.455652862787246704e-01
1.542476564645767212e-01
9.057888388633728027e-02
1.074768155813217163e-01
9.531257301568984985e-02
1.111047640442848206e-01
1.936001032590866089e-01
1.375129222869873047e-01
1.001654267311096191e-01
1.694544404745101929e-01
8.138931542634963989e-02
8.347176760435104370e-02
1.231269314885139465e-01
1.488506942987442017e-01
8.054526150226593018e-02
1.723619550466537476e-01
4.164747893810272217e-02
5.491822957992553711e-02
1.460554003715515137e-01
1.040465235710144043e-01
1.087522059679031372e-01
6.006368622183799744e-02
1.612161248922348022e-01
8.006185293197631836e-02
7.855609059333801270e-02
4.243744909763336182e-02
5.589236691594123840e-02
8.461669087409973145e-02
-4.624807089567184448e-02
5.244154483079910278e-02
4.080606251955032349e-02
5.360847711563110352e-02
1.347426623106002808e-01
7.700201123952865601e-02
1.519836485385894775e-01
8.931441605091094971e-02
9.447068721055984497e-02
8.045442402362823486e-02
9.104391187429428101e-02
1.081847473978996277e-01
4.619905352592468262e-02
1.052745878696441650e-01
9.955153614282608032e-02
1.083037853240966797e-01
1.554791480302810669e-01
2.755076996982097626e-02
8.758751302957534790e-02
1.756274551153182983e-01
-2.379194460809230804e-02
7.437156885862350464e-02
1.262939274311065674e-01
1.230825856328010559e-01
1.446275264024734497e-01
1.551538556814193726e-01
7.709777355194091797e-02
5.299862846732139587e-02
7.329522073268890381e-02
1.062941923737525940e-01
9.716254472732543945e-02
8.523073047399520874e-02
1.109561100602149963e-01
1.202354505658149719e-01
1.537736654281616211e-01
2.110196202993392944e-01
8.766065537929534912e-02
1.914714276790618896e-01
1.289967745542526245e-01
6.968772411346435547e-02
-1.323317084461450577e-02
1.109455600380897522e-01
1.136616393923759460e-01
1.132381409406661987e-01
-6.599249690771102905e-02
8.689067512750625610e-02
1.824664473533630371e-01
-6.642164289951324463e-02
7.519766688346862793e-02
7.663367688655853271e-02
8.079691231250762939e-02
5.612136423587799072e-02
9.774435311555862427e-02
9.761638939380645752e-02
6.961164623498916626e-02
1.029025390744209290e-01
7.474414259195327759e-02
1.610126495361328125e-01
1.508663296699523926e-01
-6.954496726393699646e-03
7.580781728029251099e-02
9.850490093231201172e-02
6.537817418575286865e-02
4.248916357755661011e-02
9.823434799909591675e-02
9.352292865514755249e-02
1.098424494266510010e-01
7.248954474925994873e-02
2.481081336736679077e-01
1.037374958395957947e-01
1.230609416961669922e-01
1.587760299444198608e-01
1.370906531810760498e-01
1.809230595827102661e-01
6.248439103364944458e-02
1.780019253492355347e-01
9.631197154521942139e-02
1.155755445361137390e-01
1.583678573369979858e-01
1.377964615821838379e-01
1.302424818277359009e-01
7.007259130477905273e-02
1.967343986034393311e-01
7.883150875568389893e-02
1.383920758962631226e-01
8.911709487438201904e-02
7.095801830291748047e-02
1.874427795410156250e-01
6.509775668382644653e-02
6.281600892543792725e-02
1.459095031023025513e-01
1.569007486104965210e-01
1.391700506210327148e-01
8.831965178251266479e-02
6.173052266240119934e-02
1.017166227102279663e-01
1.177545860409736633e-01
7.094168663024902344e-02
1.573401838541030884e-01
1.404085606336593628e-01
-2.334537450224161148e-03
1.251815259456634521e-01
8.251056075096130371e-02
1.811473667621612549e-01
1.259061545133590698e-01
9.798206388950347900e-02
1.161739230155944824e-01
1.335297673940658569e-01
4.357713833451271057e-02
6.433174759149551392e-02
7.254965603351593018e-02
1.212279126048088074e-01
9.254665672779083252e-02
1.190456077456474304e-01
1.062414124608039856e-01
8.460162580013275146e-02
6.402695178985595703e-02
5.838799849152565002e-02
8.348308503627777100e-02
9.042511135339736938e-02
1.201331838965415955e-01
1.839664727449417114e-01
8.871717005968093872e-02
1.000832021236419678e-01
8.092622458934783936e-02
6.830012891441583633e-03
1.035744622349739075e-01
1.998377442359924316e-01
2.006223797798156738e-01
1.391857415437698364e-01
1.690993458032608032e-01
-4.725667834281921387e-02
8.826074749231338501e-02
4.813850671052932739e-02
1.034075394272804260e-01
4.362442716956138611e-02
7.429221272468566895e-02
1.493325382471084595e-01
9.638556838035583496e-02
1.124725639820098877e-01
1.130097657442092896e-01
8.541199564933776855e-02
5.347121506929397583e-02
7.604608684778213501e-02
3.284632787108421326e-02
7.712225615978240967e-02
6.671809405088424683e-02
1.522018015384674072e-01
5.851562693715095520e-02
2.064816281199455261e-02
4.249729961156845093e-02
1.482311040163040161e-01
1.110355406999588013e-01
1.264970600605010986e-01
7.384150475263595581e-02
1.104700192809104919e-01
1.098770499229431152e-01
9.318248927593231201e-02
1.815428137779235840e-01
6.376567482948303223e-02
1.278838068246841431e-01
5.983838066458702087e-02
1.202547326683998108e-01
6.969623267650604248e-02
9.667234867811203003e-02
6.748413294553756714e-02
9.314113855361938477e-02
1.653895080089569092e-01
1.563767939805984497e-01
1.524059027433395386e-01
8.245285600423812866e-02
1.278207749128341675e-01
7.602854818105697632e-02
1.715231686830520630e-01
1.388102620840072632e-01
7.958737760782241821e-02
1.049964576959609985e-01
1.656438559293746948e-01
1.208636015653610229e-01
6.350507587194442749e-02
1.254651695489883423e-01
1.016985401511192322e-01
1.026893407106399536e-01
1.530657708644866943e-01
7.001217454671859741e-02
1.058243960142135620e-01
8.966466039419174194e-02
6.465229392051696777e-02
7.898240536451339722e-02
1.713276207447052002e-01
6.177733466029167175e-02
1.283934265375137329e-01
6.471069157123565674e-02
9.093023836612701416e-02
1.305921971797943115e-01
9.748067706823348999e-02
6.870996952056884766e-02
8.820471167564392090e-02
1.186702698469161987e-01
9.720795601606369019e-02
7.620693743228912354e-02
1.699120104312896729e-01
1.228110939264297485e-01
8.199478685855865479e-02
1.445124894380569458e-01
1.362186372280120850e-01
1.689916700124740601e-01
1.446591168642044067e-01
7.199887186288833618e-02
4.060936346650123596e-02
1.012831032276153564e-01
1.288663446903228760e-01
1.098582148551940918e-01
1.201542094349861145e-01
9.438437968492507935e-02
4.398091509938240051e-02
1.290502250194549561e-01
8.219840377569198608e-02
8.451826870441436768e-02
1.505259424448013306e-01
1.107923239469528198e-01
1.061870306730270386e-01
8.632850646972656250e-02
6.661920994520187378e-02
1.804095059633255005e-01
1.721254140138626099e-01
1.940377205610275269e-01
1.030665710568428040e-01
1.757990270853042603e-01
1.506742686033248901e-01
2.427366673946380615e-01
4.381750244647264481e-03
1.120920851826667786e-01
7.756558805704116821e-02
1.437251120805740356e-01
8.973428606986999512e-02
1.184709146618843079e-01
5.836015567183494568e-02
-1.500890124589204788e-02
8.087402582168579102e-02
1.020208448171615601e-01
6.282561272382736206e-02
9.366047382354736328e-02
1.082054674625396729e-01
7.407461106777191162e-02
1.132017746567726135e-01
1.139697879552841187e-01
1.058364287018775940e-01
8.410704135894775391e-02
1.173356100916862488e-01
6.867808848619461060e-02
8.994523435831069946e-02
1.445685923099517822e-01
7.268299162387847900e-02
1.289991885423660278e-01
1.023769229650497437e-01
9.053869545459747314e-02
7.502173632383346558e-02
1.208204105496406555e-01
1.821366250514984131e-01
2.594157457351684570e-01
1.693049073219299316e-01
6.356216222047805786e-02
9.288036823272705078e-02
1.700093597173690796e-01
1.337198764085769653e-01
9.439889341592788696e-02
1.185025796294212341e-01
1.394340246915817261e-01
3.054456971585750580e-02
9.505500644445419312e-02
1.640633046627044678e-01
8.850193768739700317e-02
1.214952543377876282e-01
1.522097140550613403e-01
9.180085361003875732e-02
1.249982938170433044e-01
7.331869751214981079e-02
6.565599888563156128e-02
1.593666225671768188e-01
5.379193276166915894e-02
1.000189408659934998e-01
8.464193344116210938e-02
1.461495310068130493e-01
1.780952699482440948e-02
9.085330367088317871e-02
1.238713115453720093e-01
5.855851247906684875e-02
8.089933544397354126e-02
1.425473242998123169e-01
7.415765523910522461e-02
1.657642275094985962e-01
1.166750341653823853e-01
1.473788768053054810e-01
9.209492057561874390e-02
1.463398486375808716e-01
9.407196938991546631e-02
1.005483716726303101e-01
6.880405545234680176e-02
9.722521901130676270e-02
1.411720514297485352e-01
1.189545318484306335e-01
8.782432228326797485e-02
9.352497756481170654e-02
6.336583942174911499e-02
1.032891124486923218e-01
7.117933779954910278e-02
9.557869285345077515e-02
1.124371215701103210e-01
7.600482553243637085e-02
9.447370469570159912e-02
1.340033411979675293e-01
7.765686511993408203e-02
5.561282485723495483e-02
2.315146289765834808e-02
1.609663814306259155e-01
5.805604532361030579e-02
8.491874486207962036e-02
6.331862509250640869e-02
6.691943109035491943e-02
1.290943473577499390e-01
1.566360890865325928e-01
7.593120634555816650e-02
1.131981685757637024e-01
5.614629760384559631e-02
7.802878320217132568e-02
1.263058651238679886e-02
1.924449950456619263e-01
5.369426310062408447e-02
1.982853263616561890e-01
1.620774567127227783e-01
8.830114454030990601e-02
9.899370372295379639e-02
7.211210578680038452e-02
1.092779785394668579e-01
9.478730708360671997e-02
9.199977666139602661e-02
6.020073592662811279e-02
1.293890178203582764e-01
8.069644123315811157e-02
8.621433377265930176e-02
6.396720558404922485e-02
2.105738222599029541e-01
1.710643619298934937e-01
9.917043894529342651e-02
7.603336125612258911e-02
8.558215200901031494e-02
6.891886144876480103e-02
1.082912981510162354e-01
1.107571348547935486e-01
1.393359303474426270e-01
1.591764986515045166e-01
7.275453954935073853e-02
1.112300977110862732e-01
1.395191997289657593e-01
8.174256235361099243e-02
6.264923512935638428e-02
7.533665746450424194e-02
1.169515028595924377e-01
8.030381798744201660e-02
1.006285920739173889e-01
9.089393168687820435e-02
1.364661157131195068e-01
1.662065684795379639e-01
9.430058300495147705e-02
7.558061741292476654e-03
6.551481783390045166e-02
6.065311655402183533e-02
1.932085603475570679e-01
8.998924493789672852e-02
-6.814431864768266678e-03
1.658530384302139282e-01
6.684722006320953369e-02
6.618855148553848267e-02
5.668083205819129944e-02
1.076793149113655090e-01
1.341613233089447021e-01
5.502901226282119751e-02
8.023394644260406494e-02
5.640728399157524109e-02
1.727180480957031250e-01
1.359413266181945801e-01
1.955502778291702271e-01
9.006575495004653931e-02
6.946400552988052368e-02
7.538095116615295410e-02
6.011566147208213806e-02
6.400544196367263794e-02
9.478008002042770386e-02
8.391364663839340210e-02
2.243759483098983765e-01
8.275848627090454102e-02
1.558484435081481934e-01
1.235089972615242004e-01
7.341766357421875000e-02
8.200340718030929565e-02
1.333694253116846085e-02
5.564667657017707825e-02
1.497998237609863281e-01
1.043040454387664795e-01
8.945187181234359741e-02
1.847977042198181152e-01
9.797883778810501099e-02
1.793255954980850220e-01
1.627851724624633789e-01
1.791820973157882690e-01
-6.306110322475433350e-02
2.183703035116195679e-01
2.157689929008483887e-01
5.046722292900085449e-02
7.844816893339157104e-02
7.703780382871627808e-02
1.218960955739021301e-01
7.159190624952316284e-02
7.932110875844955444e-02
1.681485921144485474e-01
8.392517268657684326e-02
5.507920309901237488e-02
6.035085767507553101e-02
1.897585690021514893e-01
1.958114951848983765e-01
9.425408393144607544e-02
1.449066698551177979e-01
1.797281950712203979e-01
9.309821575880050659e-02
4.115222766995429993e-02
1.255297064781188965e-01
1.705010086297988892e-01
5.803825333714485168e-02
2.857564762234687805e-02
1.526501625776290894e-01
1.360186338424682617e-01
1.259570568799972534e-01
9.661554545164108276e-02
5.567640438675880432e-02
1.067688614130020142e-01
2.171879112720489502e-01
7.902500778436660767e-02
8.799012750387191772e-02
-6.038755923509597778e-02
6.803844869136810303e-02
6.603711843490600586e-02
5.893952772021293640e-02
9.320345520973205566e-02
7.477111369371414185e-02
2.026250511407852173e-01
8.575128018856048584e-02
2.192759364843368530e-01
1.718790829181671143e-01
8.998306095600128174e-02
9.855008125305175781e-02
7.593948394060134888e-02
7.914370298385620117e-02
7.909481227397918701e-02
7.762688398361206055e-02
1.092969551682472229e-01
-4.183918237686157227e-02
8.812265098094940186e-02
7.396061718463897705e-02
6.404926627874374390e-02
9.225765615701675415e-02
1.295416951179504395e-01
6.509676575660705566e-02
6.685308367013931274e-02
9.844147413969039917e-02
6.461661309003829956e-02
7.917311042547225952e-02
8.748017251491546631e-02
9.973754733800888062e-02
1.831690818071365356e-01
8.813986182212829590e-02
6.776663661003112793e-02
1.924986988306045532e-01
7.730807363986968994e-02
7.357840985059738159e-02
9.345195442438125610e-02
7.851011306047439575e-02
1.739180237054824829e-01
1.220531314611434937e-01
1.274159848690032959e-01
7.429186999797821045e-02
1.170283183455467224e-01
7.079149037599563599e-02
1.361984759569168091e-01
1.456492096185684204e-01
1.407174468040466309e-01
1.826327592134475708e-01
7.908875495195388794e-02
9.799624234437942505e-02
1.364331692457199097e-01
1.315825432538986206e-01
1.717015951871871948e-01
1.039702892303466797e-01
2.489833682775497437e-01
1.625539511442184448e-01
1.792697757482528687e-01
1.400572508573532104e-01
6.712790578603744507e-02
1.677692532539367676e-01
1.243449524044990540e-01
1.385674923658370972e-01
1.332157403230667114e-01
8.975218981504440308e-02
1.255716681480407715e-01
5.615892261266708374e-02
8.021052926778793335e-02
8.943333476781845093e-02
8.850140124559402466e-02
6.917805224657058716e-02
7.259806990623474121e-02
5.377766862511634827e-02
1.650444567203521729e-01
9.221174567937850952e-02
1.097893938422203064e-01
7.390697300434112549e-02
6.579130142927169800e-02
6.536687165498733521e-02
1.174969971179962158e-01
1.476369947195053101e-01
8.248946070671081543e-02
1.214992180466651917e-01
8.652302622795104980e-02
1.127134263515472412e-01
8.561582863330841064e-02
7.570232450962066650e-02
5.606703087687492371e-02
6.376959383487701416e-02
1.088334918022155762e-01
1.392738521099090576e-01
1.704147011041641235e-01
5.663828551769256592e-02
9.950100630521774292e-02
1.425451636314392090e-01
6.491709500551223755e-02
1.097269207239151001e-01
5.780572444200515747e-02
1.485309153795242310e-01
8.765784651041030884e-02
1.407694816589355469e-01
8.713177591562271118e-02
1.662025749683380127e-01
6.014927849173545837e-02
1.664979606866836548e-01
-1.055340003222227097e-02
1.910056173801422119e-01
5.216752737760543823e-02
1.383953988552093506e-01
3.006606698036193848e-01
6.882222741842269897e-02
1.946202367544174194e-01
7.213384658098220825e-02
9.345301240682601929e-02
1.296361982822418213e-01
6.883794069290161133e-02
8.276957273483276367e-02
1.748772710561752319e-01
7.006825506687164307e-02
6.425104290246963501e-02
8.682298660278320312e-02
1.474907398223876953e-01
1.473128348588943481e-01
9.358415752649307251e-02
9.911164641380310059e-02
1.880609542131423950e-01
8.766202628612518311e-02
1.605740189552307129e-01
1.342809498310089111e-01
1.494514942169189453e-01
9.409673511981964111e-02
1.586107760667800903e-01
4.513268545269966125e-02
9.757850319147109985e-02
5.120326951146125793e-02
1.534619927406311035e-01
1.258348673582077026e-01
1.064503937959671021e-01
6.201655045151710510e-02
