2.322350489691871189e-08
1.380536407232284546e-01
2.415503710508346558e-01
1.362677514553070068e-01
1.157740578055381775e-01
1.878934353590011597e-01
1.200487166643142700e-01
1.362469345331192017e-01
1.783680021762847900e-01
1.393409222364425659e-01
1.092356368899345398e-01
1.745238006114959717e-01
1.352466940879821777e-01
1.506402045488357544e-01
1.391157507896423340e-01
1.259635835886001587e-01
1.572801470756530762e-01
1.352655738592147827e-01
2.278108745813369751e-01
4.691324591021839296e-07
2.717521190643310547e-01
1.691347211599349976e-01
2.087697535753250122e-01
2.082259207963943481e-01
1.511689722537994385e-01
1.759403198957443237e-01
1.709892004728317261e-01
1.806036680936813354e-01
1.896766424179077148e-01
1.807177215814590454e-01
1.552568823099136353e-01
1.321747153997421265e-01
1.532791405916213989e-01
2.260113507509231567e-01
1.413021385669708252e-01
1.434969007968902588e-01
1.535422354936599731e-01
1.615745574235916138e-01
1.724328994750976562e-01
2.205694615840911865e-01
2.056100964546203613e-01
2.233143448829650879e-01
1.763547807931900024e-01
1.132020279765129089e-01
1.761220693588256836e-01
2.028486877679824829e-01
1.024727672338485718e-01
2.611821591854095459e-01
1.620851755142211914e-01
1.459690034389495850e-01
1.617037057876586914e-01
1.793552339076995850e-01
1.884219050407409668e-01
1.248146966099739075e-01
1.905859857797622681e-01
1.714843809604644775e-01
2.048442959785461426e-01
1.364512443542480469e-01
1.742273420095443726e-01
1.519810641184449196e-03
1.777467131614685059e-01
9.563942526824575907e-09
1.799255907535552979e-01
2.335097342729568481e-01
