1.799192726612091064e-01
1.604999452829360962e-01
1.783352941274642944e-01
2.057642042636871338e-01
1.696336716413497925e-01
1.841735541820526123e-01
1.896057575941085815e-01
1.804012656211853027e-01
1.933850497007369995e-01
1.577695608139038086e-01
2.079967558383941650e-01
1.694278419017791748e-01
1.915744990110397339e-01
1.874040663242340088e-01
1.914582848548889160e-01
1.740876287221908569e-01
1.861101686954498291e-01
1.983429789543151855e-01
1.571195423603057861e-01
1.737672090530395508e-01
1.989284157752990723e-01
1.917650252580642700e-01
2.507171332836151123e-01
1.985247582197189331e-01
2.672924995422363281e-01
2.015395909547805786e-01
1.865084767341613770e-01
1.704805046319961548e-01
1.489829570055007935e-01
1.482819616794586182e-01
2.135816812515258789e-01
1.862278729677200317e-01
2.223648726940155029e-01
1.555234044790267944e-01
2.088047862052917480e-01
2.230372726917266846e-01
1.967501938343048096e-01
2.046885937452316284e-01
1.893408745527267456e-01
2.631375491619110107e-01
2.627362608909606934e-01
1.734156161546707153e-01
1.242367401719093323e-01
2.152641266584396362e-01
1.686478108167648315e-01
1.457950323820114136e-01
1.808341592550277710e-01
1.640154719352722168e-01
2.165308147668838501e-01
2.036681026220321655e-01
1.303819417953491211e-01
2.111598700284957886e-01
2.024067789316177368e-01
2.059454321861267090e-01
1.898391097784042358e-01
2.016979604959487915e-01
2.587539851665496826e-01
2.188426107168197632e-01
2.253007143735885620e-01
1.664921641349792480e-01
1.293341368436813354e-01
1.915305554866790771e-01
1.620775163173675537e-01
1.937727183103561401e-01
2.010582536458969116e-01
2.077490538358688354e-01
1.975154280662536621e-01
1.982407569885253906e-01
1.696936190128326416e-01
1.678416877985000610e-01
2.290932387113571167e-01
1.478619724512100220e-01
1.788756698369979858e-01
1.988045722246170044e-01
1.554773449897766113e-01
2.126679569482803345e-01
1.735498011112213135e-01
1.963829696178436279e-01
1.735624969005584717e-01
2.242093533277511597e-01
1.794848293066024780e-01
1.817425340414047241e-01
1.719013154506683350e-01
1.855226010084152222e-01
1.769933849573135376e-01
1.576135158538818359e-01
1.541065722703933716e-01
1.983873546123504639e-01
2.344136983156204224e-01
2.018895447254180908e-01
2.194882482290267944e-01
1.835717707872390747e-01
1.986624300479888916e-01
1.909803748130798340e-01
2.011571377515792847e-01
1.697491258382797241e-01
1.727371364831924438e-01
1.793219298124313354e-01
2.071195095777511597e-01
1.913722455501556396e-01
2.501128911972045898e-01
1.883634626865386963e-01
1.887250691652297974e-01
1.950918734073638916e-01
2.128895074129104614e-01
2.243709713220596313e-01
1.790552586317062378e-01
1.999214738607406616e-01
2.044080793857574463e-01
1.940929591655731201e-01
1.926200538873672485e-01
1.958673298358917236e-01
1.805812865495681763e-01
1.630336493253707886e-01
2.154392898082733154e-01
1.731525510549545288e-01
2.303435057401657104e-01
2.440277636051177979e-01
1.516032963991165161e-01
1.595589667558670044e-01
1.556100845336914062e-01
1.868703365325927734e-01
2.628822922706604004e-01
2.113474160432815552e-01
1.618813127279281616e-01
1.587257683277130127e-01
1.845072954893112183e-01
1.731900721788406372e-01
1.778708994388580322e-01
1.950117051601409912e-01
2.191260606050491333e-01
1.859385073184967041e-01
1.843381226062774658e-01
1.633642017841339111e-01
1.895245164632797241e-01
2.074365615844726562e-01
1.899787485599517822e-01
1.853128373622894287e-01
2.091667801141738892e-01
1.943279653787612915e-01
1.716144680976867676e-01
2.213917672634124756e-01
1.908491104841232300e-01
1.776232123374938965e-01
1.514840871095657349e-01
2.557380199432373047e-01
1.530413627624511719e-01
1.435359120368957520e-01
1.908956170082092285e-01
1.779442578554153442e-01
1.918516606092453003e-01
1.912685483694076538e-01
1.884917467832565308e-01
2.085873931646347046e-01
1.790666878223419189e-01
1.656764298677444458e-01
2.025643289089202881e-01
1.308570206165313721e-01
1.823426038026809692e-01
1.708242446184158325e-01
1.615259945392608643e-01
2.153722196817398071e-01
1.942827552556991577e-01
1.827398538589477539e-01
1.934309601783752441e-01
1.686256378889083862e-01
1.739709675312042236e-01
1.768358200788497925e-01
1.883741617202758789e-01
1.395234763622283936e-01
1.693760901689529419e-01
1.249150186777114868e-01
1.983966827392578125e-01
2.558121979236602783e-01
1.817773878574371338e-01
1.458368152379989624e-01
2.029429078102111816e-01
2.143519669771194458e-01
1.988123357295989990e-01
1.615683585405349731e-01
1.437256485223770142e-01
2.796089351177215576e-01
2.465011477470397949e-01
1.809112131595611572e-01
2.151899188756942749e-01
2.141798287630081177e-01
2.672649621963500977e-01
1.915064156055450439e-01
1.816564947366714478e-01
2.040998786687850952e-01
1.873682439327239990e-01
1.996311396360397339e-01
1.443202346563339233e-01
1.502236276865005493e-01
1.848034113645553589e-01
1.803220361471176147e-01
2.028506100177764893e-01
2.029516696929931641e-01
2.152712196111679077e-01
4.323990046977996826e-01
1.349120885133743286e-01
2.062922418117523193e-01
2.047694027423858643e-01
2.260379791259765625e-01
1.978918164968490601e-01
1.902269273996353149e-01
2.182093113660812378e-01
2.397995293140411377e-01
1.996274739503860474e-01
1.711107790470123291e-01
1.908123940229415894e-01
2.316330820322036743e-01
1.844963580369949341e-01
2.276208400726318359e-01
1.680095493793487549e-01
2.184825241565704346e-01
2.005092650651931763e-01
1.391569823026657104e-01
1.781408190727233887e-01
1.987549811601638794e-01
2.037757039070129395e-01
1.930191814899444580e-01
1.914622336626052856e-01
2.091502547264099121e-01
1.931492090225219727e-01
1.840860694646835327e-01
1.957402974367141724e-01
1.809120178222656250e-01
2.423145771026611328e-01
1.644969880580902100e-01
1.513754427433013916e-01
2.635391950607299805e-01
2.044516950845718384e-01
1.309378296136856079e-01
2.279660254716873169e-01
5.253890752792358398e-01
1.907347887754440308e-01
1.380150467157363892e-01
1.667641550302505493e-01
1.868258714675903320e-01
1.887591481208801270e-01
1.843062937259674072e-01
1.798504739999771118e-01
1.814165860414505005e-01
2.374566644430160522e-01
1.714535504579544067e-01
2.021108269691467285e-01
1.671431511640548706e-01
1.971369981765747070e-01
2.150937914848327637e-01
1.966047585010528564e-01
1.897564381361007690e-01
1.715401709079742432e-01
2.070449292659759521e-01
1.768168956041336060e-01
2.672269046306610107e-01
