-7.887096144258975983e-03
3.358305431902408600e-03
-3.356211259961128235e-02
-1.596452295780181885e-02
3.654592903330922127e-03
1.533353980630636215e-02
-5.983415525406599045e-03
-4.383679945021867752e-03
-5.140379071235656738e-03
-4.100576415657997131e-02
-4.843437112867832184e-03
-7.522005587816238403e-03
-1.625132374465465546e-02
-4.120958503335714340e-03
-6.739648524671792984e-04
1.191988028585910797e-02
-2.049828181043267250e-03
2.037120796740055084e-02
-5.595681257545948029e-03
-3.066796576604247093e-03
-1.672924123704433441e-02
-8.395240642130374908e-03
1.113557629287242889e-02
-8.452920243144035339e-03
1.270421594381332397e-02
4.081046208739280701e-02
-1.202587317675352097e-02
-3.522610990330576897e-03
-2.401749417185783386e-02
7.841533049941062927e-03
-1.260215183719992638e-03
-3.006926039233803749e-03
7.172347512096166611e-03
-2.638779580593109131e-02
-4.422880243510007858e-03
4.347349982708692551e-03
-9.900862351059913635e-03
-9.982088580727577209e-03
-4.141092672944068909e-02
-2.677496895194053650e-02
6.942331790924072266e-03
1.754418946802616119e-02
-3.874880261719226837e-03
7.094997912645339966e-03
2.363923238590359688e-03
-4.361882340162992477e-03
3.239684447180479765e-04
-4.387518856674432755e-03
-1.216826611198484898e-03
-2.211962081491947174e-02
-1.931054703891277313e-02
7.880310527980327606e-03
-2.687217853963375092e-02
-3.783302148804068565e-03
1.974454522132873535e-02
-1.599317649379372597e-03
-3.669427009299397469e-03
2.280548773705959320e-02
-3.005240298807621002e-02
-1.905442960560321808e-02
-9.226356633007526398e-03
3.235846059396862984e-03
-5.525276530534029007e-03
8.627831004559993744e-03
3.291367553174495697e-03
-2.866712957620620728e-02
9.512228891253471375e-03
1.068228390067815781e-03
-1.590238697826862335e-02
-1.552145648747682571e-02
2.950484398752450943e-03
1.128509640693664551e-02
1.463538035750389099e-02
3.550299210473895073e-03
-9.335892274975776672e-03
9.774260222911834717e-03
-1.637266715988516808e-03
-7.097592111676931381e-03
1.272293389774858952e-03
-2.407176978886127472e-02
-1.600673422217369080e-02
6.570012192241847515e-04
-1.907687447965145111e-02
-2.134992927312850952e-02
1.511154603213071823e-02
5.019960924983024597e-03
-8.608880452811717987e-03
-3.084258548915386200e-02
-1.819497905671596527e-02
-1.564231514930725098e-02
5.239049438387155533e-03
-9.881357662379741669e-03
2.007611328735947609e-03
-2.607954293489456177e-02
-1.119584403932094574e-02
-1.349958963692188263e-02
-1.118560694158077240e-02
-3.144392510876059532e-03
4.333842662163078785e-04
1.230876054614782333e-02
-1.112545188516378403e-02
-1.679340749979019165e-02
-2.421969734132289886e-02
2.104477584362030029e-02
1.730482466518878937e-02
3.703972790390253067e-03
1.110925618559122086e-02
-8.324178867042064667e-03
-2.850743755698204041e-02
-1.490101870149374008e-02
1.847094669938087463e-02
6.480748765170574188e-03
1.449646055698394775e-02
-2.265755832195281982e-02
-2.364979125559329987e-02
-3.294509276747703552e-02
1.173429749906063080e-02
1.592766866087913513e-02
-1.275535486638545990e-02
8.822407573461532593e-03
-2.489490900188684464e-03
3.925790544599294662e-03
-5.203605163842439651e-03
5.905197933316230774e-03
-1.106873620301485062e-02
-1.445719227194786072e-02
3.080352908000349998e-03
-1.068491674959659576e-02
-3.635625716924550943e-06
-1.130453217774629593e-02
-8.534130640327930450e-03
-1.729904673993587494e-02
2.580216154456138611e-03
3.857891540974378586e-03
1.946551352739334106e-02
1.638812571763992310e-02
5.069901701062917709e-03
-5.781877785921096802e-03
-2.510171942412853241e-02
9.584898129105567932e-03
-1.742934808135032654e-02
-1.713583059608936310e-02
1.417475752532482147e-02
6.776429712772369385e-03
-8.649273775517940521e-03
1.404840033501386642e-02
2.328117750585079193e-02
-3.640297427773475647e-02
-1.228016521781682968e-02
-1.170132309198379517e-02
1.373671367764472961e-02
1.613088324666023254e-02
2.371023781597614288e-02
-7.121747476048767567e-04
-2.510533854365348816e-02
3.346997126936912537e-02
-1.415715832263231277e-02
-1.007952261716127396e-02
-1.304227113723754883e-02
1.246974989771842957e-02
-1.272132713347673416e-02
-6.164235528558492661e-03
-3.759999759495258331e-03
2.257855981588363647e-02
-1.410638075321912766e-02
-1.881864853203296661e-02
1.124270143918693066e-03
-2.249025553464889526e-02
9.921498596668243408e-03
-3.744679735973477364e-03
1.186312269419431686e-02
-1.704314909875392914e-02
-7.351178210228681564e-03
4.603895917534828186e-02
2.263617515563964844e-02
8.898272179067134857e-03
1.016873773187398911e-02
1.626840233802795410e-02
1.933628320693969727e-02
-6.030831951647996902e-03
2.422102540731430054e-02
3.827165439724922180e-02
7.883466780185699463e-03
-3.136593103408813477e-02
3.348651807755231857e-03
-1.153847901150584221e-03
-2.677970752120018005e-02
5.120401270687580109e-03
-1.133153960108757019e-02
-1.427617948502302170e-02
1.379691157490015030e-02
3.420558292418718338e-03
3.012769296765327454e-02
-2.098833769559860229e-02
2.901423163712024689e-02
-1.018435508012771606e-02
1.555080804973840714e-02
6.536772008985280991e-03
-1.701203989796340466e-03
5.463678389787673950e-03
-1.234512217342853546e-02
1.678281277418136597e-02
2.358894795179367065e-02
-1.176854595541954041e-02
-7.669812068343162537e-03
-1.182861905544996262e-02
-1.875209808349609375e-02
1.165753696113824844e-02
-9.374783374369144440e-03
2.033691620454192162e-03
2.711468189954757690e-02
-1.127223297953605652e-02
-4.552155360579490662e-02
-1.501300744712352753e-02
-6.770621519535779953e-03
-2.401187643408775330e-02
-1.033752574585378170e-03
-1.829238794744014740e-02
6.333249155431985855e-03
-1.538916025310754776e-02
1.129138097167015076e-02
-8.418030105531215668e-03
-5.373159423470497131e-03
-1.640899106860160828e-02
-2.268823981285095215e-02
-2.251942828297615051e-02
-5.334842950105667114e-03
1.634977571666240692e-02
2.820597030222415924e-03
-4.192739143036305904e-04
6.545269396156072617e-03
-2.868547744583338499e-04
-4.284105263650417328e-03
-3.565670922398567200e-02
2.002718113362789154e-02
9.568555280566215515e-03
1.207397785037755966e-02
-1.518959738314151764e-02
4.024571273475885391e-03
-2.721432782709598541e-02
8.239797316491603851e-03
3.696581581607460976e-03
-4.107631277292966843e-03
7.895562797784805298e-03
1.116799656301736832e-02
-7.877035066485404968e-03
-1.129083614796400070e-02
-1.538025122135877609e-02
-1.852858439087867737e-02
-2.041784487664699554e-02
-2.064971625804901123e-02
4.289081320166587830e-03
-1.994828321039676666e-02
2.154274843633174896e-02
-1.789326593279838562e-02
-1.819979213178157806e-02
-2.042136527597904205e-02
-1.935129985213279724e-02
9.115220047533512115e-03
-4.646287765353918076e-03
1.090218592435121536e-02
-8.736556395888328552e-03
5.925648845732212067e-03
8.078099228441715240e-03
4.349933005869388580e-03
8.308669202961027622e-04
-1.336335577070713043e-02
-8.804666809737682343e-03
-1.659252494573593140e-02
-1.440276484936475754e-02
8.598395623266696930e-03
-1.710359752178192139e-02
-1.473176293075084686e-02
1.917868503369390965e-03
-2.009638352319598198e-03
2.660548198036849499e-04
-1.679667644202709198e-02
-2.725186571478843689e-02
-3.209938853979110718e-02
-1.837210962548851967e-03
1.393144950270652771e-02
3.911183681339025497e-03
-4.589625634253025055e-03
-1.300495676696300507e-02
-2.640835242345929146e-03
-7.290229201316833496e-03
-1.440359745174646378e-02
-1.676654629409313202e-02
-5.373117979615926743e-03
-2.528308145701885223e-02
-2.897645719349384308e-02
-2.354180254042148590e-02
1.745590381324291229e-02
1.217598281800746918e-02
-6.205507554113864899e-03
2.399531751871109009e-02
2.585439383983612061e-02
7.925645448267459869e-03
-7.391155697405338287e-03
1.541280769743025303e-03
-9.834388270974159241e-03
2.523487247526645660e-02
-1.792593859136104584e-02
-7.122369948774576187e-03
6.151077803224325180e-03
-1.987332664430141449e-02
-3.128585219383239746e-02
5.609027575701475143e-03
1.222491357475519180e-02
-7.043395657092332840e-03
-4.635731875896453857e-02
-1.841810345649719238e-02
-4.717460647225379944e-02
-1.741611957550048828e-02
-1.607954129576683044e-02
7.235550787299871445e-03
2.600331231951713562e-02
6.073560565710067749e-03
-8.975590579211711884e-03
-8.076108060777187347e-03
-6.248003803193569183e-03
2.183204516768455505e-02
-1.606038212776184082e-02
5.337641108781099319e-03
-4.568260628730058670e-03
1.321445219218730927e-03
-2.616989985108375549e-02
1.075368281453847885e-02
-2.200193703174591064e-02
2.243779599666595459e-02
-2.960445731878280640e-02
-2.346554957330226898e-02
-1.675082370638847351e-02
2.129223197698593140e-02
1.982698589563369751e-02
7.206840906292200089e-03
1.374225877225399017e-02
3.551905276253819466e-03
1.024895999580621719e-02
-7.376711815595626831e-03
1.134649384766817093e-02
1.548601314425468445e-02
-3.959372173994779587e-03
2.028916263952851295e-03
-9.835274890065193176e-03
7.877052761614322662e-03
-1.827838830649852753e-02
-1.183019671589136124e-02
-1.422625780105590820e-02
3.014724934473633766e-03
-7.972462102770805359e-03
-1.175718195736408234e-02
-1.011901907622814178e-02
-2.475832588970661163e-02
-9.158530272543430328e-03
-6.205992773175239563e-03
-5.130272358655929565e-02
-2.698484063148498535e-02
-6.609620992094278336e-03
-5.006697028875350952e-03
1.121169701218605042e-02
-8.213321678340435028e-03
2.540059015154838562e-02
-2.953269286081194878e-03
-5.762111861258745193e-03
-6.545559503138065338e-03
-2.108528092503547668e-02
3.382551250979304314e-03
-9.076854214072227478e-03
7.251970004290342331e-03
1.682013855315744877e-03
-1.872473955154418945e-02
-1.671740040183067322e-02
5.205984693020582199e-03
-1.595396315678954124e-03
1.866932585835456848e-02
-1.347681041806936264e-03
1.300788577646017075e-02
4.605124122463166714e-04
-1.558365020900964737e-02
-1.640573889017105103e-02
-1.651473157107830048e-02
-3.130481578409671783e-03
-1.316270884126424789e-02
-6.246226839721202850e-03
-1.561090443283319473e-02
1.375906262546777725e-02
-2.702517434954643250e-02
7.217309903353452682e-03
-2.624388411641120911e-02
-2.399695478379726410e-02
-1.735238917171955109e-02
1.285910606384277344e-02
-1.237376593053340912e-02
4.354686476290225983e-03
3.230781294405460358e-03
1.293018832802772522e-02
-1.643936894834041595e-02
-5.191918462514877319e-02
1.592501532286405563e-03
-1.999262347817420959e-02
-9.763737209141254425e-03
2.341153100132942200e-02
-5.131096579134464264e-03
-7.856481708586215973e-03
1.028332486748695374e-02
-8.419238030910491943e-03
-2.313657663762569427e-02
-1.794204674661159515e-02
4.480012878775596619e-02
2.056578174233436584e-02
-3.116559423506259918e-02
1.210658624768257141e-02
3.150482662022113800e-03
1.873908750712871552e-02
-1.671737432479858398e-02
7.520745042711496353e-03
-2.681973017752170563e-02
2.704327367246150970e-02
-3.914923872798681259e-03
-8.966421708464622498e-03
-1.317752618342638016e-02
1.547184865921735764e-02
-2.893094904720783234e-03
-1.478552818298339844e-02
-1.517966482788324356e-02
-2.765269763767719269e-02
-2.676897123456001282e-02
-7.992791011929512024e-03
-4.088795185089111328e-02
-7.136483676731586456e-03
1.291879336349666119e-03
-3.634931892156600952e-02
3.174816025421023369e-03
-4.616298247128725052e-03
1.336846500635147095e-02
-1.123152207583189011e-02
-5.513940472155809402e-03
5.857048090547323227e-04
-2.226564846932888031e-02
-2.777491696178913116e-03
-1.338148722425103188e-04
-8.532132208347320557e-02
-5.739598069339990616e-03
1.384917180985212326e-03
2.660723775625228882e-02
2.727888152003288269e-02
1.507361046969890594e-02
-1.171643100678920746e-02
-9.074098430573940277e-03
-4.674796946346759796e-03
-1.449637580662965775e-02
-1.854162849485874176e-02
-1.642779819667339325e-02
5.990169011056423187e-03
1.648968830704689026e-02
-2.442455478012561798e-02
-6.308819167315959930e-03
-2.988285850733518600e-03
3.426411747932434082e-02
-1.280139945447444916e-02
-1.247913111001253128e-03
3.426751494407653809e-02
2.466338500380516052e-02
2.756629325449466705e-02
1.038336288183927536e-02
1.473229564726352692e-02
-2.115958603098988533e-03
-6.526565644890069962e-03
-5.667830817401409149e-03
2.509135985746979713e-03
-7.314961985684931278e-04
-6.925129331648349762e-03
2.705749124288558960e-03
2.776810340583324432e-02
-6.708514876663684845e-03
9.903736412525177002e-02
-1.354025769978761673e-02
-1.701250486075878143e-02
-1.041016168892383575e-02
-2.031007548794150352e-03
-2.086080610752105713e-03
5.376960150897502899e-03
-3.338300436735153198e-02
-4.496230743825435638e-03
-1.962776109576225281e-02
-2.065123291686177254e-03
7.928010309115052223e-04
6.703713443130254745e-03
-2.819184027612209320e-02
-8.420863188803195953e-03
-4.063075408339500427e-03
-1.678373431786894798e-03
-1.464841607958078384e-02
1.111167855560779572e-02
-7.876433432102203369e-03
-5.763708427548408508e-02
3.189888549968600273e-03
1.322355866432189941e-02
-2.512560971081256866e-02
3.886461956426501274e-03
1.483584381639957428e-02
-5.349689628928899765e-03
1.762801781296730042e-02
6.088331341743469238e-03
8.615368045866489410e-03
-1.385116018354892731e-02
1.189757790416479111e-02
7.095335982739925385e-03
-7.511089090257883072e-03
2.537779323756694794e-02
-3.447301685810089111e-02
-1.095023937523365021e-02
1.074413303285837173e-03
3.013471141457557678e-03
-1.117047108709812164e-02
-3.473425051197409630e-03
-1.488971896469593048e-02
-9.006650187075138092e-03
1.888142712414264679e-02
5.835492629557847977e-04
-7.159064058214426041e-03
-1.096366066485643387e-02
-1.882984652183949947e-03
-1.648325356654822826e-03
1.084810867905616760e-02
-2.231575921177864075e-02
4.515358712524175644e-03
-4.733063746243715286e-03
-3.449885873124003410e-03
-5.436662584543228149e-03
1.277259178459644318e-02
3.670130390673875809e-03
2.374937012791633606e-02
8.866071701049804688e-03
1.200226228684186935e-02
-7.409098907373845577e-04
-8.567883633077144623e-03
-2.999782375991344452e-02
2.247051149606704712e-02
1.103558856993913651e-02
1.188912987709045410e-02
-7.798144593834877014e-03
-1.627815887331962585e-02
3.199521079659461975e-02
2.773965010419487953e-03
-2.017712220549583435e-02
-3.305869176983833313e-02
1.054990198463201523e-02
6.688984110951423645e-03
1.675657555460929871e-02
-3.306588903069496155e-02
-9.914973750710487366e-03
-1.761273294687271118e-02
-2.526697469875216484e-03
1.201167143881320953e-02
1.863121613860130310e-02
-2.786908484995365143e-02
1.327391620725393295e-02
1.766600064001977444e-03
9.647611528635025024e-03
1.354309497401118279e-03
-1.791187003254890442e-02
1.732692006044089794e-03
-6.500376015901565552e-02
-7.381968665868043900e-03
6.154197733849287033e-03
1.770098344422876835e-03
-1.657441817224025726e-02
5.497031845152378082e-03
-3.367968648672103882e-02
-9.861359139904379845e-04
-1.187972724437713623e-02
4.501421790337190032e-05
-2.910368330776691437e-02
-1.354840677231550217e-02
5.167950876057147980e-03
7.714537787251174450e-04
-1.349346060305833817e-02
-1.387958694249391556e-02
-2.803768031299114227e-02
7.586157415062189102e-03
-6.846564821898937225e-03
2.351971901953220367e-02
3.998761996626853943e-03
2.326568216085433960e-02
-1.908398047089576721e-02
-1.167944539338350296e-02
4.511713609099388123e-02
2.857746090739965439e-03
2.451325394213199615e-02
-1.007783692330121994e-02
-5.407582037150859833e-03
1.392434258013963699e-02
-9.369543986395001411e-04
-2.061142213642597198e-02
1.946358568966388702e-02
1.392580941319465637e-02
-3.320397064089775085e-02
-1.507589127868413925e-02
1.711215451359748840e-02
-1.788214896805584431e-03
1.079412759281694889e-03
-9.373587556183338165e-03
-8.512784726917743683e-03
-2.906258916482329369e-03
-1.364518702030181885e-02
-2.850882476195693016e-03
-2.426150813698768616e-02
-1.793432235717773438e-02
8.431246504187583923e-03
-2.300425805151462555e-02
1.209235284477472305e-02
4.945257678627967834e-03
-8.838944137096405029e-03
-9.445385658182203770e-04
-1.677494868636131287e-02
-1.688401214778423309e-02
2.094424515962600708e-02
-6.419178564101457596e-03
1.968911662697792053e-02
2.464011497795581818e-02
4.439437761902809143e-03
-2.379817701876163483e-02
8.888743817806243896e-02
3.324192250147461891e-03
-1.904823072254657745e-02
1.130355801433324814e-02
-9.909562766551971436e-03
2.391297835856676102e-03
3.536228090524673462e-03
-1.598022878170013428e-02
5.279845092445611954e-03
-1.002365141175687313e-03
-2.519330196082592010e-02
1.783622894436120987e-03
2.255390165373682976e-03
-2.376542240381240845e-02
2.823129296302795410e-02
-1.107126288115978241e-02
-2.047901414334774017e-02
3.425509436056017876e-03
-1.304802391678094864e-02
7.223395165055990219e-03
-5.333977751433849335e-03
1.902500726282596588e-02
-1.388084050267934799e-02
-1.929588429629802704e-02
-1.326330564916133881e-02
3.515478968620300293e-02
2.136996574699878693e-02
-5.140828900039196014e-03
1.780855469405651093e-02
-6.150633562356233597e-03
-4.889049101620912552e-03
-1.343954168260097504e-02
1.253693597391247749e-03
-3.084688447415828705e-02
-3.903202712535858154e-03
1.353901624679565430e-02
1.499647088348865509e-02
-1.160910725593566895e-02
-1.250766403973102570e-02
-2.013144828379154205e-02
3.379600093467161059e-05
8.969919756054878235e-03
-5.353780835866928101e-02
-1.629962958395481110e-02
5.088193807750940323e-03
2.902370691299438477e-02
6.013324484229087830e-03
-1.102351211011409760e-02
2.468921244144439697e-02
-4.823150485754013062e-02
-1.135383825749158859e-02
-1.633919542655348778e-03
1.546053774654865265e-02
-8.733462542295455933e-03
2.134430222213268280e-02
-4.196901991963386536e-02
-4.992044065147638321e-03
-1.996237598359584808e-02
-1.047795958584174514e-04
7.143620867282152176e-03
2.024417743086814880e-02
-2.419599890708923340e-02
-2.930985763669013977e-03
-8.189157582819461823e-03
-4.693295340985059738e-03
2.024246193468570709e-02
-6.996584706939756870e-04
-6.744222715497016907e-03
1.446454133838415146e-02
2.905546501278877258e-02
-1.975538022816181183e-02
6.542597431689500809e-03
4.189018160104751587e-03
-6.086922367103397846e-04
-4.546928219497203827e-03
-9.585760533809661865e-03
-8.846619725227355957e-02
-3.360404400154948235e-03
-2.176992967724800110e-02
3.462935565039515495e-03
-7.143222726881504059e-03
-8.765842649154365063e-04
-9.687285870313644409e-03
-4.389215260744094849e-02
-2.215355262160301208e-02
4.195501096546649933e-03
1.209649373777210712e-03
-5.790883675217628479e-03
9.071661159396171570e-03
1.609293185174465179e-02
2.513209823518991470e-03
1.123843248933553696e-02
-1.527444343082606792e-03
4.516018088907003403e-03
2.077890932559967041e-02
4.079190548509359360e-03
7.860580459237098694e-03
1.256772503256797791e-02
-8.604281581938266754e-03
-4.644887894392013550e-02
-1.669309101998806000e-02
4.300663713365793228e-03
-1.323489658534526825e-02
-2.767802914604544640e-03
-2.609732327982783318e-04
3.617670387029647827e-02
8.309501223266124725e-03
-5.891863722354173660e-03
1.571655645966529846e-02
1.708102598786354065e-02
4.226636607199907303e-03
1.744278706610202789e-03
-3.573467023670673370e-03
-1.172956638038158417e-02
-6.051895674318075180e-03
-1.342107355594635010e-02
-3.230322545277886093e-05
-6.606907118111848831e-03
-2.408409118652343750e-02
1.977297849953174591e-02
-4.464112687855958939e-03
2.330115996301174164e-03
-5.713846068829298019e-03
-1.367651764303445816e-02
-1.662844419479370117e-02
4.669301561079919338e-04
1.398469321429729462e-02
-2.855076454579830170e-02
2.287569455802440643e-02
1.755854673683643341e-02
2.066748403012752533e-02
-2.377279661595821381e-02
-9.612474590539932251e-03
7.881150580942630768e-03
-4.257305338978767395e-02
-2.235933672636747360e-03
2.347878925502300262e-02
-5.280043929815292358e-03
-1.333324518054723740e-02
3.229897934943437576e-03
1.789825595915317535e-02
1.894280128180980682e-02
-8.307267562486231327e-04
1.163400057703256607e-02
4.571501631289720535e-03
-2.398375980556011200e-02
-3.215830307453870773e-03
-7.277762051671743393e-03
-1.667289249598979950e-02
-8.341571316123008728e-03
-1.773506402969360352e-02
-5.551267415285110474e-03
1.674431376159191132e-02
3.670658171176910400e-02
-5.364015232771635056e-03
-1.319824531674385071e-02
3.349333629012107849e-02
-3.307291865348815918e-02
-5.702062975615262985e-03
4.385594744235277176e-03
-2.018015272915363312e-02
-2.079277532175183296e-03
-2.080710604786872864e-02
-1.332023460417985916e-02
8.004270493984222412e-04
-1.472492236644029617e-02
-4.715788236353546381e-04
-8.987717330455780029e-03
-1.510936417616903782e-03
1.373512949794530869e-02
7.777271326631307602e-03
9.350692853331565857e-03
6.011787336319684982e-04
-7.475781254470348358e-03
-3.512061759829521179e-02
-1.708417572081089020e-02
-2.211273880675435066e-03
5.612340755760669708e-03
-2.590634394437074661e-03
2.161571010947227478e-02
-2.117143757641315460e-02
-6.237073801457881927e-03
2.190630882978439331e-03
-5.175177007913589478e-03
-3.642524126917123795e-03
3.514043241739273071e-02
6.044076755642890930e-03
-1.998439431190490723e-02
3.111157752573490143e-02
-7.297297124750912189e-04
-2.444129437208175659e-02
1.095900777727365494e-02
-6.874522194266319275e-03
-7.265708874911069870e-03
-3.243226185441017151e-02
-1.312667876482009888e-02
-4.118088167160749435e-03
-1.518971286714076996e-02
2.881791209802031517e-03
-1.315670553594827652e-02
-3.172650933265686035e-02
1.797656342387199402e-02
1.660704240202903748e-02
-1.057618577033281326e-02
-4.294867627322673798e-03
-1.161900442093610764e-02
-8.456995710730552673e-03
-4.874247685074806213e-02
1.302364864386618137e-03
-1.346637122333049774e-02
-8.371243253350257874e-03
1.981223002076148987e-02
-2.481271140277385712e-02
-2.400680677965283394e-03
4.868818446993827820e-03
-4.040295630693435669e-02
-1.104745361953973770e-02
-1.522260811179876328e-02
9.529628790915012360e-03
-4.345050826668739319e-02
2.128995396196842194e-02
-1.107209455221891403e-02
1.642083562910556793e-02
-1.554551441222429276e-02
-3.877869108691811562e-03
2.149511873722076416e-02
1.123096887022256851e-02
1.917031966149806976e-02
-2.242782711982727051e-02
1.361354999244213104e-02
2.889480255544185638e-02
2.504284866154193878e-02
5.286927917040884495e-04
-1.088512409478425980e-02
-7.872608490288257599e-03
2.008508332073688507e-02
7.429230026900768280e-03
-2.378602279350161552e-03
-1.006264705210924149e-02
4.283709451556205750e-03
-3.014990128576755524e-02
-5.440197885036468506e-03
2.609637449495494366e-04
-1.906437054276466370e-02
5.406478885561227798e-03
-1.140595600008964539e-02
9.134436026215553284e-03
4.652091010939329863e-04
2.961273305118083954e-02
-4.251711443066596985e-02
-3.068245947360992432e-02
-1.711137965321540833e-02
-1.927835051901638508e-03
-2.825571410357952118e-02
-6.239674519747495651e-03
-1.177148707211017609e-02
1.443882193416357040e-02
7.365891709923744202e-03
-1.035698689520359039e-02
9.398902184329926968e-04
-7.721778005361557007e-03
4.752825945615768433e-03
-5.825786385685205460e-03
6.524910684674978256e-03
-2.475226856768131256e-02
-5.362228956073522568e-03
-1.480745989829301834e-02
-3.382719308137893677e-02
-1.335898530669510365e-03
-1.497286371886730194e-02
6.977479439228773117e-03
-2.325140871107578278e-02
-1.280370727181434631e-02
8.610902354121208191e-03
-3.733037039637565613e-02
-3.131082281470298767e-02
7.813229225575923920e-03
-1.839359104633331299e-02
7.634616922587156296e-03
-1.973932608962059021e-03
-4.496087320148944855e-03
-5.467115901410579681e-03
4.212430678308010101e-03
-1.033004955388605595e-03
1.638485817238688469e-03
-8.934530429542064667e-03
5.334834568202495575e-04
-1.539496239274740219e-02
-3.302128985524177551e-02
-2.804054878652095795e-02
-9.740652516484260559e-03
3.871640656143426895e-03
8.284558542072772980e-03
-5.569659639149904251e-03
-7.542056962847709656e-03
2.648348547518253326e-02
2.874830970540642738e-03
1.760978251695632935e-02
-1.513999234884977341e-02
1.117222756147384644e-02
-5.284950509667396545e-02
8.199326694011688232e-03
-2.102815778926014900e-03
1.231495756655931473e-02
4.950846545398235321e-03
1.067630480974912643e-02
3.240744350478053093e-03
-1.334838755428791046e-02
2.906850073486566544e-03
3.199053555727005005e-02
-8.790341205894947052e-03
-1.654671505093574524e-03
6.369389127939939499e-03
-2.784092910587787628e-02
-3.212475683540105820e-03
1.082865870557725430e-03
-1.048475038260221481e-02
5.511599406599998474e-02
-1.225540880113840103e-02
3.593947738409042358e-03
-1.009274646639823914e-02
-3.356922417879104614e-02
1.614216715097427368e-03
-5.546049214899539948e-03
-1.815351843833923340e-02
-8.252272382378578186e-03
-2.531832615204621106e-05
-1.450274605304002762e-02
1.218231674283742905e-02
-2.021950297057628632e-02
1.614377275109291077e-02
-3.189032524824142456e-02
2.513484284281730652e-02
3.916777495760470629e-04
2.983364835381507874e-02
-4.159256815910339355e-02
7.416291628032922745e-03
-4.788459744304418564e-03
8.339846506714820862e-03
-2.323012426495552063e-02
-2.091774903237819672e-02
3.586660604923963547e-03
2.882645232602953911e-03
-7.408969569951295853e-03
-1.425355579704046249e-02
6.383826490491628647e-03
-2.189735416322946548e-03
-1.584744080901145935e-02
1.115224510431289673e-02
5.544753279536962509e-03
-2.549185603857040405e-02
8.690859191119670868e-03
2.219800808234140277e-04
-6.831961683928966522e-03
-1.068612001836299896e-02
2.018031477928161621e-02
1.086938753724098206e-02
-3.479709150269627571e-03
3.383171930909156799e-02
-7.263417355716228485e-03
4.397056996822357178e-03
-2.687377622351050377e-03
2.125982753932476044e-02
-6.488353945314884186e-03
2.112417295575141907e-02
2.982758451253175735e-03
-2.152085537090897560e-03
-4.113786388188600540e-03
-7.447214331477880478e-03
1.869584992527961731e-02
2.856264635920524597e-02
-1.868608174845576286e-03
-1.443973369896411896e-02
1.266892417334020138e-03
-6.393437273800373077e-03
6.576020736247301102e-03
-7.152784965001046658e-04
1.045077666640281677e-02
-1.401439309120178223e-03
1.205409644171595573e-03
-8.154692128300666809e-03
-1.581067964434623718e-02
8.558478206396102905e-03
2.049276605248451233e-02
2.597009576857089996e-02
1.000933349132537842e-02
-8.934017270803451538e-03
-1.075990684330463409e-02
-7.101318798959255219e-03
-1.563474186696112156e-03
1.258032023906707764e-02
-3.266516374424099922e-03
1.213108189404010773e-02
1.343763712793588638e-02
2.017961256206035614e-02
-8.450831286609172821e-03
8.175771654350683093e-05
2.189418068155646324e-03
5.394415929913520813e-03
-8.857453241944313049e-03
2.784619852900505066e-02
-3.701817942783236504e-03
-6.513769738376140594e-03
-2.652349136769771576e-02
-1.772105693817138672e-02
1.518674101680517197e-02
-1.093217171728610992e-02
-7.686950732022523880e-03
-5.769746843725442886e-03
-1.621048711240291595e-02
2.498206682503223419e-03
-1.653638109564781189e-02
-2.822204492986202240e-02
-2.232576347887516022e-02
1.939811557531356812e-02
8.590552024543285370e-03
1.762754470109939575e-02
6.068862508982419968e-03
-1.378875225782394409e-02
2.844742685556411743e-02
-1.723336987197399139e-02
-4.518878459930419922e-02
-3.746785456314682961e-03
-2.887588459998369217e-03
1.388280466198921204e-02
-1.216531614772975445e-03
-7.509329821914434433e-03
-2.751540020108222961e-02
1.978293433785438538e-02
1.445709913969039917e-02
7.242792285978794098e-03
-6.437295116484165192e-03
1.118853315711021423e-02
3.004180826246738434e-02
3.856832906603813171e-02
2.057080902159214020e-02
-1.872199773788452148e-02
8.182710967957973480e-03
-1.489680493250489235e-03
-4.306180868297815323e-03
-5.272698774933815002e-02
1.589376479387283325e-02
-5.636640358716249466e-03
1.740162819623947144e-02
-2.565524913370609283e-02
9.744750335812568665e-03
-2.019247412681579590e-02
1.813495159149169922e-02
-7.753544487059116364e-03
5.270588211715221405e-03
-1.661358773708343506e-02
1.111548300832509995e-02
2.366658858954906464e-02
-5.719058681279420853e-04
2.423884160816669464e-02
-3.247264400124549866e-02
-1.246895827353000641e-02
-1.230411417782306671e-02
-2.009963989257812500e-02
-2.623537927865982056e-02
-1.584290526807308197e-02
-1.407451054546982050e-04
-4.072245955467224121e-02
-2.226778492331504822e-02
-9.202747605741024017e-03
-4.300994798541069031e-03
2.513637766242027283e-02
-1.274968404322862625e-02
-1.982563920319080353e-02
-1.110552530735731125e-02
-7.716981926932930946e-04
-5.069313570857048035e-03
-1.260259281843900681e-02
1.560391671955585480e-02
2.278251387178897858e-02
7.814493030309677124e-03
-1.592189446091651917e-02
-1.257783151231706142e-03
2.622501179575920105e-02
-2.287888154387474060e-02
3.022535005584359169e-03
-3.476850688457489014e-02
-1.530001778155565262e-02
2.760237548500299454e-03
-7.975073531270027161e-03
1.190837137983180583e-04
5.043799988925457001e-03
-3.672065958380699158e-02
6.753080990165472031e-03
5.835838150233030319e-03
8.952218107879161835e-03
-2.131373435258865356e-02
-6.483309436589479446e-03
-1.469434890896081924e-02
-3.423042595386505127e-02
-7.737817242741584778e-03
1.022211625240743160e-03
-2.423081547021865845e-02
2.676303684711456299e-02
-1.595936482772231102e-03
4.047791473567485809e-03
7.238924968987703323e-03
-1.416140701621770859e-02
-1.405122806318104267e-03
3.213962307199835777e-03
-3.568927757441997528e-03
3.844150528311729431e-02
-3.019762597978115082e-02
2.319287694990634918e-02
-3.451888915151357651e-03
1.680527627468109131e-02
-3.143088892102241516e-02
-2.012401260435581207e-02
-1.056655868887901306e-02
3.419939056038856506e-02
-1.165534090250730515e-02
-1.076428405940532684e-02
5.365910474210977554e-03
2.259148843586444855e-02
-4.208793863654136658e-02
1.924480125308036804e-02
3.316183574497699738e-03
-6.234687753021717072e-03
1.982249319553375244e-02
-2.627934515476226807e-02
-5.527758505195379257e-03
-4.052559845149517059e-03
-2.816283144056797028e-02
1.303592417389154434e-02
-2.417945489287376404e-02
2.670685062184929848e-04
1.234556082636117935e-02
-7.066871970891952515e-03
-1.085457671433687210e-02
-1.006949972361326218e-02
2.548938430845737457e-02
-8.314400911331176758e-03
-7.069327868521213531e-03
1.444435678422451019e-02
-1.643206365406513214e-02
9.041723795235157013e-03
4.570876061916351318e-02
8.505853824317455292e-03
-1.559022348374128342e-02
1.819316181354224682e-03
-1.984475553035736084e-02
1.678307726979255676e-02
-1.401612441986799240e-02
2.374626463279128075e-03
1.844050944782793522e-03
5.425304640084505081e-03
4.163054749369621277e-03
2.043827902525663376e-03
-7.615510839968919754e-03
3.783989697694778442e-03
-3.567994758486747742e-02
1.368592493236064911e-02
-4.042818676680326462e-03
-6.276919972151517868e-03
-1.480763219296932220e-02
-3.856498049572110176e-03
-2.916139550507068634e-03
2.229204028844833374e-02
5.633684806525707245e-03
6.550776306539773941e-03
-1.527912635356187820e-02
-2.147078514099121094e-02
-2.150862477719783783e-02
2.329157106578350067e-02
-3.406987292692065239e-03
-2.682317979633808136e-03
1.620888593606650829e-03
9.984337957575917244e-04
1.265644934028387070e-02
5.668984958902001381e-04
-1.725304685533046722e-02
3.365442855283617973e-03
-3.729204880073666573e-03
-8.941237814724445343e-03
-7.540183607488870621e-03
4.420788493007421494e-03
-1.899886527098715305e-03
-2.321429317817091942e-03
-1.981158927083015442e-02
8.309532888233661652e-03
-1.470777764916419983e-02
-1.663490384817123413e-02
3.228970989584922791e-02
1.182036194950342178e-02
-2.328643109649419785e-03
2.689554821699857712e-03
6.978217046707868576e-03
-4.437132179737091064e-02
-2.511217817664146423e-02
-1.735044643282890320e-03
-2.711519040167331696e-02
-1.588993618497624993e-04
-2.299861237406730652e-02
7.284444291144609451e-03
7.109407335519790649e-03
-1.055491436272859573e-02
1.700849970802664757e-03
1.068416796624660492e-02
-1.022939686663448811e-03
1.439724490046501160e-02
-2.954088710248470306e-02
-1.040719356387853622e-02
2.235353738069534302e-02
1.885466743260622025e-03
1.441319379955530167e-02
8.940539322793483734e-03
-2.051621302962303162e-02
-1.257895585149526596e-02
8.479072712361812592e-03
7.765873800963163376e-03
-6.994413211941719055e-03
-1.087758690118789673e-02
7.758099120110273361e-03
-2.557831630110740662e-02
4.721103236079216003e-03
-6.752099376171827316e-03
-5.377985164523124695e-02
-4.037397913634777069e-03
-1.605391688644886017e-02
-3.165180981159210205e-02
2.037158468738198280e-03
-2.635151892900466919e-02
3.393844934180378914e-03
-1.647350750863552094e-02
-1.460321806371212006e-02
1.773767732083797455e-02
-2.814755216240882874e-02
-9.319396689534187317e-03
-2.684092707931995392e-02
2.690125489607453346e-03
-2.940920926630496979e-02
-1.436898577958345413e-02
-7.686194777488708496e-02
-3.297937661409378052e-02
-1.630808599293231964e-02
3.454084740951657295e-03
-5.258685909211635590e-03
2.728557959198951721e-02
-6.533337291330099106e-03
-1.627721451222896576e-02
-1.356741599738597870e-02
-6.854647770524024963e-03
4.663551590056158602e-05
-6.496714428067207336e-03
1.551512628793716431e-02
-5.313509609550237656e-03
-4.547626886051148176e-04
-1.116508967243134975e-03
9.574177674949169159e-03
-1.990210264921188354e-03
-2.261975221335887909e-02
-1.642852090299129486e-02
5.092376159154810011e-05
2.159255556762218475e-02
1.520343823358416557e-03
2.369851572439074516e-03
-8.783992379903793335e-03
2.231955900788307190e-02
-2.126664668321609497e-02
-3.592052264139056206e-03
5.340229254215955734e-03
1.938290777616202831e-03
-5.682903807610273361e-03
6.679500453174114227e-03
-3.687474504113197327e-02
-1.301906444132328033e-02
-6.942977051949128509e-05
2.085735090076923370e-02
2.530159428715705872e-03
3.381578624248504639e-02
-1.845089346170425415e-02
6.967343855649232864e-03
-1.338061876595020294e-02
-1.343581359833478928e-02
-7.055127061903476715e-03
-1.479577366262674332e-02
-6.969159934669733047e-03
-1.573401503264904022e-02
-5.895526614040136337e-03
-2.750757383182644844e-03
-9.843893349170684814e-03
-1.883418532088398933e-03
2.011964283883571625e-02
-1.340320333838462830e-02
2.408854663372039795e-03
5.630245897918939590e-03
-1.077664550393819809e-02
2.838638843968510628e-03
-1.665549539029598236e-02
3.760400414466857910e-02
1.284855976700782776e-02
3.357501700520515442e-02
-6.378193502314388752e-04
-5.190482828766107559e-03
3.562382981181144714e-02
1.494528073817491531e-02
1.599655486643314362e-02
5.229439120739698410e-03
5.184846464544534683e-03
-2.228454500436782837e-02
-2.529530785977840424e-02
-5.159200634807348251e-03
1.661836169660091400e-02
1.710041984915733337e-02
-1.229303050786256790e-02
9.154422208666801453e-03
-6.239280104637145996e-03
8.290230296552181244e-03
-2.797013334929943085e-02
-1.526320260018110275e-02
-4.198316950350999832e-03
1.102526765316724777e-02
8.812620304524898529e-03
-3.096112795174121857e-02
9.861480444669723511e-03
4.216120578348636627e-03
-3.046653419733047485e-02
-1.829987578094005585e-02
-2.740607410669326782e-02
-1.329438108950853348e-02
7.399286609143018723e-03
-1.746054156683385372e-03
-1.885671517811715603e-03
6.679411977529525757e-03
6.648124195635318756e-03
1.286210585385560989e-02
1.825517043471336365e-02
6.266838405281305313e-03
-2.451736107468605042e-02
9.061425924301147461e-03
9.569537639617919922e-02
3.309379564598202705e-03
-2.656969474628567696e-03
-1.094666682183742523e-02
1.001651305705308914e-02
8.505152538418769836e-03
1.788529567420482635e-02
1.559616439044475555e-02
-2.073133923113346100e-02
-2.040016278624534607e-02
1.772090233862400055e-02
3.239150624722242355e-03
2.158114872872829437e-02
2.602344192564487457e-02
1.853274926543235779e-02
8.459334261715412140e-03
-1.393167395144701004e-02
-5.455058068037033081e-03
3.725732676684856415e-03
-3.389043733477592468e-02
1.697008125483989716e-02
-1.029814220964908600e-02
-1.960464566946029663e-02
7.463559508323669434e-03
-1.148269802797585726e-04
-3.090327046811580658e-02
-1.832297630608081818e-02
1.229758840054273605e-03
7.867501117289066315e-03
-4.116661846637725830e-03
6.595028098672628403e-03
6.691451184451580048e-03
4.077322408556938171e-02
1.960436580702662468e-03
3.506116569042205811e-03
-1.930729299783706665e-02
2.232929691672325134e-02
4.292694386094808578e-03
8.126748725771903992e-03
1.747265341691672802e-03
-2.469784207642078400e-02
4.256188549334183335e-05
4.143218044191598892e-03
3.530254354700446129e-03
-2.105393446981906891e-02
-5.055521614849567413e-03
-3.233074676245450974e-03
2.778446301817893982e-03
9.593395516276359558e-03
-2.316018566489219666e-02
4.714271053671836853e-03
2.777773188427090645e-04
5.749029107391834259e-03
-5.391672719269990921e-03
1.654531806707382202e-02
9.565623477101325989e-03
-7.144289556890726089e-04
-3.539482131600379944e-03
1.425933931022882462e-02
4.262391850352287292e-02
3.030468942597508430e-03
-2.735786139965057373e-02
2.672246098518371582e-02
-2.866822062060236931e-03
4.590418189764022827e-03
1.931775594130158424e-03
1.597916241735219955e-03
1.481756102293729782e-02
1.969385705888271332e-02
-2.311997115612030029e-02
-4.111466463655233383e-03
-3.018733300268650055e-02
-1.220688223838806152e-02
-1.398236490786075592e-02
-5.433087702840566635e-03
-8.016769774258136749e-03
2.806182485073804855e-03
-3.268000902608036995e-03
-1.275005191564559937e-02
-1.368966302834451199e-03
2.975765150040388107e-03
1.601338759064674377e-02
1.131969224661588669e-02
-2.350247278809547424e-02
-9.305673651397228241e-03
-2.350403694435954094e-03
-1.572363823652267456e-02
1.461194083094596863e-02
-1.529371272772550583e-02
-2.124845609068870544e-02
-1.752662099897861481e-02
-2.717091515660285950e-02
-1.343277283012866974e-02
3.448730707168579102e-02
-1.501522259786725044e-03
-1.023834757506847382e-02
-8.563618175685405731e-03
4.279254935681819916e-03
-6.045673508197069168e-04
-3.509021550416946411e-02
-2.367567084729671478e-02
4.684410523623228073e-03
-6.722937338054180145e-03
-1.116567384451627731e-02
6.607484538108110428e-03
-1.152770407497882843e-02
-6.338702514767646790e-03
3.970622085034847260e-03
2.322290651500225067e-02
7.282870355993509293e-03
1.124614570289850235e-02
-8.925794973038136959e-04
-2.898034639656543732e-02
-1.708609052002429962e-02
-4.291321150958538055e-03
9.199805208481848240e-04
-1.630572043359279633e-02
-8.222802542150020599e-03
7.140648551285266876e-03
1.073940284550189972e-02
2.207125071436166763e-03
-1.493302267044782639e-02
1.003507059067487717e-02
-1.415737345814704895e-02
-2.016341313719749451e-03
2.978186588734388351e-03
-1.037029083818197250e-02
2.534375898540019989e-02
-3.632481209933757782e-03
-1.662449166178703308e-02
7.774125784635543823e-03
1.612806506454944611e-02
-2.655637823045253754e-02
1.252663321793079376e-02
-9.189267642796039581e-03
6.423657294362783432e-03
1.095438189804553986e-02
-9.827223606407642365e-03
1.420166809111833572e-02
-3.995629027485847473e-02
-8.037981577217578888e-03
-2.662946842610836029e-02
-3.847594931721687317e-02
-2.420165389776229858e-02
-1.860029250383377075e-02
1.245056837797164917e-02
-4.217220842838287354e-02
1.322356518357992172e-02
-1.705635711550712585e-02
1.508287806063890457e-02
-1.841465570032596588e-02
4.812752304133027792e-04
-4.890936240553855896e-02
-2.518784627318382263e-02
-2.086463791783899069e-04
-1.925275847315788269e-02
1.012250967323780060e-02
-5.489982664585113525e-03
-2.771875448524951935e-02
-6.073345988988876343e-02
-1.602861657738685608e-02
4.745360929518938065e-03
-2.667755633592605591e-02
1.802665926516056061e-02
4.294256679713726044e-03
1.850890839705243707e-04
1.504433713853359222e-02
-1.219045277684926987e-02
1.209508441388607025e-02
1.513157039880752563e-02
-1.383821107447147369e-02
1.044879388064146042e-02
-4.148218780755996704e-03
-2.892235293984413147e-03
4.400185775011777878e-03
2.374470420181751251e-02
2.100121229887008667e-03
9.717673063278198242e-03
-4.170283209532499313e-03
-1.501533016562461853e-02
7.020861841738224030e-03
2.119065076112747192e-02
2.173462137579917908e-02
2.357306145131587982e-02
-8.701535873115062714e-03
-2.925910754129290581e-03
1.161219552159309387e-02
2.606300171464681625e-03
8.241764153353869915e-04
-1.046108547598123550e-02
-2.401436679065227509e-02
3.475025296211242676e-03
-3.565702121704816818e-03
7.751138415187597275e-03
1.733401790261268616e-02
3.053276613354682922e-02
-3.454117802903056145e-03
-9.292418137192726135e-03
-2.479255432263016701e-03
3.937345463782548904e-03
-1.310513075441122055e-02
1.881494559347629547e-02
-1.943338848650455475e-02
2.775809261947870255e-03
-1.490441267378628254e-03
7.509935647249221802e-03
4.827788099646568298e-03
-8.981363498605787754e-04
1.602329686284065247e-02
-5.740541499108076096e-03
-3.577749244868755341e-03
1.564044854603707790e-03
-1.346065383404493332e-02
1.044862158596515656e-02
-2.007401781156659126e-03
-1.745505258440971375e-03
3.301322460174560547e-03
-2.737340517342090607e-02
-4.678650293499231339e-03
-1.962783932685852051e-02
-6.367658730596303940e-03
-2.397107193246483803e-03
2.715700073167681694e-03
-4.492607899010181427e-03
7.646461948752403259e-03
2.960163634270429611e-03
2.064685896039009094e-02
1.093063689768314362e-02
-2.484400197863578796e-02
-1.578104496002197266e-02
-1.447285246104001999e-02
9.338621050119400024e-03
2.383974567055702209e-02
4.368416033685207367e-03
5.481753032654523849e-03
1.384477072861045599e-04
-1.729064062237739563e-02
-3.618111368268728256e-03
3.826554864645004272e-03
-9.894427843391895294e-03
-3.051972761750221252e-02
5.842382553964853287e-03
3.586410079151391983e-03
5.655914545059204102e-02
1.370747014880180359e-02
-2.224489115178585052e-03
-1.423521083779633045e-03
-1.946045644581317902e-02
-2.404792234301567078e-02
-1.536022522486746311e-03
-9.437737986445426941e-03
1.285533607006072998e-02
-3.304005786776542664e-02
2.404262125492095947e-02
1.202746387571096420e-02
1.525189261883497238e-02
-1.253159437328577042e-02
-1.867931149899959564e-02
1.623916812241077423e-02
-6.605381146073341370e-03
4.529351834207773209e-03
3.955326043069362640e-03
-8.457702584564685822e-03
1.135463826358318329e-02
2.823011716827750206e-03
5.627459846436977386e-03
5.925858858972787857e-03
1.441810932010412216e-02
-1.985633571166545153e-04
-7.778299623169004917e-04
1.761896186508238316e-03
2.938259858638048172e-03
-6.896531675010919571e-03
4.212257917970418930e-03
-9.703568182885646820e-03
1.854725182056427002e-02
2.055919356644153595e-02
2.489495463669300079e-02
1.412782818078994751e-02
2.303890418261289597e-03
-3.586496226489543915e-03
1.026418246328830719e-02
-6.042642984539270401e-03
3.376153483986854553e-02
-3.202786296606063843e-02
-2.969123050570487976e-02
-1.938578486442565918e-02
-1.401128713041543961e-02
2.591656707227230072e-02
3.299015574157238007e-03
2.878697402775287628e-02
1.848220080137252808e-02
-1.258694007992744446e-02
3.809098387137055397e-03
3.339195391163229942e-03
-1.205682195723056793e-02
3.815391974058002234e-04
-2.053947001695632935e-02
2.475713845342397690e-03
-3.784339176490902901e-03
4.776075016707181931e-03
-1.399347651749849319e-02
-1.323508657515048981e-02
-1.779792085289955139e-02
-2.329134382307529449e-02
9.864192456007003784e-03
2.179626753786578774e-04
1.656331354752182961e-03
-9.665077552199363708e-03
1.554689486511051655e-03
1.276779826730489731e-02
6.542187184095382690e-03
-3.978915978223085403e-03
-2.183136157691478729e-02
-1.025724573992192745e-03
-7.557030301541090012e-03
5.627879407256841660e-03
-1.109089236706495285e-03
-6.759984418749809265e-03
-1.131641119718551636e-02
-1.352652069181203842e-02
1.417974941432476044e-03
-1.928647607564926147e-02
-1.636367663741111755e-02
1.215753844007849693e-03
2.116381004452705383e-02
6.215036846697330475e-04
1.659603044390678406e-02
-2.997966716066002846e-03
1.494066440500319004e-03
-1.707120798528194427e-02
-2.054145373404026031e-02
-9.424830786883831024e-03
-1.446118019521236420e-02
-2.623450569808483124e-02
7.275693584233522415e-03
-5.323543399572372437e-02
2.073266170918941498e-02
4.870970733463764191e-03
1.728144288063049316e-02
-1.043936703354120255e-02
7.328635081648826599e-03
-2.134972438216209412e-02
-2.314606681466102600e-02
1.776142790913581848e-02
2.587068360298871994e-03
2.441425435245037079e-02
3.793562529608607292e-03
-5.196268204599618912e-03
-8.892609737813472748e-03
1.037624478340148926e-02
7.292390801012516022e-03
1.127597875893115997e-03
-4.026989452540874481e-03
2.610569447278976440e-02
2.559882355853915215e-03
-3.062986209988594055e-02
1.665185764431953430e-02
-1.081950590014457703e-02
1.627285964787006378e-02
-1.369712315499782562e-02
-3.600527532398700714e-03
5.577881820499897003e-04
-1.457610446959733963e-02
1.533537078648805618e-02
-1.533815637230873108e-02
8.211963810026645660e-03
1.382563379593193531e-03
-4.042257741093635559e-02
-2.128894440829753876e-02
-1.479954691603779793e-03
-8.324097841978073120e-03
-1.140005770139396191e-03
3.426701202988624573e-02
1.884688809514045715e-02
1.384585816413164139e-02
-3.454977646470069885e-02
-7.633358240127563477e-03
1.831432245671749115e-02
9.413924068212509155e-03
-1.513027027249336243e-02
-1.512830029241740704e-03
-3.601882606744766235e-02
-1.594628393650054932e-02
2.419177629053592682e-02
6.518858019262552261e-03
-8.273411076515913010e-04
-2.381044207140803337e-03
-9.753323160111904144e-03
2.033184748142957687e-03
6.999040953814983368e-03
2.565433830022811890e-02
-3.192489966750144958e-02
-6.515665445476770401e-03
-9.144498966634273529e-03
1.708879880607128143e-02
2.095587551593780518e-02
6.412175018340349197e-03
2.432638779282569885e-02
1.206621062010526657e-02
-1.934688724577426910e-02
1.457505859434604645e-02
-1.175144594162702560e-02
1.986272260546684265e-02
-7.917123846709728241e-03
-2.550706733018159866e-03
-1.640979200601577759e-02
-7.431079167872667313e-03
5.593120586127042770e-03
-1.237176079303026199e-02
-1.076668314635753632e-02
-1.464521512389183044e-02
2.902118721976876259e-03
-1.763449516147375107e-03
-2.088403701782226562e-02
-2.589302882552146912e-02
-1.249366626143455505e-02
-2.504258416593074799e-03
1.392241916619241238e-03
8.132555522024631500e-03
-1.860835775732994080e-02
-3.473482094705104828e-03
-6.263330578804016113e-03
-4.676296375691890717e-03
-1.126397121697664261e-02
6.798849906772375107e-03
-1.433319505304098129e-02
5.497341509908437729e-03
1.039713900536298752e-02
1.473480463027954102e-02
-1.006088871508836746e-02
-8.833007887005805969e-03
-5.137565894983708858e-04
3.170832293108105659e-03
-2.294743806123733521e-02
-1.723435148596763611e-02
-1.432161498814821243e-02
7.810185663402080536e-03
-1.962329447269439697e-02
7.038513198494911194e-03
1.348585914820432663e-02
3.131522564217448235e-03
-5.580503027886152267e-03
-1.676934026181697845e-02
-1.553829200565814972e-02
-8.815364912152290344e-03
-3.989089652895927429e-02
1.434108987450599670e-02
-5.874158069491386414e-02
-7.657659705728292465e-03
-1.205476280301809311e-02
-9.085930883884429932e-03
2.877727523446083069e-02
-4.061311855912208557e-02
1.659425906836986542e-04
7.357960566878318787e-03
-1.633438281714916229e-02
-1.423010951839387417e-03
1.376744825392961502e-02
2.864717319607734680e-02
-9.815856814384460449e-03
1.612459868192672729e-02
1.758650317788124084e-02
-1.081419736146926880e-02
-1.054178550839424133e-02
1.867511123418807983e-02
-4.265295807272195816e-03
-3.234817460179328918e-02
-6.130506750196218491e-03
-1.080572139471769333e-03
-5.149438511580228806e-03
-5.244252737611532211e-03
-3.014907985925674438e-02
-1.841654442250728607e-02
-1.583524048328399658e-02
-1.083747018128633499e-02
-1.795223914086818695e-02
-4.173939675092697144e-02
-1.191587839275598526e-02
5.569316446781158447e-03
-4.266277421265840530e-03
-1.098751183599233627e-02
-1.360287610441446304e-02
3.190464898943901062e-02
8.636344224214553833e-03
4.122880473732948303e-02
2.826719731092453003e-02
-1.920617744326591492e-02
-3.441290231421589851e-03
7.407419383525848389e-03
-1.302985660731792450e-02
7.117397763067856431e-05
-9.695298969745635986e-03
-1.313293725252151489e-02
2.274823747575283051e-02
3.493766300380229950e-03
6.788322352804243565e-04
-3.734847996383905411e-03
4.510965663939714432e-03
-2.367303520441055298e-02
-9.678751230239868164e-03
1.235668454319238663e-02
-1.417362596839666367e-02
6.713194306939840317e-03
-2.260999381542205811e-02
1.165295578539371490e-02
1.606352999806404114e-02
8.328313939273357391e-03
2.273029461503028870e-02
-2.424314059317111969e-02
-2.018188126385211945e-02
-8.515744470059871674e-03
-3.517233207821846008e-02
-1.992267556488513947e-02
1.921115815639495850e-02
1.550380047410726547e-02
3.803576901555061340e-02
-7.332012988626956940e-03
-9.128905832767486572e-03
-9.329121559858322144e-03
-7.802540436387062073e-03
-1.782347634434700012e-02
1.653477735817432404e-02
-2.111208252608776093e-02
-9.113227017223834991e-03
-1.907338155433535576e-03
-3.329001367092132568e-02
2.724981680512428284e-02
-2.115623280405998230e-02
-5.120194982737302780e-03
-1.377527229487895966e-02
-1.472704485058784485e-02
1.127191446721553802e-02
4.726483952254056931e-03
-9.521886706352233887e-03
-4.960983991622924805e-03
2.838486805558204651e-03
7.728751283138990402e-03
-5.122484173625707626e-03
-1.570808142423629761e-02
-4.024174064397811890e-02
-1.270969863981008530e-02
2.475008368492126465e-02
-2.082305774092674255e-02
-5.821272730827331543e-03
1.797582767903804779e-02
4.406124353408813477e-03
-5.933714564889669418e-03
-9.028437547385692596e-03
-2.476465143263339996e-02
7.657968439161777496e-03
-1.272361958399415016e-03
1.356249395757913589e-02
-9.057651273906230927e-03
2.360631152987480164e-02
-2.170140482485294342e-02
-5.786294862627983093e-02
-1.234319433569908142e-02
6.911369506269693375e-03
5.593926180154085159e-03
-3.149454295635223389e-02
-1.086671371012926102e-02
1.891182176768779755e-02
8.056847378611564636e-03
-1.142675802111625671e-02
-6.405069679021835327e-02
-1.418846007436513901e-02
6.236349698156118393e-03
-5.886581260710954666e-03
-3.808202920481562614e-03
-1.212836988270282745e-02
-3.153796866536140442e-02
6.885047070682048798e-03
-1.145653054118156433e-02
2.473988570272922516e-03
-2.554981410503387451e-02
-1.100736297667026520e-02
1.212124433368444443e-02
-5.247149616479873657e-03
-3.297456772997975349e-03
-2.789176627993583679e-02
-1.261876244097948074e-02
-1.554269227199256420e-03
2.746104029938578606e-03
3.492407966405153275e-03
-3.879891708493232727e-03
-9.023783728480339050e-03
2.255265600979328156e-02
-4.375942051410675049e-03
1.681281439960002899e-02
-8.334854617714881897e-03
-3.017223067581653595e-02
-4.405621066689491272e-02
1.856229081749916077e-02
-2.161380834877490997e-02
-1.538152992725372314e-02
-3.751726821064949036e-03
5.124201066792011261e-03
-7.833287119865417480e-02
-1.978447474539279938e-02
-2.790270606055855751e-03
-9.403117932379245758e-03
-1.120438240468502045e-02
2.568977139890193939e-02
-5.544128362089395523e-03
1.463851053267717361e-02
-1.258642505854368210e-02
-1.429754029959440231e-02
1.849403977394104004e-02
1.464095781557261944e-03
1.391613576561212540e-02
-1.045756321400403976e-02
-8.265318349003791809e-03
-3.263341635465621948e-02
-2.072207629680633545e-02
-6.143041886389255524e-03
-6.951748393476009369e-03
-3.201922774314880371e-02
-1.263117138296365738e-02
1.186183374375104904e-02
1.555153075605630875e-02
-1.154255028814077377e-02
-9.124602191150188446e-03
1.039827521890401840e-02
-2.157044224441051483e-02
-3.369199484586715698e-02
-1.730541465803980827e-03
9.312575682997703552e-03
-1.794113405048847198e-02
-1.457004807889461517e-02
-1.949561992660164833e-03
3.556586802005767822e-03
1.107275206595659256e-02
1.442922838032245636e-02
-2.622664347290992737e-02
9.676105342805385590e-03
-3.341829869896173477e-03
-4.876852501183748245e-03
-4.858062602579593658e-04
1.053723134100437164e-02
-9.299843572080135345e-03
1.364604197442531586e-02
-1.571775414049625397e-02
-1.684706658124923706e-02
1.031837053596973419e-02
1.425970532000064850e-02
-5.862431135028600693e-03
-1.550362259149551392e-02
-2.927380800247192383e-02
8.510006009601056576e-04
-1.707687601447105408e-02
-1.440118905156850815e-02
1.618636585772037506e-02
-2.231331542134284973e-02
2.269163727760314941e-02
-1.122654532082378864e-03
2.264098031446337700e-03
2.262087166309356689e-02
1.457721553742885590e-02
-9.783577919006347656e-02
-9.303020313382148743e-03
1.543535571545362473e-02
4.072564188390970230e-03
-9.984941221773624420e-03
6.373192183673381805e-03
-2.477256767451763153e-02
8.392957039177417755e-03
-2.493941411375999451e-02
-3.754030680283904076e-03
-2.764084562659263611e-02
-1.470316667109727859e-02
-1.061626337468624115e-02
1.371520012617111206e-02
1.725528418319299817e-04
1.088711526244878769e-02
-4.610982164740562439e-02
-4.717812407761812210e-03
8.286753669381141663e-03
1.046227407641708851e-03
6.569937337189912796e-03
-7.791636511683464050e-03
1.978630013763904572e-02
-9.709192439913749695e-03
1.542647927999496460e-02
-3.289814665913581848e-02
8.970294147729873657e-03
1.231113099493086338e-03
-2.415340952575206757e-02
-2.798666711896657944e-03
