3.854298032820224762e-03
2.018734365701675415e-01
-1.064941985532641411e-03
1.388722062110900879e-01
6.477115210145711899e-03
-2.070236405415926129e-06
2.027981132268905640e-01
1.160711795091629028e-02
-4.107620567083358765e-03
2.777107432484626770e-02
8.921627700328826904e-02
1.015478149056434631e-01
1.090171784162521362e-01
3.999940305948257446e-02
4.555043688014848158e-06
1.215294003486633301e-01
2.969135642051696777e-01
-1.784204505383968353e-02
1.322420835494995117e-01
9.259356558322906494e-02
8.613651990890502930e-02
2.358770463615655899e-03
2.103386670351028442e-01
1.537249829652864719e-07
1.627532690763473511e-01
-1.045437157154083252e-02
1.145271509885787964e-01
1.549690067768096924e-01
6.628182291024131700e-06
1.657966375350952148e-01
3.131740093231201172e-01
-2.433128654956817627e-03
5.228039249777793884e-02
1.514100730419158936e-01
8.948843181133270264e-02
1.941839307546615601e-01
7.437369227409362793e-02
1.928486377000808716e-01
2.301490632817149162e-03
2.205729633569717407e-01
2.428918182849884033e-01
1.848957985639572144e-01
6.081708148121833801e-02
2.423529047518968582e-03
-7.272649090737104416e-03
2.106454223394393921e-01
1.199479121714830399e-02
1.994095742702484131e-01
1.513818055391311646e-01
2.040559053421020508e-01
-3.207934787496924400e-03
1.216547752846963704e-04
6.794423609972000122e-02
9.986445307731628418e-02
2.769992221146821976e-03
2.063186615705490112e-01
4.633788391947746277e-02
8.820876479148864746e-02
2.085344791412353516e-01
-7.707600246931178845e-08
-1.298302551731467247e-03
1.465455591678619385e-01
1.315561383962631226e-01
6.150355096906423569e-03
1.514245122671127319e-01
1.462668627500534058e-01
6.021247059106826782e-02
1.884640306234359741e-01
-1.022918695525731891e-06
2.213333249092102051e-01
2.380439192056655884e-01
1.279352009296417236e-01
2.438844144344329834e-01
1.470239758491516113e-01
3.108097016811370850e-01
9.227308444678783417e-03
2.398004233837127686e-01
-8.697762154042720795e-03
1.761731356382369995e-01
1.894047409296035767e-01
2.212324887514114380e-01
1.245404407382011414e-01
-1.182415708899497986e-02
2.123510241508483887e-01
1.017036959528923035e-01
1.998495608568191528e-01
1.729700267314910889e-01
9.310403256677091122e-04
-5.229130620136857033e-04
2.381437752774218097e-06
6.409218258340843022e-07
2.232120186090469360e-01
1.664400994777679443e-01
1.356091629713773727e-02
2.684753930282113288e-08
1.782352924346923828e-01
1.900962144136428833e-01
-3.567423671483993530e-02
1.665055453777313232e-01
-9.109122911468148232e-04
1.254041492938995361e-01
1.798160672187805176e-01
9.760569781064987183e-03
1.905383318662643433e-01
4.519105888903141022e-03
-1.916502369567751884e-04
1.668151021003723145e-01
1.850248277187347412e-01
1.483255028724670410e-01
4.434681683778762817e-02
1.152844280004501343e-01
1.483539640903472900e-01
-1.082430216570173798e-07
1.634271740913391113e-01
1.069572661072015762e-02
1.226209253072738647e-01
1.807864606380462646e-01
1.524778306484222412e-01
1.899378746747970581e-01
6.988875567913055420e-02
1.064719334244728088e-01
1.230990812182426453e-01
6.512708216905593872e-02
1.118325367569923401e-01
1.003862321376800537e-01
-2.697955118492245674e-03
2.388102561235427856e-01
5.753596499562263489e-02
6.667665392160415649e-02
1.534530818462371826e-01
1.641470789909362793e-01
1.429181098937988281e-01
1.078294366598129272e-01
1.766804757608042564e-06
9.588710963726043701e-02
7.992153614759445190e-02
1.457970440387725830e-01
1.826255619525909424e-01
4.577124741445004474e-07
1.706447005271911621e-01
1.178305670619010925e-01
1.370741873979568481e-01
2.113087922334671021e-01
1.659536355873569846e-04
-3.221120685338973999e-02
-1.529317721724510193e-02
-1.149410149082541466e-03
1.848577708005905151e-01
2.660890519618988037e-01
1.843966245651245117e-01
2.299718409776687622e-01
4.765199497342109680e-02
9.282094985246658325e-02
-5.960213457001373172e-06
5.377330817282199860e-03
1.281376481056213379e-01
-6.329573807306587696e-04
2.260898327222093940e-06
1.636531054973602295e-01
1.169857457280158997e-01
1.950268894433975220e-01
1.894140150398015976e-03
1.798312664031982422e-01
1.140985265374183655e-01
1.858694851398468018e-01
2.675258729141205549e-04
1.137708425521850586e-01
1.455601006746292114e-01
2.024005353450775146e-01
1.029985696077346802e-01
2.530779141807215638e-08
2.045471072196960449e-01
2.363461107015609741e-01
4.037572070956230164e-03
1.488495399826206267e-06
2.663093209266662598e-01
7.261779159307479858e-02
2.589046955108642578e-01
-4.514102824032306671e-03
1.487439870834350586e-01
2.581264376640319824e-01
1.444567590951919556e-01
2.047625780105590820e-01
5.191675736568868160e-04
1.333217769861221313e-01
-3.049953375011682510e-03
-2.846515201326837996e-07
1.147920712828636169e-01
5.758545361459255219e-03
1.012884527444839478e-01
2.103584259748458862e-01
1.773587018251419067e-01
1.085005253553390503e-01
7.364559173583984375e-02
-8.734278962947428226e-04
1.892985254526138306e-01
2.517102082322253409e-08
2.208252847194671631e-01
3.700849786400794983e-02
-8.762523531913757324e-03
2.680921852515893988e-06
1.525901407003402710e-01
2.406843155622482300e-01
-4.655779339373111725e-03
-2.515721675422355474e-08
1.732306629419326782e-01
1.452859491109848022e-01
1.512192189693450928e-01
1.393637619912624359e-02
1.064289547502994537e-02
1.023410186171531677e-01
2.127581238746643066e-01
1.160907447338104248e-01
1.445498355678864755e-06
7.781289517879486084e-02
2.358951866626739502e-01
1.033073440194129944e-01
-2.136985771358013153e-03
2.222540043294429779e-02
2.649047374725341797e-01
5.331780388951301575e-02
1.101446226239204407e-01
-4.780905893397857653e-09
1.560548245906829834e-01
1.370941251516342163e-01
1.999702900648117065e-01
1.254426091909408569e-01
1.600896124728024006e-03
1.797053366899490356e-01
2.331285923719406128e-01
1.616991162300109863e-01
7.991143316030502319e-02
-3.759228857234120369e-03
5.864774435758590698e-02
-5.995647089918065831e-09
1.775328963994979858e-01
3.200597575414576568e-06
2.050886452198028564e-01
2.458529174327850342e-01
1.835944950580596924e-01
-9.573498573445249349e-06
6.116588599979877472e-03
1.950603872537612915e-01
-1.491956226527690887e-02
1.279709935188293457e-01
1.527425795793533325e-01
1.167791262269020081e-01
2.583990991115570068e-01
1.816843301057815552e-01
-3.516215598210692406e-03
1.788092255592346191e-01
2.275898121297359467e-03
1.781653761863708496e-01
1.530085653066635132e-01
1.249198839068412781e-01
1.629664446227252483e-03
2.214139252901077271e-01
1.560984849929809570e-01
1.792276054620742798e-01
1.967875212430953979e-01
1.167364269495010376e-01
2.546128332614898682e-01
2.233633399009704590e-01
-8.671121671795845032e-03
2.102225124835968018e-01
2.622319571673870087e-02
5.894130095839500427e-02
6.784236989915370941e-03
3.938273002859205008e-04
-4.828010685741901398e-03
-8.438267400379118044e-07
1.575664877891540527e-01
-3.318881454106303863e-07
9.460005909204483032e-02
2.009950429201126099e-01
-4.741956479847431183e-03
8.022617548704147339e-02
4.137163516134023666e-03
1.789235472679138184e-01
2.036424428224563599e-01
1.654890030622482300e-01
9.290212765336036682e-03
1.941768676042556763e-01
2.202758798375725746e-03
1.396539853885769844e-03
2.117191674187779427e-03
2.017361521720886230e-01
1.947586089372634888e-01
2.175165563821792603e-01
1.605020612478256226e-01
1.661767438054084778e-02
1.351971295662224293e-04
2.129768878221511841e-01
2.462779283523559570e-01
2.070632874965667725e-01
2.365739196538925171e-01
1.814446896314620972e-01
8.841853741614613682e-06
-1.854636147618293762e-02
2.977090771310031414e-04
1.626413762569427490e-01
1.663572639226913452e-01
1.150794029235839844e-01
1.107073798775672913e-01
1.406159400939941406e-01
1.232917681336402893e-01
1.016696020960807800e-01
9.037824720144271851e-02
6.526412814855575562e-02
-1.042377669364213943e-02
1.985039412975311279e-01
-1.459995814911962952e-06
4.673984577152623388e-08
6.208411491570586804e-07
-4.798837471753358841e-03
6.163185089826583862e-02
1.697298437356948853e-01
1.751386444084346294e-03
7.905983778755398816e-08
-4.542603157460689545e-03
1.743455976247787476e-01
1.501438915729522705e-01
1.064561679959297180e-01
9.107135981321334839e-02
2.193866968154907227e-01
2.591520420480719622e-08
1.684366017580032349e-01
1.229389831423759460e-01
1.120478510856628418e-01
8.224739134311676025e-02
1.739378422498703003e-01
2.487426996231079102e-01
1.598327941110255779e-07
2.435122616589069366e-03
1.057875603437423706e-01
7.537743449211120605e-02
2.299084961414337158e-01
-9.159225039184093475e-03
2.052862048149108887e-01
7.112845033407211304e-02
9.970114333555102348e-04
1.540784686803817749e-01
2.271208912134170532e-02
2.496472299098968506e-01
1.304841483943164349e-03
1.877810955047607422e-01
8.093847725376690505e-08
1.862167008221149445e-02
1.245487555861473083e-01
1.679641939699649811e-02
1.283568441867828369e-01
1.339882798492908478e-02
2.407105714082717896e-01
-5.762808490544557571e-03
-8.288323879241943359e-04
1.516447663307189941e-01
1.249983906745910645e-01
-1.322334981523454189e-03
1.668553650379180908e-01
2.029327899217605591e-01
1.265331953763961792e-01
1.174032390117645264e-01
1.220758110284805298e-01
-5.845383857376873493e-04
1.172993233922170475e-05
2.473350316286087036e-01
9.255426377058029175e-02
2.410520762205123901e-01
1.612840294837951660e-01
1.483627557754516602e-01
1.486767047254033969e-07
6.165702827274799347e-03
1.648515462875366211e-01
1.740105450153350830e-01
2.561806738376617432e-01
2.801462709903717041e-01
1.160609722137451172e-01
1.760285347700119019e-01
1.010350063443183899e-01
9.793118573725223541e-03
3.054296672344207764e-01
1.758119165897369385e-01
-3.116872394457459450e-03
1.133137643337249756e-01
2.340529561042785645e-01
1.503257006406784058e-01
1.425530626875115559e-06
-2.486041979864239693e-03
1.057412698864936829e-01
2.144343703985214233e-01
2.182974815368652344e-01
2.231929898262023926e-01
-3.542794380336999893e-03
7.613264024257659912e-02
2.173031419515609741e-01
-1.351923914626240730e-03
7.562942337244749069e-03
1.141842156648635864e-01
1.446717977523803711e-01
5.170563235878944397e-02
-2.037879198724112939e-07
-4.145940300077199936e-03
2.795256972312927246e-01
9.602180123329162598e-02
2.567671537399291992e-01
2.086616307497024536e-01
4.167528823018074036e-02
8.858160674571990967e-02
1.523438990116119385e-01
-3.089926370325457583e-10
1.808521151542663574e-01
2.018348425626754761e-01
-2.327932510524988174e-03
6.987684031400931417e-08
8.260774612426757812e-02
2.011099159717559814e-01
3.878078982234001160e-02
2.554431259632110596e-01
4.837315529584884644e-03
1.199992746114730835e-01
1.798461526632308960e-01
3.740153461694717407e-02
1.067451238632202148e-01
1.323612928390502930e-01
9.089822322130203247e-02
9.693109989166259766e-02
-4.133223683311371133e-07
4.097135737538337708e-02
1.695885509252548218e-01
9.801135212182998657e-02
1.614672896721458528e-06
8.655951172113418579e-02
1.961968541145324707e-01
1.681838739386876114e-06
3.280941247940063477e-01
1.887516230344772339e-01
2.021200805902481079e-01
2.510054111480712891e-01
1.355428695678710938e-01
2.258437424898147583e-01
1.073944345116615295e-01
6.813629879616200924e-04
6.979636102914810181e-02
5.947543773800134659e-03
2.862584032118320465e-02
1.560775935649871826e-01
6.082186700950842351e-07
2.290822714567184448e-01
2.189290821552276611e-01
6.469769868999719620e-05
1.574707180261611938e-01
2.541363244290550938e-07
1.949812578061482782e-08
1.815480738878250122e-01
1.036590896546840668e-03
1.136132925748825073e-01
1.832938790321350098e-01
1.875117570161819458e-01
-3.650205326266586781e-04
1.217958256602287292e-01
1.476558148860931396e-01
1.714574843645095825e-01
4.970560222864151001e-02
1.222549453377723694e-01
1.028265710920095444e-02
2.101416289806365967e-01
1.095807924866676331e-01
4.440409995254412934e-08
-1.319215726107358932e-02
1.944766640663146973e-01
1.519337147474288940e-01
3.743967274203896523e-03
-4.510670947865946800e-08
-8.740281919017434120e-04
-2.601190237328410149e-03
1.296812593936920166e-01
3.456181660294532776e-02
3.009836189448833466e-02
1.828249692916870117e-01
2.939071953296661377e-01
5.852470546960830688e-02
1.590780168771743774e-01
2.225955203175544739e-02
1.995104402303695679e-01
2.319991737604141235e-01
1.320662498474121094e-01
5.826665528729790822e-06
1.426824033260345459e-01
6.089612841606140137e-03
8.055157959461212158e-02
1.950982064008712769e-01
1.432731896638870239e-01
-2.266520634293556213e-02
2.135824859142303467e-01
-3.269460517913103104e-03
1.304308325052261353e-01
2.011882960796356201e-01
7.165841013193130493e-02
9.757341601357438776e-09
1.661316603422164917e-01
1.648921519517898560e-02
1.141405552625656128e-01
1.890532374382019043e-01
6.374399363994598389e-02
1.396901458501815796e-01
2.082418836653232574e-02
5.540046840906143188e-03
8.833633363246917725e-02
1.492110639810562134e-01
1.483747382735600695e-07
1.538312435150146484e-01
9.274858981370925903e-03
