9.689795225858688354e-02
1.814132928848266602e-01
1.938109844923019409e-01
1.642061322927474976e-01
2.109884768724441528e-01
2.123144119977951050e-01
1.423190981149673462e-01
1.862787604331970215e-01
1.374334841966629028e-01
1.903621703386306763e-01
1.703462153673171997e-01
1.753274500370025635e-01
2.232022583484649658e-01
1.308685243129730225e-01
1.903602331876754761e-01
1.800252944231033325e-01
2.098417878150939941e-01
2.059251517057418823e-01
2.137468606233596802e-01
1.608941853046417236e-01
1.975188553333282471e-01
2.096566259860992432e-01
1.340779364109039307e-01
1.359549760818481445e-01
1.813195347785949707e-01
2.387624680995941162e-01
1.783912628889083862e-01
1.816196590662002563e-01
1.364355683326721191e-01
2.037724703550338745e-01
1.829764991998672485e-01
2.292472124099731445e-01
2.130916416645050049e-01
2.543793618679046631e-01
2.113700360059738159e-01
1.966219246387481689e-01
1.961029917001724243e-01
1.324298977851867676e-01
1.402174234390258789e-01
2.291807383298873901e-01
1.947154700756072998e-01
2.014895826578140259e-01
1.746580600738525391e-01
1.882585734128952026e-01
1.947166919708251953e-01
1.926542818546295166e-01
2.367785722017288208e-01
2.083304971456527710e-01
2.112865298986434937e-01
1.313230544328689575e-01
1.305788159370422363e-01
1.675120294094085693e-01
1.935341060161590576e-01
1.699139326810836792e-01
1.957856565713882446e-01
1.846764385700225830e-01
1.983967274427413940e-01
1.885269731283187866e-01
1.834336817264556885e-01
1.233705580234527588e-01
2.093539088964462280e-01
1.791308820247650146e-01
1.495110392570495605e-01
1.382687836885452271e-01
1.267505586147308350e-01
1.357475668191909790e-01
2.261528372764587402e-01
1.565974354743957520e-01
1.690024584531784058e-01
1.924726814031600952e-01
2.145712822675704956e-01
1.678186804056167603e-01
1.543991863727569580e-01
1.702099442481994629e-01
2.019567042589187622e-01
2.086271494626998901e-01
2.056808620691299438e-01
2.179893553256988525e-01
1.833914220333099365e-01
1.976272165775299072e-01
1.289836019277572632e-01
1.304063946008682251e-01
2.163745462894439697e-01
1.939168721437454224e-01
1.878411173820495605e-01
1.262366324663162231e-01
1.837359517812728882e-01
2.007891833782196045e-01
1.921703070402145386e-01
2.035223990678787231e-01
2.134224921464920044e-01
2.243885397911071777e-01
2.234014272689819336e-01
1.849951297044754028e-01
1.372172832489013672e-01
1.804444342851638794e-01
2.005963772535324097e-01
2.245715856552124023e-01
1.643750220537185669e-01
1.730899810791015625e-01
1.764577478170394897e-01
2.072741836309432983e-01
1.688357591629028320e-01
1.802196502685546875e-01
2.062923014163970947e-01
2.126290947198867798e-01
2.001022547483444214e-01
2.032067328691482544e-01
1.740447282791137695e-01
2.059912085533142090e-01
2.358426451683044434e-01
1.633619070053100586e-01
1.929440647363662720e-01
1.728124618530273438e-01
1.167962253093719482e-01
1.076412349939346313e-01
2.326104640960693359e-01
2.094002813100814819e-01
1.260036081075668335e-01
1.912741810083389282e-01
2.372576594352722168e-01
2.136117219924926758e-01
1.604753434658050537e-01
1.765199005603790283e-01
1.873078942298889160e-01
1.219829991459846497e-01
2.000207304954528809e-01
1.366841346025466919e-01
1.591517627239227295e-01
1.938713043928146362e-01
1.984068602323532104e-01
2.397808730602264404e-01
1.705323904752731323e-01
2.115881592035293579e-01
1.426949501037597656e-01
1.169092506170272827e-01
1.842691600322723389e-01
1.933006346225738525e-01
1.585741043090820312e-01
2.246305197477340698e-01
1.880233138799667358e-01
1.704665422439575195e-01
1.947260200977325439e-01
1.136293113231658936e-01
1.761517971754074097e-01
2.038423568010330200e-01
1.889564245939254761e-01
1.363241076469421387e-01
2.077582329511642456e-01
1.811927556991577148e-01
1.731448322534561157e-01
2.159594893455505371e-01
2.012857645750045776e-01
1.871628016233444214e-01
1.883867233991622925e-01
1.926161348819732666e-01
2.031373828649520874e-01
1.792449951171875000e-01
1.819458752870559692e-01
2.185611575841903687e-01
2.462846487760543823e-01
1.657505482435226440e-01
1.785061657428741455e-01
1.689471453428268433e-01
1.976818144321441650e-01
1.764034032821655273e-01
1.881522685289382935e-01
2.065843194723129272e-01
1.976040303707122803e-01
1.820086091756820679e-01
1.959430575370788574e-01
1.922800391912460327e-01
1.890376359224319458e-01
2.038824260234832764e-01
1.843164265155792236e-01
1.626483201980590820e-01
1.935671418905258179e-01
1.497488021850585938e-01
1.687300801277160645e-01
1.551838219165802002e-01
1.930311620235443115e-01
2.001710981130599976e-01
1.945342570543289185e-01
1.496117562055587769e-01
1.901519149541854858e-01
1.931551992893218994e-01
1.964077055454254150e-01
1.959516406059265137e-01
1.301649510860443115e-01
2.040709108114242554e-01
1.938150823116302490e-01
1.172106713056564331e-01
1.964216679334640503e-01
1.643518060445785522e-01
1.391613632440567017e-01
2.241530269384384155e-01
2.161426693201065063e-01
1.987867057323455811e-01
1.830631792545318604e-01
1.780969053506851196e-01
2.013936936855316162e-01
2.312978357076644897e-01
1.659287810325622559e-01
1.729366928339004517e-01
1.503790915012359619e-01
1.237257197499275208e-01
1.461151540279388428e-01
2.230707406997680664e-01
2.200354188680648804e-01
1.364514082670211792e-01
1.266745626926422119e-01
1.902930587530136108e-01
1.304356455802917480e-01
1.314275413751602173e-01
1.488050073385238647e-01
2.101512104272842407e-01
2.209116667509078979e-01
2.202034443616867065e-01
2.070947438478469849e-01
1.848829686641693115e-01
1.693032532930374146e-01
2.049773484468460083e-01
1.967812478542327881e-01
1.972277313470840454e-01
1.638031750917434692e-01
1.652859896421432495e-01
2.203399688005447388e-01
1.555361300706863403e-01
1.690952777862548828e-01
1.944676786661148071e-01
1.848535835742950439e-01
2.018515467643737793e-01
2.368851453065872192e-01
1.930243074893951416e-01
2.014349550008773804e-01
2.246570736169815063e-01
2.038233876228332520e-01
1.652981340885162354e-01
1.383832097053527832e-01
3.183366656303405762e-01
1.976249516010284424e-01
2.010036259889602661e-01
1.879401057958602905e-01
1.702758818864822388e-01
1.880475878715515137e-01
2.127191722393035889e-01
1.852083653211593628e-01
2.193349003791809082e-01
2.023434489965438843e-01
2.165533006191253662e-01
1.546666324138641357e-01
1.342800259590148926e-01
1.244691982865333557e-01
2.063136994838714600e-01
1.767360419034957886e-01
1.484378278255462646e-01
