-8.936766535043716431e-03
-1.887337118387222290e-02
5.781810265034437180e-03
-4.301220923662185669e-02
-2.513708733022212982e-02
3.737949952483177185e-02
2.510569756850600243e-04
1.872272812761366367e-03
3.474121680483222008e-03
9.985225042328238487e-04
-2.635675854980945587e-02
-6.084993481636047363e-02
-3.417907655239105225e-02
8.919600397348403931e-03
-5.282173678278923035e-02
-2.258153446018695831e-02
4.028263315558433533e-02
-8.177163079380989075e-03
2.088075876235961914e-02
-2.367020212113857269e-02
1.014275290071964264e-02
1.629540883004665375e-02
9.843328967690467834e-03
1.200179103761911392e-02
-3.142919018864631653e-02
3.435902064666152000e-03
3.125350177288055420e-02
-4.994785878807306290e-03
1.154296845197677612e-02
-4.312055185437202454e-02
-1.265926659107208252e-02
4.891962930560112000e-02
2.026241738349199295e-03
5.135763064026832581e-02
8.964850567281246185e-03
-1.333502586930990219e-02
-7.903303951025009155e-03
-1.275639142841100693e-02
3.077896498143672943e-02
-2.193601801991462708e-02
8.685822598636150360e-03
-1.813155040144920349e-02
-3.335873037576675415e-02
-1.113355974666774273e-03
-4.892797209322452545e-03
-2.981201186776161194e-02
-3.383045550435781479e-03
-2.080809324979782104e-02
4.706118721514940262e-03
-2.788495458662509918e-02
-3.390351543202996254e-03
-2.408722788095474243e-02
4.236165061593055725e-02
-2.233460359275341034e-02
9.932168759405612946e-03
2.044413983821868896e-02
-5.736516043543815613e-02
-3.415128588676452637e-02
-1.733880839310586452e-03
-9.814940392971038818e-03
-1.065955217927694321e-02
-3.875401336699724197e-03
-3.282406926155090332e-02
-2.549101191107183695e-04
6.791265332140028477e-04
-2.968477830290794373e-02
3.412243723869323730e-02
-1.727825030684471130e-02
1.528080552816390991e-02
-1.393828168511390686e-02
2.851175330579280853e-02
-4.179861024022102356e-02
2.758300863206386566e-02
6.690416950732469559e-03
6.268777418881654739e-03
4.851037263870239258e-02
1.732517615891993046e-03
1.074830535799264908e-03
5.850497167557477951e-03
1.999819837510585785e-02
2.540408633649349213e-02
1.816131360828876495e-02
7.453538011759519577e-03
-1.271330438612494618e-05
-2.640283480286598206e-02
-5.823356565088033676e-03
2.315678074955940247e-02
4.516469687223434448e-02
-1.220693159848451614e-02
9.775442071259021759e-03
-1.348645426332950592e-02
-1.864714664407074451e-03
1.774996286258101463e-03
4.814109578728675842e-02
5.842546001076698303e-02
-1.801572740077972412e-02
3.805157728493213654e-03
1.786674745380878448e-02
-2.384025789797306061e-02
-9.688221849501132965e-03
1.811592094600200653e-02
-2.232078090310096741e-02
-3.570092376321554184e-03
5.357488524168729782e-03
-2.536317892372608185e-02
-1.980340667068958282e-02
1.258480828255414963e-02
-4.011412337422370911e-02
-1.676843501627445221e-02
1.013213302940130234e-03
3.254113346338272095e-02
-8.933588862419128418e-03
-3.712672367691993713e-02
-5.098462104797363281e-02
2.942708320915699005e-02
1.203830004669725895e-03
6.056981161236763000e-02
-1.064462866634130478e-02
1.805297657847404480e-02
-4.506817832589149475e-02
-1.516850944608449936e-02
-1.150393392890691757e-02
-2.256938721984624863e-03
1.746741496026515961e-02
-5.049223080277442932e-03
3.315271809697151184e-02
2.219935413450002670e-03
3.229191526770591736e-02
5.066521000117063522e-03
3.600116074085235596e-02
-3.845234215259552002e-02
2.158591710031032562e-02
-5.486122891306877136e-02
7.075293455272912979e-03
-1.918658055365085602e-02
-7.581876125186681747e-03
-1.474158372730016708e-02
9.204998612403869629e-02
3.394483588635921478e-03
-2.001013979315757751e-02
-9.143532253801822662e-03
8.936369791626930237e-03
-3.450084710493683815e-03
6.443044636398553848e-03
-1.283821533434092999e-03
3.122697398066520691e-02
-5.426107905805110931e-03
-4.496195912361145020e-02
4.340146854519844055e-02
-1.466115470975637436e-02
1.460305415093898773e-02
1.655784063041210175e-02
2.916036732494831085e-02
-5.898073781281709671e-03
2.861719578504562378e-02
-1.504461281001567841e-02
3.313022851943969727e-02
5.588323250412940979e-02
3.172180056571960449e-02
8.714029565453529358e-03
-1.544180605560541153e-02
7.735577411949634552e-03
-5.517760757356882095e-03
3.607799857854843140e-02
3.481070697307586670e-02
3.875919058918952942e-02
-3.229182958602905273e-02
-1.424112939275801182e-03
2.279129251837730408e-02
1.795603893697261810e-02
2.372263371944427490e-02
-3.044126788154244423e-03
2.421903656795620918e-03
-1.089306920766830444e-02
6.278186291456222534e-02
2.693881979212164879e-03
-3.928988054394721985e-02
-2.065845998004078865e-03
-2.837394550442695618e-02
1.242515910416841507e-02
2.245114184916019440e-02
6.088575348258018494e-03
1.819129101932048798e-02
2.946178801357746124e-02
2.910719485953450203e-03
2.388801239430904388e-02
7.279885001480579376e-03
3.933128435164690018e-03
3.953924402594566345e-02
4.171012341976165771e-02
5.564986728131771088e-03
-1.659566350281238556e-02
-2.788823097944259644e-02
6.146936491131782532e-02
1.769574545323848724e-02
-4.778805747628211975e-02
-1.223625149577856064e-02
3.960116766393184662e-03
-4.193483293056488037e-02
8.840911090373992920e-03
-1.731783524155616760e-02
-1.779450476169586182e-02
1.736537739634513855e-02
4.306494072079658508e-02
1.295394729822874069e-02
-2.925459481775760651e-02
-3.636282309889793396e-02
-2.367368526756763458e-02
3.823798848316073418e-03
-8.708177134394645691e-03
-2.905306778848171234e-02
2.258658409118652344e-02
2.047969214618206024e-02
-7.309600186999887228e-05
5.453261081129312515e-03
-5.601568520069122314e-02
-1.717252656817436218e-02
5.388171412050724030e-03
3.548176586627960205e-02
-1.159598492085933685e-02
-7.659387309104204178e-03
1.249892637133598328e-02
-9.329218417406082153e-03
-1.460021827369928360e-02
1.618146523833274841e-02
9.870292618870735168e-03
-2.747808815911412239e-03
9.688555262982845306e-03
-7.860111072659492493e-03
2.539923228323459625e-02
1.483438070863485336e-02
-1.418166048824787140e-02
-1.657188683748245239e-02
-1.025041006505489349e-02
6.069517694413661957e-03
-4.209811985492706299e-02
8.459664881229400635e-03
1.301605161279439926e-02
-6.031086668372154236e-03
2.842127578333020210e-03
1.350740902125835419e-02
6.067832931876182556e-02
1.990903541445732117e-02
8.053104393184185028e-03
1.273643691092729568e-02
-6.616559624671936035e-02
5.313241481781005859e-02
8.351806551218032837e-03
-3.350954130291938782e-02
-8.382873237133026123e-02
-2.319992519915103912e-02
4.507301375269889832e-02
-2.240507677197456360e-02
-8.534590713679790497e-03
2.157091163098812103e-03
1.051385235041379929e-02
-2.996444003656506538e-03
-2.018642053008079529e-02
-4.150076210498809814e-02
-1.739331707358360291e-02
-6.175906956195831299e-02
-1.503068301826715469e-02
3.181819338351488113e-03
-1.750877127051353455e-02
1.733900979161262512e-03
-6.311591714620590210e-03
3.575786203145980835e-02
2.353999577462673187e-02
-1.172652747482061386e-02
-3.273260220885276794e-02
1.993204094469547272e-02
-3.957596048712730408e-02
1.275123935192823410e-02
3.705647541210055351e-03
-2.837827056646347046e-02
-5.010745488107204437e-03
8.525826036930084229e-03
4.362321645021438599e-02
-3.629697114229202271e-02
-2.639173343777656555e-02
-3.489280352368950844e-03
2.638229355216026306e-02
-3.607476362958550453e-03
-6.006544921547174454e-03
-2.443496137857437134e-02
3.392280638217926025e-02
-2.658988349139690399e-02
-1.470752526074647903e-02
2.985009551048278809e-02
-2.318434976041316986e-02
-6.443727761507034302e-03
4.353322088718414307e-02
-2.794992364943027496e-02
1.929216645658016205e-02
1.033312524668872356e-03
-1.874024607241153717e-02
-2.435569651424884796e-02
-2.418245654553174973e-03
2.488740161061286926e-02
-9.759481064975261688e-03
6.306108087301254272e-03
-2.442622929811477661e-02
-1.848698034882545471e-02
-4.068972542881965637e-02
-4.601664841175079346e-02
-1.900026015937328339e-02
-2.210289239883422852e-02
7.379201799631118774e-02
2.043502032756805420e-02
-6.853329017758369446e-03
-1.517996937036514282e-02
4.025789722800254822e-02
-1.894468255341053009e-02
3.031136095523834229e-02
-1.141010969877243042e-02
9.387511759996414185e-03
9.211617289111018181e-04
9.651181288063526154e-03
1.188541017472743988e-02
-1.727481186389923096e-02
-3.908627107739448547e-02
-7.952019572257995605e-03
3.944393992424011230e-02
2.682644408196210861e-03
-6.079070735722780228e-03
1.742851734161376953e-02
-1.648937724530696869e-02
-2.707035653293132782e-02
-2.280465140938758850e-02
-1.886657811701297760e-02
5.931700114160776138e-03
3.486827388405799866e-02
8.696739561855792999e-03
-1.416543871164321899e-02
3.420466184616088867e-02
-2.329197479411959648e-03
-1.451047975569963455e-02
-3.674671461340039968e-05
-1.177609432488679886e-02
7.316293660551309586e-03
1.181153766810894012e-02
-2.359138801693916321e-02
-6.189053878188133240e-03
-2.916426211595535278e-02
-1.386439707130193710e-02
-1.637923158705234528e-02
1.814753748476505280e-02
-7.156324572861194611e-03
7.800029125064611435e-03
6.845907121896743774e-02
-1.367443799972534180e-02
8.975511789321899414e-02
-1.085607148706912994e-02
-2.195921726524829865e-02
3.884257003664970398e-02
-8.810052648186683655e-03
1.175635028630495071e-02
2.505973726511001587e-02
-1.070325821638107300e-02
-3.412567451596260071e-02
-3.526258282363414764e-03
-2.304389327764511108e-02
-2.593065612018108368e-02
1.423019543290138245e-02
-3.805742040276527405e-02
1.391037460416555405e-02
3.075821325182914734e-02
1.440342143177986145e-02
2.667449973523616791e-02
1.753533259034156799e-02
3.213303163647651672e-02
2.839260362088680267e-02
-2.241094782948493958e-02
1.105675240978598595e-03
7.992666214704513550e-04
3.796914964914321899e-02
-1.157412771135568619e-02
2.873400785028934479e-02
5.746072158217430115e-03
-2.886016294360160828e-02
6.143708596937358379e-04
-3.508025407791137695e-02
-1.985041890293359756e-03
3.783000633120536804e-02
-1.967359706759452820e-02
-2.734134532511234283e-02
-2.550684614107012749e-03
-3.534816950559616089e-02
3.886713413521647453e-03
-6.199366762302815914e-04
-7.504093926399946213e-03
-1.157467346638441086e-02
7.239934056997299194e-02
-2.689038403332233429e-02
1.387873198837041855e-02
-7.111208885908126831e-02
2.932830527424812317e-02
-5.482716113328933716e-02
-1.843979582190513611e-02
-1.032817363739013672e-02
1.469222083687782288e-02
6.583546288311481476e-03
1.373635977506637573e-02
4.006781429052352905e-02
3.913079574704170227e-02
4.161979258060455322e-02
-6.542754359543323517e-03
-2.064877375960350037e-02
9.007319808006286621e-02
3.418681677430868149e-03
-9.564765729010105133e-03
-2.702507935464382172e-02
-4.629994183778762817e-02
-3.042074386030435562e-03
8.434888906776905060e-03
1.097565423697233200e-02
-5.070436373353004456e-02
-3.927650675177574158e-02
5.059175565838813782e-02
-1.390577061101794243e-03
-2.249274170026183128e-03
-5.708409473299980164e-03
9.314950555562973022e-03
-4.569790139794349670e-02
-3.274138271808624268e-02
-4.457273054867982864e-03
2.236086130142211914e-02
1.095913629978895187e-02
-9.000617079436779022e-03
-7.297388464212417603e-02
-1.461904961615800858e-02
5.962744355201721191e-02
4.113640263676643372e-02
2.553487662225961685e-03
1.933544874191284180e-02
-2.225965820252895355e-02
-2.367605455219745636e-02
1.168609596788883209e-02
4.371877387166023254e-02
1.280780415982007980e-04
-3.772929310798645020e-02
-1.365549047477543354e-03
-1.678831316530704498e-02
5.169508513063192368e-03
-5.509785190224647522e-02
-2.233804203569889069e-02
-1.243875012733042240e-03
1.035430934280157089e-02
2.934823045507073402e-03
-2.733157388865947723e-02
1.039755046367645264e-01
7.475587772205471992e-04
-9.576759487390518188e-02
3.396877646446228027e-02
-1.296546403318643570e-02
-4.575282707810401917e-02
5.028720013797283173e-03
-1.757640019059181213e-02
2.069989684969186783e-03
3.640522435307502747e-02
2.451667794957756996e-03
-5.804365966469049454e-03
-3.795323520898818970e-02
-5.813957378268241882e-02
1.068916264921426773e-02
2.566571347415447235e-02
-3.289818391203880310e-02
1.440301351249217987e-02
-9.230574592947959900e-03
-1.046552439220249653e-03
-2.182298153638839722e-02
-3.870192915201187134e-02
2.855021040886640549e-03
1.696629216894507408e-03
-2.541423775255680084e-02
-2.110643684864044189e-02
-7.984051853418350220e-02
-2.011122927069664001e-02
-4.595524072647094727e-02
6.040478125214576721e-03
-3.224210068583488464e-02
-2.443792670965194702e-02
4.287255182862281799e-02
-3.575537586584687233e-03
1.710465550422668457e-02
6.415387988090515137e-02
2.739018760621547699e-02
-1.068479102104902267e-02
2.106788195669651031e-02
2.948683686554431915e-02
-7.023873040452599525e-04
-3.978458046913146973e-02
-1.798148266971111298e-03
-2.920425683259963989e-02
-3.354135528206825256e-02
-3.673905506730079651e-02
-2.581879124045372009e-02
5.700723081827163696e-02
-4.812400438822805882e-04
4.294534213840961456e-03
-2.342816442251205444e-02
3.213086863979697227e-03
-2.320365281775593758e-03
-4.437918961048126221e-02
1.260169874876737595e-02
-6.698670983314514160e-02
-4.033372178673744202e-02
-9.978344663977622986e-03
-9.125307202339172363e-03
3.300323709845542908e-02
6.559445988386869431e-03
4.523046314716339111e-02
