2.134112566709518433e-01
1.884784251451492310e-01
1.413573324680328369e-01
1.527309864759445190e-01
1.321957707405090332e-01
1.873525083065032959e-01
1.447473466396331787e-01
4.510989626282935205e-08
1.599277257919311523e-01
1.494575589895248413e-01
2.349899858236312866e-01
1.831531822681427002e-01
1.851615756750106812e-01
1.493313759565353394e-01
1.309039294719696045e-01
1.063427105545997620e-01
3.748695552349090576e-01
1.264421194791793823e-01
3.189459741115570068e-01
2.716015875339508057e-01
2.580972909927368164e-01
2.945818603038787842e-01
1.839520484209060669e-01
2.108827423796810763e-08
3.331344127655029297e-01
2.046124190092086792e-01
3.039858639240264893e-01
1.180531050692934514e-08
1.497652083635330200e-01
1.571862995624542236e-01
1.401080340147018433e-01
1.489963531494140625e-01
1.243807822465896606e-01
1.878569126129150391e-01
1.425679922103881836e-01
3.482832014560699463e-01
1.503816992044448853e-01
3.003442883491516113e-01
2.592524886131286621e-01
1.071116477251052856e-01
2.687520682811737061e-01
1.355183869600296021e-01
1.182199344038963318e-01
1.118906587362289429e-01
2.873579263687133789e-01
3.263710737228393555e-01
1.478145569562911987e-01
2.310483455657958984e-01
3.363792002201080322e-01
2.880795598030090332e-01
1.231883540749549866e-01
3.076288700103759766e-01
1.184600442647933960e-01
1.313747167587280273e-01
2.067059576511383057e-01
1.578731983900070190e-01
2.657425035579308314e-08
2.046707421541213989e-01
2.879683336232119473e-08
1.828412711620330811e-01
3.017989695072174072e-01
1.740075945854187012e-01
2.843798100948333740e-01
2.371476590633392334e-01
