3.001577258110046387e-01
1.878654360771179199e-01
1.682779639959335327e-01
1.700498163700103760e-01
2.510039508342742920e-01
1.264443695545196533e-01
1.595622301101684570e-01
1.924905627965927124e-01
1.379341185092926025e-01
1.618593484163284302e-01
1.924652457237243652e-01
2.059047520160675049e-01
2.133428901433944702e-01
1.886162012815475464e-01
1.551571190357208252e-01
1.556415259838104248e-01
2.230345904827117920e-01
2.143467217683792114e-01
1.503233909606933594e-01
2.025187462568283081e-01
1.546428352594375610e-01
1.727948635816574097e-01
1.656994521617889404e-01
1.652984768152236938e-01
1.759442836046218872e-01
2.396775931119918823e-01
1.491522192955017090e-01
1.924907565116882324e-01
1.349801719188690186e-01
1.302938610315322876e-01
2.352169454097747803e-01
2.115967422723770142e-01
2.161626219749450684e-01
1.721422523260116577e-01
1.859765946865081787e-01
2.055599242448806763e-01
1.355303972959518433e-01
2.451392412185668945e-01
1.830805987119674683e-01
2.053483277559280396e-01
1.649945378303527832e-01
1.824439764022827148e-01
2.216706275939941406e-01
1.819843202829360962e-01
2.020929902791976929e-01
1.698711514472961426e-01
2.040276229381561279e-01
1.753432303667068481e-01
1.816355586051940918e-01
1.903521865606307983e-01
1.530863642692565918e-01
2.185623645782470703e-01
1.660553067922592163e-01
1.781468838453292847e-01
1.437528729438781738e-01
2.048252969980239868e-01
1.353477835655212402e-01
1.997245401144027710e-01
2.582225799560546875e-01
1.682856529951095581e-01
1.852494329214096069e-01
1.189295426011085510e-01
1.654686480760574341e-01
1.963775604963302612e-01
