1.067261472344398499e-01
1.330475658178329468e-01
1.965817064046859741e-01
2.040581107139587402e-01
1.227851957082748413e-01
1.568438708782196045e-01
1.681501716375350952e-01
1.349490582942962646e-01
2.218223959207534790e-01
1.687482744455337524e-01
1.892245709896087646e-01
1.968301087617874146e-01
1.743701398372650146e-01
1.540307700634002686e-01
2.010866105556488037e-01
1.393988132476806641e-01
1.830507814884185791e-01
1.286317110061645508e-01
1.294340193271636963e-01
1.837939769029617310e-01
1.811092495918273926e-01
1.735372841358184814e-01
1.889495253562927246e-01
2.164184004068374634e-01
1.570209413766860962e-01
1.865808665752410889e-01
1.984728276729583740e-01
1.464657485485076904e-01
1.639658212661743164e-01
1.273415386676788330e-01
2.272863984107971191e-01
1.821817755699157715e-01
1.238705143332481384e-01
1.485545486211776733e-01
1.905317753553390503e-01
1.188868284225463867e-01
1.203536689281463623e-01
1.201214119791984558e-01
2.163415253162384033e-01
1.233775019645690918e-01
1.987190395593643188e-01
2.344849109649658203e-01
1.418794095516204834e-01
1.328969001770019531e-01
2.138063013553619385e-01
1.867165416479110718e-01
1.982049196958541870e-01
1.369929611682891846e-01
2.064492702484130859e-01
1.887487173080444336e-01
1.521381139755249023e-01
1.633624434471130371e-01
1.765117198228836060e-01
1.685169190168380737e-01
1.897751837968826294e-01
2.198162376880645752e-01
1.706051975488662720e-01
1.576750427484512329e-01
1.608763337135314941e-01
1.754468679428100586e-01
1.328209489583969116e-01
1.599517017602920532e-01
1.972824633121490479e-01
1.793667674064636230e-01
1.990951150655746460e-01
1.766507327556610107e-01
1.928482055664062500e-01
1.742298454046249390e-01
1.743557453155517578e-01
1.367283016443252563e-01
2.161035835742950439e-01
2.227109968662261963e-01
1.319483518600463867e-01
1.863653957843780518e-01
2.204743176698684692e-01
1.354830116033554077e-01
2.002598345279693604e-01
1.854681968688964844e-01
1.881145089864730835e-01
1.726197600364685059e-01
2.033916413784027100e-01
1.852616220712661743e-01
1.982831060886383057e-01
2.176510989665985107e-01
1.945950835943222046e-01
1.802483946084976196e-01
1.104123070836067200e-01
2.101772576570510864e-01
1.276144087314605713e-01
1.823667287826538086e-01
1.731473356485366821e-01
1.329151391983032227e-01
1.180290430784225464e-01
1.594926565885543823e-01
1.543488204479217529e-01
1.726599186658859253e-01
1.970039606094360352e-01
1.179351359605789185e-01
1.991288959980010986e-01
1.621211022138595581e-01
1.657032668590545654e-01
1.119298636913299561e-01
2.403194904327392578e-01
2.069966793060302734e-01
2.018320113420486450e-01
2.244071662425994873e-01
1.570470184087753296e-01
1.642303615808486938e-01
1.892438679933547974e-01
1.862114965915679932e-01
1.602870374917984009e-01
1.726207435131072998e-01
1.623276770114898682e-01
1.523554772138595581e-01
1.493119150400161743e-01
1.494213342666625977e-01
1.379738897085189819e-01
1.604057699441909790e-01
2.157764285802841187e-01
1.388814151287078857e-01
1.482402086257934570e-01
1.677128374576568604e-01
2.042153179645538330e-01
1.283880621194839478e-01
2.150532156229019165e-01
1.155272871255874634e-01
1.354273557662963867e-01
1.562752276659011841e-01
