-1.785063743591308594e-01
-2.099330872297286987e-01
8.022529631853103638e-02
-1.658434718847274780e-01
-1.965124458074569702e-01
-2.649110853672027588e-01
-3.143653273582458496e-01
-8.869367837905883789e-02
-1.429173648357391357e-01
-5.829666182398796082e-02
-1.152840033173561096e-01
-2.108379155397415161e-01
-8.523137867450714111e-02
-1.223252490162849426e-01
-1.581164598464965820e-01
-1.356688290834426880e-01
-1.541541069746017456e-01
-1.896168291568756104e-01
-2.576511800289154053e-01
-2.570723295211791992e-01
-1.748670190572738647e-01
3.098952211439609528e-02
-1.793841719627380371e-01
-7.433462888002395630e-02
-6.570551544427871704e-02
-5.918255448341369629e-02
-6.105260178446769714e-02
-1.266207993030548096e-01
-1.669742166996002197e-01
-1.209165453910827637e-01
-1.311445981264114380e-01
-3.728590905666351318e-02
-7.067693769931793213e-02
-6.904488801956176758e-02
-8.508638292551040649e-02
-1.208374626003205776e-03
4.741572774946689606e-03
-1.133024320006370544e-01
-9.085093438625335693e-02
-1.064932718873023987e-01
-2.592615485191345215e-01
4.416544921696186066e-03
-9.314963966608047485e-02
-2.399306595325469971e-01
-1.464136987924575806e-01
-1.072363182902336121e-01
-1.298647969961166382e-01
-1.336151808500289917e-01
-1.266718506813049316e-01
2.124179154634475708e-02
-7.532350718975067139e-03
-1.516897380352020264e-01
-1.414895206689834595e-01
1.836034283041954041e-02
-8.895318210124969482e-02
-1.224951520562171936e-01
7.788832485675811768e-02
-1.475785523653030396e-01
-7.083003222942352295e-02
-5.663156881928443909e-02
-1.248254925012588501e-01
-5.488373339176177979e-02
-1.264235228300094604e-01
-3.187279030680656433e-02
-1.574798226356506348e-01
-9.753441065549850464e-02
-1.478082239627838135e-01
-2.352714538574218750e-02
-1.249702647328376770e-01
-8.669377863407135010e-02
-1.990965008735656738e-01
-1.774043887853622437e-01
-2.488572336733341217e-02
-9.160097688436508179e-02
-1.464782655239105225e-01
-2.072603702545166016e-01
-1.080595552921295166e-01
-1.618239730596542358e-01
-1.784451492130756378e-02
-1.592185162007808685e-02
-1.206586658954620361e-01
-2.072881460189819336e-01
-2.235327363014221191e-01
-1.226573511958122253e-01
-1.142852753400802612e-01
1.364387273788452148e-01
-1.229307353496551514e-01
-9.365230798721313477e-02
-1.520570814609527588e-01
-2.277774959802627563e-01
-1.377207487821578979e-01
-1.255257129669189453e-01
-1.556349098682403564e-01
-9.000869840383529663e-02
-2.390889637172222137e-02
-1.023641452193260193e-01
-2.163379788398742676e-01
-3.127108141779899597e-02
-6.784325838088989258e-02
-1.470693200826644897e-01
-1.436724066734313965e-01
-1.314130276441574097e-01
-1.285717487335205078e-01
-4.243460670113563538e-02
-1.572508960962295532e-01
-7.796426117420196533e-02
-8.148898929357528687e-02
-1.611320674419403076e-01
-1.553530991077423096e-01
-1.145712137222290039e-01
-3.021873161196708679e-02
-1.876046210527420044e-01
-1.178794354200363159e-01
-1.574399769306182861e-01
-1.549106687307357788e-01
-2.130316197872161865e-01
-8.699976652860641479e-02
-1.053924858570098877e-01
-9.720490872859954834e-02
-1.181388497352600098e-01
-9.491495043039321899e-02
-3.611705079674720764e-02
-1.453424990177154541e-01
-1.135940253734588623e-01
-8.254514634609222412e-02
-1.285916566848754883e-01
-1.011899933218955994e-01
-1.371333897113800049e-01
-1.124435737729072571e-01
1.321882307529449463e-01
-7.240819185972213745e-02
-3.670154884457588196e-02
-1.939121186733245850e-01
-1.150243133306503296e-01
-1.395126245915889740e-02
-9.289149194955825806e-02
-1.021187156438827515e-01
-1.714213043451309204e-01
1.358916312456130981e-01
-1.186134517192840576e-01
-4.579837992787361145e-02
-1.254260241985321045e-01
-1.112469881772994995e-01
-7.450447976589202881e-02
-5.713580548763275146e-02
-2.072797864675521851e-01
-1.167007163166999817e-01
-1.942091882228851318e-01
-2.516937814652919769e-02
-1.083021461963653564e-01
-1.104146912693977356e-01
-1.240369901061058044e-01
2.266272343695163727e-02
-2.183376252651214600e-01
-1.357475221157073975e-01
-1.064825952053070068e-01
-1.627904176712036133e-01
-2.176725268363952637e-01
-1.620273143053054810e-01
-1.555292010307312012e-01
-1.784684062004089355e-01
-1.714200824499130249e-01
-1.275630295276641846e-01
-1.518174111843109131e-01
-1.752440333366394043e-01
-5.575173534452915192e-03
-1.765933781862258911e-01
-8.793459832668304443e-02
-2.701534330844879150e-01
1.977051841095089912e-03
-2.039901614189147949e-01
-6.409937888383865356e-02
7.968711107969284058e-02
-1.826411634683609009e-01
-6.467488408088684082e-02
-1.213749274611473083e-01
-9.785419702529907227e-02
1.771295326761901379e-03
3.262665495276451111e-02
-1.189301759004592896e-01
-9.415283799171447754e-02
-3.612754121422767639e-02
-1.731695979833602905e-01
-1.678501367568969727e-01
-1.091418266296386719e-01
-7.132533937692642212e-02
5.208420008420944214e-02
1.956302486360073090e-02
-1.273857802152633667e-01
-7.469577342271804810e-02
-1.057879030704498291e-01
-5.585069209337234497e-02
-1.106273531913757324e-01
-1.206950172781944275e-01
-1.368350088596343994e-01
-9.352027624845504761e-02
-3.529479727149009705e-02
-5.055186524987220764e-02
-5.384914949536323547e-02
-9.356143325567245483e-02
-1.118961349129676819e-01
7.664806209504604340e-03
-1.344816386699676514e-01
-1.527521163225173950e-01
-1.443960964679718018e-01
-1.632503271102905273e-01
-1.035635396838188171e-01
-2.080890089273452759e-01
-8.419280499219894409e-02
-1.674098968505859375e-01
-1.317333430051803589e-01
-1.487178951501846313e-01
-1.678062230348587036e-01
-2.147066034376621246e-02
-3.217946365475654602e-02
-1.121648624539375305e-01
-1.294692605733871460e-01
-8.141877502202987671e-02
-1.028681639581918716e-03
-1.391279511153697968e-02
-1.405397355556488037e-01
1.973450183868408203e-02
-1.476593464612960815e-01
-9.873013198375701904e-02
-7.925491780042648315e-02
-1.657728850841522217e-01
-1.858756095170974731e-01
-1.489099860191345215e-01
-1.156814619898796082e-01
-1.784648299217224121e-01
-7.955690473318099976e-02
-1.392614543437957764e-01
-1.737796887755393982e-02
-1.566147245466709137e-02
-1.570150256156921387e-01
-1.530188918113708496e-01
-1.476629078388214111e-01
-6.905081123113632202e-02
-8.987054228782653809e-02
-1.628580838441848755e-01
-1.087320894002914429e-01
-5.362064763903617859e-02
-2.942694164812564850e-02
-7.457429915666580200e-02
-8.634734153747558594e-02
-1.033419221639633179e-01
-1.156637221574783325e-01
-1.932930201292037964e-01
-2.118147909641265869e-01
-1.377885341644287109e-01
-1.392940431833267212e-01
-1.380873918533325195e-01
-1.259720474481582642e-01
6.176771223545074463e-02
-5.837832763791084290e-02
-1.394534856081008911e-01
