2.317843958735466003e-02
1.427449285984039307e-02
1.955887861549854279e-02
1.637667790055274963e-02
2.341302111744880676e-02
3.023698180913925171e-02
2.846019715070724487e-02
2.680694870650768280e-02
1.501721143722534180e-02
2.645777538418769836e-02
1.702427677810192108e-02
1.665931753814220428e-02
1.088825613260269165e-02
2.075535431504249573e-02
3.789640963077545166e-02
2.620688453316688538e-02
1.828235387802124023e-02
8.807797916233539581e-03
1.293121278285980225e-02
1.523779798299074173e-02
1.099279616028070450e-02
1.384752616286277771e-02
1.285399217158555984e-02
1.945304125547409058e-02
2.148607373237609863e-02
4.905106872320175171e-02
2.491424605250358582e-02
4.208284616470336914e-02
2.109646238386631012e-02
3.387538716197013855e-02
1.514741126447916031e-02
3.639757633209228516e-02
2.393056079745292664e-02
1.364634372293949127e-02
1.264030579477548599e-02
2.510738000273704529e-02
1.866771280765533447e-02
1.727186702191829681e-02
1.670986041426658630e-02
1.861802674829959869e-02
3.158379346132278442e-02
1.917085610330104828e-02
2.050544694066047668e-02
2.464014105498790741e-02
2.602600492537021637e-02
1.823846623301506042e-02
1.314647682011127472e-02
1.454454008489847183e-02
2.551473677158355713e-02
1.995548419654369354e-02
1.805589534342288971e-02
1.734729669988155365e-02
2.864780463278293610e-02
8.687205612659454346e-03
1.502049621194601059e-02
1.436891965568065643e-02
3.607651963829994202e-02
2.925003319978713989e-02
1.304183434695005417e-02
3.606478124856948853e-02
2.355487085878849030e-02
2.754801325500011444e-02
1.527677755802869797e-02
1.260239444673061371e-02
1.466066483408212662e-02
3.249545395374298096e-02
2.185796946287155151e-02
2.279871143400669098e-02
2.313601411879062653e-02
2.122334577143192291e-02
2.634419314563274384e-02
2.000488713383674622e-02
2.793822437524795532e-02
1.346838288009166718e-02
1.453400589525699615e-02
2.669270150363445282e-02
3.080360405147075653e-02
2.963656187057495117e-02
1.059926208108663559e-02
2.490549907088279724e-02
2.231575921177864075e-02
1.187599729746580124e-02
1.325562410056591034e-02
2.102210000157356262e-02
2.409217320382595062e-02
2.136997133493423462e-02
1.753929443657398224e-02
1.420488581061363220e-02
2.736907266080379486e-02
1.057941187173128128e-02
1.469423901289701462e-02
2.695193514227867126e-02
1.624403893947601318e-02
4.071155562996864319e-02
3.417405113577842712e-02
1.710991747677326202e-02
1.879257522523403168e-02
1.957790739834308624e-02
2.327852323651313782e-02
1.648930273950099945e-02
2.858820557594299316e-02
2.277624979615211487e-02
1.377999503165483475e-02
1.945793628692626953e-02
1.787824369966983795e-02
2.477120794355869293e-02
2.115201018750667572e-02
3.316332027316093445e-02
2.393022365868091583e-02
5.253729596734046936e-02
7.157104089856147766e-03
2.343456260859966278e-02
1.952851936221122742e-02
2.289856038987636566e-02
1.854705251753330231e-02
1.035699527710676193e-02
4.120985791087150574e-02
1.889932900667190552e-02
2.105188369750976562e-02
1.302749756723642349e-02
1.281293015927076340e-02
3.125528618693351746e-02
1.764669455587863922e-02
1.421512849628925323e-02
1.230316050350666046e-02
2.029652893543243408e-02
2.606319636106491089e-02
1.962194032967090607e-02
