2.228869944810867310e-01
1.736967712640762329e-01
1.806895136833190918e-01
1.742703318595886230e-01
2.111873775720596313e-01
2.004471719264984131e-01
1.866389364004135132e-01
1.774225234985351562e-01
1.899026930332183838e-01
1.719336807727813721e-01
1.933777928352355957e-01
1.196529045701026917e-01
1.729950010776519775e-01
2.153340429067611694e-01
1.574506163597106934e-01
1.363476812839508057e-01
1.403902471065521240e-01
1.832751780748367310e-01
1.610805690288543701e-01
1.691654026508331299e-01
1.554203331470489502e-01
1.915189176797866821e-01
1.045923754572868347e-01
1.651137620210647583e-01
1.604676395654678345e-01
1.914160996675491333e-01
2.083985209465026855e-01
1.711178869009017944e-01
1.402096450328826904e-01
1.871377825736999512e-01
1.470847576856613159e-01
1.800556331872940063e-01
1.525301635265350342e-01
1.471551954746246338e-01
1.256128400564193726e-01
1.488533020019531250e-01
1.293163597583770752e-01
1.580820232629776001e-01
9.538324922323226929e-02
1.440520882606506348e-01
1.945108771324157715e-01
1.885246783494949341e-01
1.622420996427536011e-01
1.384126096963882446e-01
2.003493607044219971e-01
1.829258054494857788e-01
2.134875506162643433e-01
1.419511586427688599e-01
1.324360370635986328e-01
1.230044513940811157e-01
2.076748758554458618e-01
1.245353072881698608e-01
1.603167355060577393e-01
1.811175942420959473e-01
1.482028812170028687e-01
1.650456786155700684e-01
1.501651555299758911e-01
1.304663866758346558e-01
1.799346804618835449e-01
1.917287856340408325e-01
1.685692220926284790e-01
1.494372487068176270e-01
1.098326370120048523e-01
1.832925677299499512e-01
1.072887033224105835e-01
1.492118835449218750e-01
1.856010556221008301e-01
1.064967885613441467e-01
2.007927745580673218e-01
1.308949887752532959e-01
1.700395792722702026e-01
1.822371333837509155e-01
1.689186841249465942e-01
1.533906161785125732e-01
1.665307283401489258e-01
1.793842464685440063e-01
1.505074203014373779e-01
1.327804028987884521e-01
1.692990660667419434e-01
1.628607213497161865e-01
1.649682819843292236e-01
1.526815742254257202e-01
1.627165675163269043e-01
1.938044875860214233e-01
1.707987040281295776e-01
1.397416442632675171e-01
1.746234595775604248e-01
1.270733773708343506e-01
2.140686064958572388e-01
1.935727596282958984e-01
1.817382872104644775e-01
1.515786349773406982e-01
1.131402105093002319e-01
1.471323221921920776e-01
1.978430300951004028e-01
1.723194122314453125e-01
1.693702638149261475e-01
1.051224172115325928e-01
1.874833703041076660e-01
1.728968024253845215e-01
1.972311586141586304e-01
1.726544797420501709e-01
1.708000302314758301e-01
1.722888946533203125e-01
1.200391054153442383e-01
2.012756317853927612e-01
1.295092850923538208e-01
1.470368653535842896e-01
1.612602621316909790e-01
1.778235286474227905e-01
2.323123514652252197e-01
1.621971726417541504e-01
1.757109463214874268e-01
1.290889680385589600e-01
2.196719646453857422e-01
1.441394835710525513e-01
1.043872609734535217e-01
1.629055142402648926e-01
1.796425879001617432e-01
1.345825791358947754e-01
1.685238182544708252e-01
1.939242780208587646e-01
1.750350892543792725e-01
1.966699659824371338e-01
1.755095869302749634e-01
1.416870504617691040e-01
1.717326492071151733e-01
1.708850115537643433e-01
1.697973012924194336e-01
1.878614872694015503e-01
1.835816651582717896e-01
1.870335936546325684e-01
1.531693488359451294e-01
1.133243292570114136e-01
1.326060295104980469e-01
1.822979450225830078e-01
1.560658365488052368e-01
1.783823668956756592e-01
1.598422974348068237e-01
1.860153675079345703e-01
1.815733611583709717e-01
1.350214630365371704e-01
1.126451417803764343e-01
1.334911882877349854e-01
1.227633208036422729e-01
1.490144431591033936e-01
2.009949982166290283e-01
1.749191880226135254e-01
1.739920079708099365e-01
1.582815051078796387e-01
1.480779945850372314e-01
1.624024212360382080e-01
2.132247090339660645e-01
1.402880102396011353e-01
1.670737862586975098e-01
1.581604629755020142e-01
1.300370246171951294e-01
1.463280618190765381e-01
1.615154892206192017e-01
2.289192080497741699e-01
2.170659303665161133e-01
1.640967726707458496e-01
9.878998994827270508e-02
1.868903785943984985e-01
1.842123866081237793e-01
1.168262585997581482e-01
1.693341135978698730e-01
2.241946011781692505e-01
1.004945114254951477e-01
1.915495395660400391e-01
1.709263324737548828e-01
1.659582704305648804e-01
1.836567670106887817e-01
2.081148922443389893e-01
1.535575687885284424e-01
1.579787135124206543e-01
1.237429007887840271e-01
1.597171872854232788e-01
1.688654720783233643e-01
1.734510213136672974e-01
1.841832250356674194e-01
1.718223989009857178e-01
1.430646330118179321e-01
1.977750808000564575e-01
1.283982545137405396e-01
1.829445362091064453e-01
1.814557015895843506e-01
2.245027124881744385e-01
1.360657960176467896e-01
1.436631381511688232e-01
1.652656048536300659e-01
1.587133109569549561e-01
1.625872999429702759e-01
1.660268902778625488e-01
1.745767593383789062e-01
1.734297126531600952e-01
1.872659176588058472e-01
1.885732561349868774e-01
1.830533891916275024e-01
1.483850479125976562e-01
1.438013762235641479e-01
1.444309204816818237e-01
1.328361183404922485e-01
1.518319994211196899e-01
1.264780312776565552e-01
1.693255156278610229e-01
1.621648818254470825e-01
1.627041548490524292e-01
2.237795442342758179e-01
1.580520123243331909e-01
1.724988073110580444e-01
2.308720499277114868e-01
1.473211050033569336e-01
1.755660772323608398e-01
2.243562936782836914e-01
1.527982801198959351e-01
1.398410201072692871e-01
1.826218664646148682e-01
1.345781236886978149e-01
2.191140949726104736e-01
2.089559733867645264e-01
1.421874761581420898e-01
1.608966141939163208e-01
1.320830136537551880e-01
1.492685377597808838e-01
1.340468972921371460e-01
1.712042838335037231e-01
1.930521577596664429e-01
1.718362420797348022e-01
1.942427456378936768e-01
1.770502775907516479e-01
1.856852322816848755e-01
2.282794713973999023e-01
1.481702625751495361e-01
1.387273073196411133e-01
1.013305187225341797e-01
1.606430262327194214e-01
1.326967924833297729e-01
1.716111600399017334e-01
1.277104318141937256e-01
1.832438856363296509e-01
1.371431648731231689e-01
1.284574270248413086e-01
1.129190698266029358e-01
1.626569479703903198e-01
1.623902767896652222e-01
2.446559965610504150e-01
1.931698620319366455e-01
1.968682408332824707e-01
1.169821396470069885e-01
1.720010340213775635e-01
1.099313423037528992e-01
1.518380045890808105e-01
1.754766553640365601e-01
1.738217324018478394e-01
1.694970428943634033e-01
