-1.492759883403778076e-01
-1.097908765077590942e-01
-1.350944936275482178e-01
-1.251283288002014160e-01
-1.526270806789398193e-01
-1.701266914606094360e-01
-1.150081902742385864e-01
-1.162335649132728577e-01
-9.749393165111541748e-02
-5.080186575651168823e-02
-1.816327124834060669e-01
4.227501899003982544e-02
-7.254827022552490234e-02
-1.806236058473587036e-01
-7.719188183546066284e-02
-5.448395013809204102e-02
-3.231430426239967346e-02
-1.312554329633712769e-01
-7.048142701387405396e-02
-6.862704455852508545e-02
-9.016925096511840820e-02
-1.652247905731201172e-01
7.291530817747116089e-02
-1.131782159209251404e-01
-1.487777084112167358e-01
-1.345666348934173584e-01
-1.620257049798965454e-01
-1.035134419798851013e-01
-2.887011691927909851e-02
-1.818642020225524902e-01
-2.219382673501968384e-03
-1.458611339330673218e-01
-4.648844152688980103e-02
-6.217099353671073914e-02
-5.025567952543497086e-03
-3.714544326066970825e-02
-6.031243596225976944e-03
-8.678782731294631958e-02
6.077171117067337036e-02
-2.887596003711223602e-02
-1.516417264938354492e-01
-1.709756553173065186e-01
-5.875662341713905334e-02
-2.571041136980056763e-02
-1.778925359249114990e-01
-1.216315031051635742e-01
-1.475102156400680542e-01
-1.498555485159158707e-02
2.631611749529838562e-02
-9.067173115909099579e-03
-8.921079337596893311e-02
-4.624955356121063232e-02
-4.173704981803894043e-02
-1.192760616540908813e-01
-4.695538803935050964e-02
-9.605844318866729736e-02
-4.751753434538841248e-02
4.946937318891286850e-03
-1.420945376157760620e-01
-1.068714186549186707e-01
-1.047852709889411926e-01
-3.056339547038078308e-02
3.313852101564407349e-02
-1.257682889699935913e-01
4.792872443795204163e-02
-2.378941699862480164e-02
-1.015427857637405396e-01
2.663313969969749451e-02
-1.187169849872589111e-01
3.593658038880676031e-04
-9.624396264553070068e-02
-1.172563582658767700e-01
-6.765367835760116577e-02
-6.906516849994659424e-02
-8.265779167413711548e-02
-1.354590356349945068e-01
-3.433411195874214172e-02
7.104516029357910156e-03
-8.394831418991088867e-02
-1.333095431327819824e-01
-1.169141381978988647e-01
-4.891418293118476868e-02
-4.402408748865127563e-02
-1.689858734607696533e-01
-8.559290319681167603e-02
-3.195469034835696220e-03
-7.174080610275268555e-02
1.333844382315874100e-02
-3.499173745512962341e-02
-1.415109038352966309e-01
-1.403392851352691650e-01
2.925132866948843002e-03
3.367688506841659546e-02
-2.508266083896160126e-02
-1.235639527440071106e-01
-1.279684901237487793e-01
-9.161318838596343994e-02
9.695897996425628662e-02
-1.120682582259178162e-01
-8.100380003452301025e-02
-1.882511228322982788e-01
-1.045140624046325684e-01
-7.314258813858032227e-02
-7.489533722400665283e-02
9.408994083059951663e-05
-1.319280713796615601e-01
5.144536960870027542e-03
-1.929596252739429474e-02
-1.232896894216537476e-01
-5.672119185328483582e-02
-1.920515596866607666e-01
-3.113325126469135284e-02
-9.152960032224655151e-02
6.671026349067687988e-02
-2.420968413352966309e-01
-5.204807501286268234e-03
8.065520226955413818e-02
-1.208207309246063232e-01
-1.202058568596839905e-01
-2.057621255517005920e-02
-1.534019857645034790e-01
-1.107105836272239685e-01
-1.221770346164703369e-01
-1.650545746088027954e-01
-1.073886603116989136e-01
-7.894550450146198273e-03
-7.674315571784973145e-02
-9.230443835258483887e-02
-4.782732948660850525e-02
-9.245767444372177124e-02
-6.678358465433120728e-02
-1.156515106558799744e-01
-5.946995317935943604e-02
1.059933565557003021e-02
6.911396048963069916e-03
-1.168064773082733154e-01
-8.459134399890899658e-02
-1.389960348606109619e-01
-9.455313533544540405e-02
-9.742974489927291870e-02
-9.929893910884857178e-02
6.449026986956596375e-03
2.826651930809020996e-02
-4.499669373035430908e-02
1.763172633945941925e-02
-6.209404766559600830e-02
-1.985278725624084473e-01
-6.389784067869186401e-02
-9.384097158908843994e-02
-8.221366256475448608e-02
-7.507012039422988892e-02
-8.044992387294769287e-02
-2.168315500020980835e-01
-4.010476171970367432e-02
-5.842953547835350037e-02
-8.397703617811203003e-02
-6.939513143151998520e-03
-9.318401105701923370e-03
-1.149654462933540344e-01
-2.160922735929489136e-01
-2.233392149209976196e-01
-3.652232885360717773e-02
6.414226442575454712e-02
-1.024926453828811646e-01
-1.237166747450828552e-01
3.866953775286674500e-02
-8.116749674081802368e-02
-2.594014704227447510e-01
5.887521803379058838e-02
-1.672007590532302856e-01
-1.029044613242149353e-01
-7.237857580184936523e-02
-1.084385290741920471e-01
-1.673090606927871704e-01
-8.257559686899185181e-02
-6.170819699764251709e-02
6.354167312383651733e-02
-2.432024851441383362e-02
-1.156656518578529358e-01
-1.184179708361625671e-01
-1.095546483993530273e-01
-1.167000755667686462e-01
-3.624652326107025146e-02
-2.068495750427246094e-01
5.184670165181159973e-02
-8.679408580064773560e-02
-1.299471855163574219e-01
-1.225335448980331421e-01
-2.769281622022390366e-03
-5.473726987838745117e-02
-1.010042876005172729e-01
-8.753607422113418579e-02
-7.208202034235000610e-02
-8.312569558620452881e-02
-1.297267824411392212e-01
-1.451420634984970093e-01
-9.614875912666320801e-02
-1.314927339553833008e-01
-1.253870278596878052e-01
-6.280358880758285522e-02
-5.983411520719528198e-02
-4.601769149303436279e-02
-5.256327986717224121e-02
-7.967103272676467896e-02
3.444236703217029572e-03
-1.196265742182731628e-01
-9.456991404294967651e-02
-4.928602278232574463e-02
-1.364866048097610474e-01
-9.485711902379989624e-02
-6.408021599054336548e-02
-2.517893612384796143e-01
-4.190367460250854492e-02
-1.461997926235198975e-01
-1.635094434022903442e-01
-3.513325750827789307e-02
-2.987191267311573029e-02
-1.488583981990814209e-01
-2.675578929483890533e-02
-1.413306295871734619e-01
-2.461474686861038208e-01
-1.311647891998291016e-02
-8.907384425401687622e-02
1.930467970669269562e-02
-7.118362933397293091e-02
1.304490771144628525e-02
-1.153352856636047363e-01
-1.656048148870468140e-01
-1.328450143337249756e-01
-1.234659105539321899e-01
-1.661239713430404663e-01
-1.652293354272842407e-01
-1.107708066701889038e-01
-1.415504328906536102e-02
-1.376028638333082199e-02
8.335828781127929688e-02
-1.169550046324729919e-01
-5.004546139389276505e-03
-1.065181121230125427e-01
4.091802239418029785e-02
-1.422922909259796143e-01
5.203082412481307983e-02
-1.438117679208517075e-02
2.217854838818311691e-03
-8.527319878339767456e-02
-6.583559513092041016e-02
-2.020230889320373535e-01
-8.523552864789962769e-02
-1.371870040893554688e-01
1.105298995971679688e-01
-1.072690188884735107e-01
3.717131912708282471e-02
-1.312526017427444458e-01
-8.497210592031478882e-02
-1.662805676460266113e-01
-7.945025712251663208e-02
