-6.393063813447952271e-03
6.135425344109535217e-02
8.720107143744826317e-04
1.487174443900585175e-02
1.390405464917421341e-02
1.551459149595757481e-06
-3.569342195987701416e-02
-2.011526230489835143e-04
-6.093864212743937969e-04
1.001955382525920868e-02
-1.986992545425891876e-02
1.328992005437612534e-02
-3.381052613258361816e-02
1.661994867026805878e-02
-5.354910626920172945e-06
-8.185029774904251099e-02
-6.371935456991195679e-02
3.208665642887353897e-03
-7.285438477993011475e-02
-3.063901513814926147e-02
-8.730112574994564056e-03
8.017855696380138397e-03
-1.798005588352680206e-02
-1.909602929117681924e-07
7.041265070438385010e-02
-5.496657453477382660e-03
-2.319898828864097595e-02
1.036043614149093628e-01
1.328408234257949516e-05
4.491926729679107666e-02
3.427283372730016708e-03
-1.646574400365352631e-02
-8.570729754865169525e-03
1.003075093030929565e-01
1.875519566237926483e-02
-4.822460934519767761e-02
-6.238853186368942261e-02
-4.917740076780319214e-02
3.859254531562328339e-03
8.850799500942230225e-02
1.333583495579659939e-03
6.031160801649093628e-02
-2.891628071665763855e-02
-1.559715904295444489e-02
-8.320754393935203552e-03
-3.773455321788787842e-02
9.516035206615924835e-04
-2.697176858782768250e-02
-2.684734761714935303e-02
-4.576506093144416809e-02
1.123234722763299942e-02
-1.740011066431179643e-04
4.729466885328292847e-02
5.974083673208951950e-03
4.932059440761804581e-03
-1.141513660550117493e-01
-2.701432630419731140e-02
2.139930054545402527e-02
4.639215022325515747e-02
7.493285920645575970e-07
-1.608908132766373456e-05
3.231400623917579651e-02
-2.756328880786895752e-02
3.718611784279346466e-03
7.128883898258209229e-02
1.049458887428045273e-02
1.507250219583511353e-02
8.433407172560691833e-03
-1.144572252087527886e-06
4.576119780540466309e-02
4.653732851147651672e-02
-3.310127556324005127e-02
-5.785226821899414062e-02
8.080337941646575928e-02
-2.714215219020843506e-02
-3.578054532408714294e-02
1.007511317729949951e-01
7.677114568650722504e-03
-7.039742916822433472e-02
1.310308929532766342e-03
1.172439660876989365e-02
1.726933009922504425e-02
9.112786501646041870e-04
-8.398639410734176636e-02
-3.234597295522689819e-02
7.729098200798034668e-02
-5.240938439965248108e-02
1.531350193545222282e-03
-8.937732200138270855e-04
1.733361614242312498e-06
1.605245415703393519e-06
2.023104578256607056e-02
-3.752952814102172852e-02
1.777515746653079987e-02
2.220367356642327650e-08
-9.608477354049682617e-03
2.405463159084320068e-02
-4.691912978887557983e-02
8.218951523303985596e-02
1.772803720086812973e-03
9.077772498130798340e-02
5.345518141984939575e-02
-3.650517435744404793e-03
4.765599966049194336e-03
2.586330519989132881e-03
-3.533007111400365829e-04
5.025347322225570679e-02
-5.619645863771438599e-02
6.185357272624969482e-02
-2.206023596227169037e-02
6.888873875141143799e-03
5.088430270552635193e-02
4.561495359212131007e-07
2.997435396537184715e-03
5.173509940505027771e-03
7.990460842847824097e-02
8.402159810066223145e-02
1.452223584055900574e-02
-5.879926681518554688e-02
-4.763786867260932922e-02
-1.363719813525676727e-03
-2.277230471372604370e-02
6.457555294036865234e-02
-1.268958952277898788e-02
2.866084978450089693e-04
1.249650306999683380e-02
-4.463493824005126953e-02
7.715026382356882095e-03
-2.413527853786945343e-02
4.487022385001182556e-02
1.740534091368317604e-03
4.200208559632301331e-02
-4.064833372831344604e-02
-3.964570623793406412e-06
-7.189087569713592529e-02
-3.449889644980430603e-02
5.848836619406938553e-03
-4.447675123810768127e-02
5.436686478788033128e-07
-6.537652574479579926e-03
2.396117895841598511e-03
7.459718268364667892e-03
2.736367285251617432e-02
-1.374390267301350832e-04
-5.294075235724449158e-03
-2.267207577824592590e-02
4.840771725866943598e-05
1.855723187327384949e-02
-2.885203659534454346e-01
1.063355579972267151e-01
2.131962589919567108e-02
-3.211989626288414001e-02
4.058965947479009628e-03
-1.080884612747468054e-05
-2.086977241560816765e-03
-1.697632297873497009e-02
3.987452655564993620e-04
-1.029254804052470718e-06
1.477613486349582672e-02
-2.927308902144432068e-02
1.602162234485149384e-02
-2.247964031994342804e-02
3.421032056212425232e-02
1.038087755441665649e-01
1.897870190441608429e-02
-5.345274112187325954e-04
1.171976774930953979e-01
2.233861014246940613e-02
6.315083056688308716e-02
5.785187706351280212e-02
1.185770273082198401e-07
2.680744603276252747e-02
1.665139347314834595e-01
-1.595421321690082550e-02
2.259292159578762949e-06
-3.351868316531181335e-02
7.225802540779113770e-02
5.579133052378892899e-03
4.617389291524887085e-03
4.385152831673622131e-03
-6.804491579532623291e-02
-5.888386815786361694e-02
-1.533243153244256973e-02
-4.178857896476984024e-03
6.121847406029701233e-02
-2.798937447369098663e-02
-1.206521005769900512e-06
1.907183602452278137e-02
9.278051555156707764e-03
9.042450040578842163e-02
-1.287806499749422073e-02
-1.490719709545373917e-02
4.935044422745704651e-02
-1.328155696392059326e-01
1.840763911604881287e-02
1.956254988908767700e-02
-4.590456725850344810e-08
3.391508013010025024e-02
9.489725343883037567e-03
-1.032028440386056900e-02
4.646346667414036347e-07
3.643248975276947021e-02
9.660531580448150635e-02
-1.076719444245100021e-02
-3.625308977461827453e-07
-5.174159631133079529e-02
6.635783612728118896e-02
3.368366882205009460e-02
-3.370935469865798950e-02
-7.936926558613777161e-03
-8.549629151821136475e-02
2.213337458670139313e-03
-9.017316997051239014e-02
1.674151690167491324e-06
-8.342579938471317291e-03
-4.735303111374378204e-03
-5.793746188282966614e-02
3.234015405178070068e-02
-8.574408479034900665e-03
-9.332632273435592651e-02
2.228591591119766235e-02
1.269004493951797485e-02
-5.697971161566783849e-08
6.209175568073987961e-03
4.859356209635734558e-02
3.446017950773239136e-02
-7.033524103462696075e-03
2.231326140463352203e-02
3.628113493323326111e-02
-2.036326080560684204e-01
8.203863352537155151e-02
-2.976615913212299347e-02
5.382813978940248489e-03
7.749952841550111771e-03
-5.766451849353870784e-08
1.615600474178791046e-02
1.240175515704322606e-05
7.384242489933967590e-03
4.805823042988777161e-02
-1.282559335231781006e-02
1.195462664327351376e-05
9.034547023475170135e-03
4.907694831490516663e-02
-2.999283559620380402e-02
-1.421831082552671432e-03
-3.937252983450889587e-02
9.028134867548942566e-03
-8.477934449911117554e-02
3.887640312314033508e-02
-1.011372916400432587e-02
-1.868738606572151184e-02
-2.477163821458816528e-02
5.889502353966236115e-03
-4.057630151510238647e-02
3.542827442288398743e-02
6.433724425733089447e-03
2.020341530442237854e-02
5.230870842933654785e-02
-2.062533050775527954e-02
-5.255043506622314453e-02
7.953631691634654999e-03
-7.631372194737195969e-03
2.302638813853263855e-02
-2.329272404313087463e-02
4.301320016384124756e-02
-1.104252692312002182e-02
-3.347430005669593811e-02
-1.534014940261840820e-02
-2.075428329408168793e-02
-4.881564062088727951e-03
-6.376532383001176640e-06
-1.579077914357185364e-02
-8.412688430325943045e-07
-4.815025255084037781e-02
-5.525044724345207214e-02
3.530614543706178665e-03
-6.367745995521545410e-02
-4.674751544371247292e-04
4.038650542497634888e-02
8.366931974887847900e-02
9.289865195751190186e-02
-3.478135447949171066e-03
8.808151818811893463e-03
-4.077046643942594528e-03
-1.967974379658699036e-02
1.846248866058886051e-03
-1.262347679585218430e-02
-8.172004483640193939e-03
1.159566268324851990e-01
-1.405313494615256786e-03
5.616806913167238235e-03
1.711580262053757906e-04
-2.300764666870236397e-03
1.593187451362609863e-02
-7.541800290346145630e-02
-1.081261858344078064e-01
-1.149885822087526321e-02
-1.851750539572094567e-06
2.646283712238073349e-03
1.643956755287945271e-03
-3.407580778002738953e-02
-2.447990700602531433e-03
-7.506353780627250671e-03
-3.045967780053615570e-02
-8.196623064577579498e-03
-1.334928572177886963e-01
1.264373864978551865e-02
-5.721020698547363281e-02
1.232937723398208618e-02
-7.439900655299425125e-04
2.788885310292243958e-02
6.009574349263857584e-07
2.349064054385507916e-08
1.278423155781638343e-06
5.382683593779802322e-03
-1.032031700015068054e-02
1.656330749392509460e-02
2.532852347940206528e-03
2.797756337713508401e-07
2.983800601214170456e-03
1.385921686887741089e-01
-3.434851020574569702e-02
3.513583540916442871e-02
-1.323403231799602509e-02
-1.125485375523567200e-01
1.179416830865420707e-08
-4.784222692251205444e-02
1.417035423219203949e-02
-4.798708111047744751e-02
3.512292355298995972e-02
-4.042433574795722961e-02
1.353035271167755127e-01
-9.633262720853963401e-08
-5.288265645503997803e-03
-3.644405305385589600e-02
5.449634045362472534e-02
-7.041414082050323486e-02
6.361078936606645584e-03
2.392533700913190842e-03
6.723981816321611404e-03
-5.105081014335155487e-03
-1.609640382230281830e-02
-1.991129107773303986e-02
-2.049374766647815704e-02
-3.814406692981719971e-03
-5.408788099884986877e-03
-3.867583231453863846e-08
-4.049207549542188644e-03
-5.238489247858524323e-03
1.764325052499771118e-02
7.875179499387741089e-02
2.689431793987751007e-02
-1.259482949972152710e-01
6.477394141256809235e-03
1.090225204825401306e-02
-1.210465002804994583e-02
2.773331664502620697e-02
3.442795015871524811e-03
-1.201317384839057922e-01
1.432501128874719143e-03
-6.615398079156875610e-02
1.076599769294261932e-02
4.337857477366924286e-03
-1.729100593365728855e-03
-1.235985837411135435e-05
-2.399395778775215149e-02
3.172311186790466309e-02
-1.248963102698326111e-01
-1.014337465167045593e-01
-5.539571121335029602e-02
6.407603905245196074e-07
3.675925778225064278e-03
-4.990979656577110291e-02
-2.297272719442844391e-02
-1.966467499732971191e-02
-1.248363927006721497e-01
4.065618384629487991e-03
6.902199238538742065e-04
1.692165434360504150e-02
-1.423602644354104996e-02
-2.037478610873222351e-02
-4.736543167382478714e-03
-6.114576011896133423e-03
-6.327753514051437378e-02
1.699536852538585663e-02
4.563917964696884155e-02
8.453193004243075848e-06
-1.384456176310777664e-02
-2.070332691073417664e-02
-1.626205630600452423e-02
1.153386570513248444e-02
3.089249134063720703e-02
-1.228136196732521057e-02
7.095069158822298050e-03
2.648468501865863800e-02
1.192630268633365631e-02
1.454703044146299362e-02
-2.450609952211380005e-02
1.116382051259279251e-02
2.399916120339184999e-04
2.375673631149766152e-07
-5.204929038882255554e-03
1.420293096452951431e-02
-2.001997828483581543e-02
-2.616770938038825989e-02
1.795170754194259644e-01
9.859493002295494080e-03
-1.829405687749385834e-02
-7.523929327726364136e-02
1.453332885148483911e-07
-5.089535564184188843e-02
1.030749548226594925e-02
5.304028280079364777e-03
-9.737693318356832606e-08
2.302262932062149048e-02
-1.489340420812368393e-02
-6.741071585565805435e-03
-2.270128577947616577e-02
1.064731366932392120e-02
-2.872034907341003418e-02
3.961291629821062088e-03
5.077755777165293694e-04
7.693783938884735107e-02
-1.424368470907211304e-02
7.884281873703002930e-02
2.326613664627075195e-02
-1.273121719158609721e-09
1.079395227134227753e-02
-2.420085482299327850e-02
-2.503484860062599182e-02
-3.305344762338791043e-06
-1.209614947438240051e-01
-1.001022830605506897e-01
4.097824330528965220e-06
8.193112909793853760e-02
-3.291559219360351562e-02
-5.612180102616548538e-03
-1.492699794471263885e-02
7.650499790906906128e-02
2.990482002496719360e-02
2.159218303859233856e-02
5.800724960863590240e-03
-1.480233110487461090e-02
2.570718340575695038e-02
-1.296953298151493073e-02
-3.137014806270599365e-02
9.658567705628229305e-07
1.676572486758232117e-02
-3.122572228312492371e-02
3.816292519331909716e-05
1.750193685293197632e-01
1.021243676291305746e-07
6.718446599052185775e-08
7.948154816403985023e-04
2.076493547065183520e-05
-6.128895282745361328e-02
5.604450125247240067e-03
4.152061417698860168e-02
2.727956324815750122e-02
-2.618733420968055725e-02
-6.578852981328964233e-02
4.581714421510696411e-02
-1.619463320821523666e-03
-9.140182286500930786e-03
6.332320626825094223e-03
-9.901097044348716736e-03
7.054960727691650391e-02
-1.265835862795938738e-07
-9.939705953001976013e-03
-2.616737782955169678e-02
2.417482621967792511e-02
1.893708296120166779e-02
-9.592636018851408153e-09
4.467421211302280426e-03
1.002532429993152618e-02
-3.307281062006950378e-02
-6.984232924878597260e-03
2.297389134764671326e-02
-6.442796438932418823e-02
-1.601591333746910095e-02
9.104494005441665649e-03
1.170761510729789734e-02
-1.125592505559325218e-03
-4.244341328740119934e-02
-1.060870010405778885e-02
2.139693684875965118e-02
-7.924401870695874095e-06
-2.773939073085784912e-02
-1.322273747064173222e-03
1.369524747133255005e-02
2.928488515317440033e-02
1.114480793476104736e-01
1.020215265452861786e-02
-1.273905485868453979e-01
-7.120018359273672104e-03
-8.973806165158748627e-03
-3.843472152948379517e-02
3.803683817386627197e-02
2.807989574193925364e-08
5.216822028160095215e-03
1.181014999747276306e-02
-2.665829379111528397e-03
1.632700115442276001e-02
-2.805962972342967987e-02
2.181731630116701126e-03
5.559002980589866638e-02
-2.485856239218264818e-04
2.575223520398139954e-02
1.887968741357326508e-02
7.666398182948341855e-09
-9.067639708518981934e-03
-2.543927635997533798e-03
