2.248422801494598389e-01
6.061741113662719727e-01
1.248275954276323318e-02
1.327006667852401733e-01
1.802986413240432739e-01
1.473897099494934082e-01
1.743003576993942261e-01
1.902258396148681641e-01
2.322568744421005249e-01
2.008199691772460938e-01
1.283447295427322388e-01
-2.128529548645019531e-01
1.506501287221908569e-01
-3.921696034581145796e-08
2.498549520969390869e-01
2.045413404703140259e-01
5.493425726890563965e-01
2.102127075195312500e-01
2.250477820634841919e-01
4.648384153842926025e-01
2.388773709535598755e-01
2.044152468442916870e-01
2.154570966958999634e-01
6.619374752044677734e-01
2.275458723306655884e-01
6.606875061988830566e-01
2.058726847171783447e-01
1.929150819778442383e-01
1.119512543082237244e-01
3.378486335277557373e-01
1.239256635308265686e-01
4.107929766178131104e-02
7.714971899986267090e-01
2.696437835693359375e-01
3.334697782993316650e-01
5.790781378746032715e-01
1.502588838338851929e-01
1.753409951925277710e-01
1.942859292030334473e-01
1.724750846624374390e-01
8.057676553726196289e-01
2.369261980056762695e-01
-4.336942732334136963e-01
8.481287956237792969e-01
-3.785748183727264404e-01
2.478704303503036499e-01
1.810123771429061890e-01
3.294906914234161377e-01
-2.859804034233093262e-01
2.271747738122940063e-01
2.616828382015228271e-01
5.760851874947547913e-02
-5.032047629356384277e-01
1.570388525724411011e-01
1.788973361253738403e-01
2.811420857906341553e-01
4.216654300689697266e-01
-9.764964133501052856e-02
-3.123141527175903320e-01
-2.563705854117870331e-02
8.856630325317382812e-02
1.805237382650375366e-01
8.304454088211059570e-01
2.501507401466369629e-01
