-7.522515952587127686e-02
-1.080508902668952942e-01
1.642022728919982910e-01
1.942567676305770874e-01
-2.520335614681243896e-01
9.864775091409683228e-02
1.454405784606933594e-01
9.333830326795578003e-02
-1.597579568624496460e-01
-9.861680865287780762e-02
-6.064020097255706787e-02
-1.500133518129587173e-02
7.866409420967102051e-02
8.371821790933609009e-02
-4.993098229169845581e-02
1.016841009259223938e-01
-1.822550781071186066e-02
-4.655499756336212158e-02
-1.440952718257904053e-01
1.709292232990264893e-01
1.077209878712892532e-02
2.625305652618408203e-01
2.503190040588378906e-01
4.541448503732681274e-02
2.866040170192718506e-01
9.655802696943283081e-02
-5.896206200122833252e-02
-1.814673691987991333e-01
5.132987163960933685e-03
-1.487680822610855103e-01
-1.823149919509887695e-01
2.589889466762542725e-01
-2.630126476287841797e-01
2.619359493255615234e-01
-1.824970543384552002e-01
-2.557811737060546875e-01
6.393314898014068604e-02
1.823870241641998291e-01
-1.255490481853485107e-01
-1.643295139074325562e-01
9.221404790878295898e-02
3.631179928779602051e-01
-9.171137213706970215e-02
2.358935922384262085e-01
-2.783633582293987274e-02
1.786141395568847656e-01
-5.345441401004791260e-02
-5.723715201020240784e-02
-1.316386312246322632e-01
2.967420518398284912e-01
-1.781735420227050781e-01
1.824661791324615479e-01
1.370176374912261963e-01
3.126917481422424316e-01
-1.496003195643424988e-02
-6.348726898431777954e-02
-2.103685773909091949e-02
8.206137269735336304e-02
1.398176848888397217e-01
2.231866866350173950e-02
1.019302979111671448e-01
-1.566047221422195435e-01
-1.338033825159072876e-01
-7.486883550882339478e-02
8.082056045532226562e-02
9.639222919940948486e-02
-6.256191730499267578e-01
1.636040359735488892e-01
-6.699409484863281250e-01
1.827769726514816284e-01
-8.561239391565322876e-02
-1.144395992159843445e-01
1.094157900661230087e-02
3.418865799903869629e-02
1.588376909494400024e-01
-3.823119681328535080e-03
-5.002592131495475769e-02
4.589687567204236984e-03
1.070989221334457397e-01
2.365719676017761230e-01
3.162130415439605713e-01
1.223928630352020264e-01
-2.633063588291406631e-03
6.437826156616210938e-02
-6.993214786052703857e-02
8.108266443014144897e-02
-1.746985465288162231e-01
1.155449822545051575e-01
1.129115279763936996e-02
1.496976464986801147e-01
-2.324243076145648956e-02
-1.360109820961952209e-02
2.352261096239089966e-01
-9.853842854499816895e-02
-1.462151408195495605e-01
3.077650964260101318e-01
4.031521081924438477e-02
2.119233608245849609e-01
1.176910754293203354e-02
-3.704430535435676575e-02
-1.608426496386528015e-02
-7.857631146907806396e-02
-1.469071209430694580e-01
3.662621080875396729e-01
3.037971556186676025e-01
-1.605279743671417236e-01
1.177688390016555786e-01
-1.301209926605224609e-01
1.075682938098907471e-01
4.238991066813468933e-02
1.952632516622543335e-01
-1.529737263917922974e-01
-6.582308560609817505e-02
-4.419120550155639648e-01
-1.852328628301620483e-01
1.147285848855972290e-02
4.789940714836120605e-01
-5.094975605607032776e-02
3.085702061653137207e-01
-1.256591230630874634e-01
-4.543322697281837463e-02
-7.020751386880874634e-02
-1.706218570470809937e-01
-1.625351607799530029e-02
9.761654585599899292e-02
1.557724177837371826e-01
-9.904327988624572754e-02
3.702461346983909607e-02
