5.970871425233781338e-04
1.145383110269904137e-03
8.370196446776390076e-04
2.647405490279197693e-04
9.469791548326611519e-04
2.844431728590279818e-04
6.709131994284689426e-04
5.164245958440005779e-04
6.341377156786620617e-04
1.292639761231839657e-03
1.818543416447937489e-03
6.239218055270612240e-04
8.172283996827900410e-04
8.378191851079463959e-04
5.727479583583772182e-04
6.401735590770840645e-04
1.987646392080932856e-04
1.929725869558751583e-03
3.730466705746948719e-04
1.168854534626007080e-03
4.667071043513715267e-04
7.495388272218406200e-04
3.429448406677693129e-04
7.135530468076467514e-04
1.185653731226921082e-03
4.519493959378451109e-04
1.537597418064251542e-04
9.266322012990713120e-04
5.553689552471041679e-04
1.549255393911153078e-04
5.252273986116051674e-04
1.012292574159801006e-03
8.865117561072111130e-04
9.347105515189468861e-04
9.971951367333531380e-04
8.999544661492109299e-04
1.020637690089643002e-03
3.217224439140409231e-04
2.823917893692851067e-04
7.194775971584022045e-04
4.497982154134660959e-04
1.279761199839413166e-03
4.499676870182156563e-04
3.978240769356489182e-03
1.205743057653307915e-03
1.187684829346835613e-04
5.374243482947349548e-04
9.089925442822277546e-04
1.891770865768194199e-03
3.344828728586435318e-04
2.551796496845781803e-04
4.467722610570490360e-04
4.436805320437997580e-04
1.168846851214766502e-03
4.755418631248176098e-04
2.155476104235276580e-04
6.268775905482470989e-04
7.460899651050567627e-04
5.133426166139543056e-04
7.877994794398546219e-04
7.613442139700055122e-04
7.116300985217094421e-04
5.880735698156058788e-04
4.221002454869449139e-04
8.982808794826269150e-04
7.301035220734775066e-04
6.775266956537961960e-04
5.703411297872662544e-04
4.051192081533372402e-04
1.574910711497068405e-03
3.796530945692211390e-04
4.027956165373325348e-04
5.127972108311951160e-04
2.235335268778726459e-04
1.186624867841601372e-03
2.372816670686006546e-04
1.506519736722111702e-03
5.250186659395694733e-04
5.763521767221391201e-04
3.661693772301077843e-04
3.251297457609325647e-04
1.291873981244862080e-03
6.208886625245213509e-04
4.191303451079875231e-04
1.754722907207906246e-04
1.407612464390695095e-03
6.887704948894679546e-04
3.455551341176033020e-04
6.970555987209081650e-04
6.379251135513186455e-04
3.411123470868915319e-04
5.848362343385815620e-04
3.229190479032695293e-04
5.461451946757733822e-04
1.970087905647233129e-04
1.203821622766554356e-03
7.550358423031866550e-04
1.847058883868157864e-04
7.008534157648682594e-04
9.562473278492689133e-04
1.843215286498889327e-04
1.291808672249317169e-03
6.290915189310908318e-04
3.606523969210684299e-04
7.080138311721384525e-04
5.617599817924201488e-04
1.662584603764116764e-03
1.084801740944385529e-03
6.696269847452640533e-04
8.119730628095567226e-04
8.863321854732930660e-04
1.285209087654948235e-03
7.953520980663597584e-04
3.175246820319443941e-04
2.264762879349291325e-04
2.886198926717042923e-04
9.537919540889561176e-04
5.161475855857133865e-04
4.117910284548997879e-04
5.747752729803323746e-04
9.449986973777413368e-04
3.014077083207666874e-04
5.367355188354849815e-04
1.241746213054284453e-04
2.792763116303831339e-04
1.079300185665488243e-03
7.572395261377096176e-04
8.822053205221891403e-04
1.840952463680878282e-04
1.454221550375223160e-03
4.038438200950622559e-04
5.862516700290143490e-04
1.492953597335144877e-04
8.690790273249149323e-04
1.469457783969119191e-04
9.273642790503799915e-04
1.012942637316882610e-03
2.853774058166891336e-04
2.940350386779755354e-04
3.782014828175306320e-04
7.786190253682434559e-04
7.220614934340119362e-04
1.327226636931300163e-03
1.735225552693009377e-03
1.561854034662246704e-03
6.290479213930666447e-04
1.558026182465255260e-03
3.125280589877377224e-11
7.110871374607086182e-04
2.939577098004519939e-04
5.320374621078372002e-04
7.136928616091609001e-04
1.169310067780315876e-03
3.178045444656163454e-04
1.080143265426158905e-03
9.351918706670403481e-04
9.803354041650891304e-04
9.211897267960011959e-04
4.398903110995888710e-04
7.860753685235977173e-04
1.228100154548883438e-03
1.183333224616944790e-03
1.840004115365445614e-04
4.427669919095933437e-04
4.095605690963566303e-04
7.418410968966782093e-04
5.060341791249811649e-04
9.015414980240166187e-04
9.041841258294880390e-04
2.994581009261310101e-04
2.379378565819934011e-04
5.031009786762297153e-04
4.171790205873548985e-04
5.828294088132679462e-04
9.112959378398954868e-04
4.485019017010927200e-04
2.727100159972906113e-03
5.601572920568287373e-04
3.021392622031271458e-04
4.834065330214798450e-04
3.232842427678406239e-04
4.958203644491732121e-04
7.638715906068682671e-04
3.981434274464845657e-04
9.929913794621825218e-04
4.617378290276974440e-04
1.236175012309104204e-04
3.975895524490624666e-04
1.155701349489390850e-03
1.563119003549218178e-03
7.020907360129058361e-04
9.510772651992738247e-04
3.622143121901899576e-04
1.136782229878008366e-03
8.914746576920151711e-04
4.458164912648499012e-04
4.480116476770490408e-04
2.544017916079610586e-04
5.756778409704566002e-04
1.277143834158778191e-03
1.012156833894550800e-03
1.487800036557018757e-03
7.359691662713885307e-04
2.351310686208307743e-04
4.000163753516972065e-04
1.304208999499678612e-03
2.726819075178354979e-04
8.551080827601253986e-04
5.813345196656882763e-04
1.768331276252865791e-03
9.610893903300166130e-04
1.690325094386935234e-03
3.723794652614742517e-04
1.200444530695676804e-03
6.279707304202020168e-04
3.279018856119364500e-04
2.280759625136852264e-03
8.709523244760930538e-04
8.306280942633748055e-04
2.145596081390976906e-03
3.776600933633744717e-04
2.252890262752771378e-03
4.930429859086871147e-04
1.308975741267204285e-03
4.843184724450111389e-04
9.328176965937018394e-04
2.841191831976175308e-03
1.246859552338719368e-03
8.975932723842561245e-05
7.153472979553043842e-04
1.051539089530706406e-03
9.582755155861377716e-04
5.910522304475307465e-04
9.938025614246726036e-04
4.474238085094839334e-04
6.438106065616011620e-04
1.200277241878211498e-03
5.723270005546510220e-04
1.885308069176971912e-03
9.108715457841753960e-04
1.913093728944659233e-03
4.984764964319765568e-04
6.064327317290008068e-04
4.587250296026468277e-04
7.346353959292173386e-04
8.890024619176983833e-04
2.047539746854454279e-04
3.667743585538119078e-04
2.334751334274187684e-04
6.007832125760614872e-04
1.106265583075582981e-03
1.395329949446022511e-03
6.738948286511003971e-04
6.398620898835361004e-04
5.992525839246809483e-04
1.784662454156205058e-04
4.140103701502084732e-04
5.959920817986130714e-04
1.337901223450899124e-03
1.003179932013154030e-03
6.809632177464663982e-04
9.448966593481600285e-04
5.939210532233119011e-04
1.588897313922643661e-03
1.187874120660126209e-03
7.146809366531670094e-04
3.129802062176167965e-04
2.690839173737913370e-04
4.155867791268974543e-04
7.371705141849815845e-04
1.393827144056558609e-03
6.755350623279809952e-04
1.022675074636936188e-03
9.505776688456535339e-04
7.142904214560985565e-04
7.415512227453291416e-04
2.526305324863642454e-04
5.767254042439162731e-04
7.506607216782867908e-04
3.236741467844694853e-04
1.127593219280242920e-03
2.766291145235300064e-04
3.741101536434143782e-04
1.734048273647204041e-04
4.987245192751288414e-04
1.151805394329130650e-03
2.115732990205287933e-03
1.757620368152856827e-03
4.878557811025530100e-04
6.459891446866095066e-04
8.959923870861530304e-04
9.187826071865856647e-04
2.022046537604182959e-04
9.378513204865157604e-04
1.438949140720069408e-03
7.504786481149494648e-04
8.601487497799098492e-04
3.110141551587730646e-04
5.881509860046207905e-04
8.213911205530166626e-04
1.152710174210369587e-03
2.613857155665755272e-03
1.034864690154790878e-03
1.640780101297423244e-04
4.926183028146624565e-04
1.084658317267894745e-03
1.423971843905746937e-03
5.644236225634813309e-04
8.688528905622661114e-04
6.781355477869510651e-04
3.551493282429873943e-04
2.377340570092201233e-03
4.233935324009507895e-04
1.101016416214406490e-03
5.083932192064821720e-04
4.764735640492290258e-04
8.975902455858886242e-04
1.147143775597214699e-03
1.141803455539047718e-03
1.157218939624726772e-03
1.332023064605891705e-03
6.637508631683886051e-04
1.263927551917731762e-03
1.490073860622942448e-03
8.556998800486326218e-04
7.074091699905693531e-04
8.432233007624745369e-04
8.971485658548772335e-04
6.685871630907058716e-04
7.506235851906239986e-04
2.619209117256104946e-04
5.761084030382335186e-04
8.815302862785756588e-05
1.834413124015554786e-04
1.280258584301918745e-04
1.034495886415243149e-03
9.203473455272614956e-04
9.767282754182815552e-04
1.039095339365303516e-03
2.367250708630308509e-04
9.180110064335167408e-04
6.352192140184342861e-04
9.664659737609326839e-04
8.280774345621466637e-04
1.364005729556083679e-03
8.752534049563109875e-04
7.401077309623360634e-04
1.593778579263016582e-04
5.064888973720371723e-04
5.279102479107677937e-04
6.607948453165590763e-04
7.692441577091813087e-04
1.276037510251626372e-04
7.327383500523865223e-04
9.662394877523183823e-04
1.350100617855787277e-03
1.065166667103767395e-03
6.290315650403499603e-04
7.384045980870723724e-03
2.705894003156572580e-04
2.181501360610127449e-03
1.198652244056575000e-04
3.968878590967506170e-04
7.279608398675918579e-04
4.031592397950589657e-04
7.676741224713623524e-04
5.599861615337431431e-04
1.319163246080279350e-03
7.515360484831035137e-04
2.143292367691174150e-04
5.383535171858966351e-04
7.310007931664586067e-04
8.823284297250211239e-04
1.017265603877604008e-03
2.305705565959215164e-04
6.641708896495401859e-04
4.391726106405258179e-04
1.134113641455769539e-03
2.063909341813996434e-04
1.084558898583054543e-03
8.196335402317345142e-04
9.294301853515207767e-04
7.713350933045148849e-04
1.260292832739651203e-03
1.066221855580806732e-03
4.369240486994385719e-04
1.045694341883063316e-03
7.190290489234030247e-04
3.798792022280395031e-04
8.415196789428591728e-04
2.696616575121879578e-04
5.392773891799151897e-04
1.740029081702232361e-03
1.037782407365739346e-03
1.121772220358252525e-03
2.329440176254138350e-04
4.111832240596413612e-04
2.393550937995314598e-03
1.002723351120948792e-03
4.085426335223019123e-04
1.695033744908869267e-03
1.328941667452454567e-03
1.001214957796037197e-03
2.653210249263793230e-04
7.048402330838143826e-04
1.019827672280371189e-03
9.654657333157956600e-04
5.306816310621798038e-04
1.996836363105103374e-04
4.252150247339159250e-04
8.545150049030780792e-04
2.012719342019408941e-04
1.017894945107400417e-03
8.733230642974376678e-04
3.719397354871034622e-04
5.558010889217257500e-04
6.641648942604660988e-04
1.026103622280061245e-03
6.641059881076216698e-04
9.534121491014957428e-04
8.227408397942781448e-04
5.474649951793253422e-04
4.958068602718412876e-04
5.017337971366941929e-04
5.550118512474000454e-04
8.445834391750395298e-04
1.406215247698128223e-03
1.143798581324517727e-03
4.998652148060500622e-04
3.373044601175934076e-04
2.103828359395265579e-03
6.593535654246807098e-04
1.469344133511185646e-03
3.831860667560249567e-04
8.002140675671398640e-04
1.832678972277790308e-04
3.288409789092838764e-04
8.641241583973169327e-04
6.690832087770104408e-04
7.285235333256423473e-04
3.670553560368716717e-04
6.888516945764422417e-04
1.318296854151412845e-04
2.024733694270253181e-03
2.236680302303284407e-04
2.567219489719718695e-04
2.165659097954630852e-04
2.963463193736970425e-04
1.251580979442223907e-04
3.176862956024706364e-04
3.629842249210923910e-04
6.585390074178576469e-04
4.441249766387045383e-04
7.470534183084964752e-04
7.741123554296791553e-04
7.408493547700345516e-04
9.101142641156911850e-04
7.344991317950189114e-04
1.074798987247049809e-03
6.239002686925232410e-04
5.848965374752879143e-04
1.636627828702330589e-03
9.548511588945984840e-04
1.135971280746161938e-03
2.567788760643452406e-04
1.050589140504598618e-03
6.046849885024130344e-04
1.511302834842354059e-04
4.571322060655802488e-04
8.646182250231504440e-04
1.362330629490315914e-03
9.330739849247038364e-04
8.100220584310591221e-04
3.768459428101778030e-04
1.811132096918299794e-04
2.029420284088701010e-04
1.072138547897338867e-03
1.446960231987759471e-04
3.653813619166612625e-04
5.970592028461396694e-04
5.422227550297975540e-04
1.100674387998878956e-03
6.163758225739002228e-04
6.864605820737779140e-04
7.413906278088688850e-04
8.818557835184037685e-04
5.365455290302634239e-04
3.128421085420995951e-04
4.385482170619070530e-04
1.191523740999400616e-03
5.464829155243933201e-04
3.994487924501299858e-04
2.765910467132925987e-04
9.193439618684351444e-04
1.336757704848423600e-04
2.963206497952342033e-04
6.014094687998294830e-04
5.842341342940926552e-04
3.036592097487300634e-04
2.362027444178238511e-04
7.729356875643134117e-04
5.560735589824616909e-04
6.594007136300206184e-04
3.668243880383670330e-04
1.219172030687332153e-03
4.374213749542832375e-04
4.127066349610686302e-04
8.499108371324837208e-04
1.010768581181764603e-03
2.941991842817515135e-04
1.735666010063141584e-04
2.623205655254423618e-04
7.032347493804991245e-04
8.715906878933310509e-04
1.218764227814972401e-04
4.932408919557929039e-04
3.249504603445529938e-03
1.024807221256196499e-03
6.861885194666683674e-04
4.849047691095620394e-04
2.026570960879325867e-03
3.858237178064882755e-04
9.815347148105502129e-04
1.175860757939517498e-03
9.703154792077839375e-04
7.223294232971966267e-04
7.991001475602388382e-04
7.822140469215810299e-04
2.586996415629982948e-04
9.376706439070403576e-04
5.305218510329723358e-04
1.624784315936267376e-03
2.703204809222370386e-04
4.818359157070517540e-04
9.631132706999778748e-04
7.913089357316493988e-04
3.463937027845531702e-04
7.122524548321962357e-04
4.631230840459465981e-04
2.261637942865490913e-03
1.424110145308077335e-03
3.645246033556759357e-04
1.402957597747445107e-03
7.309627253562211990e-04
3.077847941312938929e-04
7.190829492174088955e-04
9.446858894079923630e-04
6.144287181086838245e-04
2.026729052886366844e-03
1.141828019171953201e-03
7.416860898956656456e-04
7.851204136386513710e-04
5.748965195380151272e-04
4.802609910257160664e-04
4.328294890001416206e-04
1.371244579786434770e-04
1.495575852459296584e-04
4.571234749164432287e-04
5.460632382892072201e-04
8.642569882795214653e-04
3.912511456292122602e-04
5.261806072667241096e-04
7.940666400827467442e-04
1.574314315803349018e-03
1.943841052707284689e-04
8.593780221417546272e-04
3.222984669264405966e-04
4.224358999636024237e-04
6.899457075633108616e-04
9.310016321251168847e-05
5.244721542112529278e-04
3.398683911655098200e-04
1.656005770200863481e-04
8.463838603347539902e-04
6.030343938618898392e-04
1.033216598443686962e-03
8.051148033700883389e-04
5.549286142922937870e-04
2.196757850470021367e-04
7.610972388647496700e-04
3.595978487282991409e-04
8.850649464875459671e-04
6.048991344869136810e-04
1.315859146416187286e-03
8.520425762981176376e-04
5.818235804326832294e-04
7.760851294733583927e-04
1.051029772497713566e-03
3.821715654339641333e-04
3.585350350476801395e-04
2.655638090800493956e-04
1.786848297342658043e-04
3.517072182148694992e-04
2.906616427935659885e-04
7.325411424972116947e-04
4.457920149434357882e-04
1.548731670482084155e-04
7.395026041194796562e-04
1.147332484833896160e-03
8.909400785341858864e-04
7.948398124426603317e-04
1.728099596220999956e-04
2.524191804695874453e-04
4.927286063320934772e-04
4.069269052706658840e-04
3.775330260396003723e-04
3.059669397771358490e-04
9.083280456252396107e-04
3.728428564500063658e-04
1.738670282065868378e-03
2.975473471451550722e-04
7.418732275255024433e-04
3.068504156544804573e-04
7.508686394430696964e-04
4.803172778338193893e-04
8.887899457477033138e-04
8.094091899693012238e-04
3.933392290491610765e-04
8.100557606667280197e-04
2.116404648404568434e-04
6.440207944251596928e-04
7.761590532027184963e-04
1.185739994980394840e-03
1.177449943497776985e-03
9.282851824536919594e-04
5.687191151082515717e-04
2.445741847623139620e-04
8.061844273470342159e-04
9.454076644033193588e-04
3.458904393482953310e-04
4.924272070638835430e-04
1.105216448195278645e-03
6.387306493707001209e-04
5.818278295919299126e-04
3.614038869272917509e-04
3.478622820693999529e-04
6.601901841349899769e-04
3.074674459639936686e-04
6.094303680583834648e-04
1.487945672124624252e-03
1.004361198283731937e-03
6.665352266281843185e-04
9.707679273560643196e-04
7.854527211748063564e-04
2.041226980509236455e-04
7.580190431326627731e-04
5.808154237456619740e-04
3.470069495961070061e-04
6.908992654643952847e-04
9.269860456697642803e-04
3.339159302413463593e-04
7.286678883247077465e-04
1.682360307313501835e-03
6.657693884335458279e-04
4.586332361213862896e-04
8.417232311330735683e-04
2.208238292951136827e-04
1.763873151503503323e-04
1.555992872454226017e-03
9.970073588192462921e-04
6.174991140142083168e-04
1.676470274105668068e-04
2.622677420731633902e-04
1.488597248680889606e-03
6.025300244800746441e-04
3.795640659518539906e-04
1.000428455881774426e-03
1.230371533893048763e-03
1.781982718966901302e-03
4.122382961213588715e-04
1.823449565563350916e-04
1.042269635945558548e-03
7.025589002296328545e-04
4.889018600806593895e-04
1.272306544706225395e-03
6.881188019178807735e-04
7.848993409425020218e-04
8.612008532509207726e-04
2.847494615707546473e-04
6.633457960560917854e-04
4.424076178111135960e-04
8.956789388321340084e-04
3.679303918033838272e-04
7.823677733540534973e-04
4.746376071125268936e-04
1.459937047911807895e-04
3.392475191503763199e-04
5.857630167156457901e-04
1.539958611829206347e-04
7.121908129192888737e-04
1.215682597830891609e-03
1.405318616889417171e-03
2.073118463158607483e-03
1.116545870900154114e-03
1.408455078490078449e-03
4.177862720098346472e-04
1.766424975357949734e-04
7.448932155966758728e-04
3.915211709681898355e-04
1.194236450828611851e-03
5.116568645462393761e-04
6.453378591686487198e-04
5.568878841586410999e-04
1.091284444555640221e-03
1.272879890166223049e-03
5.415574414655566216e-04
9.552423143759369850e-04
5.528424517251551151e-04
7.965955301187932491e-04
4.773318942170590162e-04
5.871709436178207397e-04
6.302544497884809971e-04
5.542519502341747284e-04
5.364101380109786987e-04
9.018073906190693378e-04
7.154530030675232410e-04
1.210332411574199796e-04
8.600724977441132069e-04
2.021813066676259041e-03
1.958230423042550683e-04
7.038072217255830765e-04
1.819778815843164921e-03
9.615491726435720921e-04
9.592600399628281593e-04
3.851531364489346743e-04
4.693804075941443443e-04
6.906762719154357910e-04
2.022691187448799610e-04
7.860748446546494961e-04
2.916779776569455862e-04
8.883874397724866867e-04
1.688957563601434231e-04
5.502998828887939453e-04
1.279839198105037212e-03
2.936554956249892712e-04
8.977635880000889301e-04
6.581775378435850143e-04
4.272252263035625219e-04
7.012434653006494045e-04
1.121816341765224934e-03
7.294425158761441708e-04
5.421558744274079800e-04
9.479263098910450935e-04
9.834408992901444435e-04
4.094345786143094301e-04
4.260620044078677893e-04
7.259008707478642464e-04
6.102682673372328281e-04
7.548722205683588982e-04
2.817143977154046297e-04
2.153198467567563057e-03
5.135035607963800430e-04
8.178464486263692379e-04
1.828171371016651392e-04
1.263839076273143291e-03
1.804208266548812389e-03
2.567532646935433149e-04
5.545580643229186535e-04
8.103517466224730015e-04
2.243074413854628801e-04
3.658384666778147221e-04
2.854163176380097866e-04
6.587708485312759876e-04
5.250880494713783264e-04
6.695064948871731758e-04
3.725227725226432085e-04
3.620687930379062891e-04
8.170233923010528088e-04
8.327641407959163189e-04
4.903140943497419357e-04
9.523493936285376549e-04
7.006445666775107384e-04
2.391849266132339835e-04
2.760202623903751373e-04
8.818383794277906418e-04
6.634260644204914570e-04
7.970456499606370926e-04
1.294606830924749374e-03
3.020306758116930723e-04
1.005880883894860744e-03
5.287560634315013885e-04
7.110391161404550076e-04
3.172309661749750376e-04
3.622208023443818092e-04
3.132263373117893934e-04
1.364431576803326607e-03
3.929315425921231508e-04
1.108201468014158309e-04
8.625728660263121128e-04
6.293697515502572060e-04
6.924523622728884220e-04
6.233807653188705444e-04
6.849989295005798340e-04
3.694528422784060240e-04
5.401817033998668194e-04
1.079763169400393963e-03
9.729678859002888203e-04
8.433122420683503151e-04
8.691914263181388378e-04
4.580508684739470482e-04
2.203695039497688413e-04
7.455813465639948845e-04
3.136309969704598188e-04
2.575909020379185677e-04
1.107289223000407219e-03
7.269786437973380089e-04
1.983770052902400494e-04
7.339972653426229954e-04
5.954242660664021969e-04
1.122472574934363365e-03
1.277686445973813534e-03
1.113903708755970001e-03
1.710844662738963962e-04
4.714612441603094339e-04
5.996878608129918575e-04
1.170130213722586632e-03
6.347824819386005402e-04
1.481592626078054309e-04
2.162455493817105889e-04
5.598382558673620224e-04
5.273196147754788399e-04
5.598803982138633728e-04
6.372613715939223766e-04
8.871629834175109863e-04
2.824524708557873964e-04
1.431649579899385571e-04
2.638402511365711689e-04
8.486098959110677242e-04
8.551654755137860775e-04
8.476740913465619087e-04
4.609114839695394039e-04
5.044916179031133652e-04
2.057239325949922204e-04
6.444727187044918537e-04
2.603369648568332195e-04
3.656305198092013597e-04
5.336435278877615929e-04
1.546201528981328011e-03
7.686122553423047066e-04
6.361135165207087994e-04
1.076602842658758163e-03
1.703167508821934462e-04
4.949439316987991333e-04
4.558658984024077654e-04
2.610278897918760777e-04
1.137855462729930878e-03
7.720891735516488552e-04
3.354412619955837727e-04
8.441737154498696327e-04
5.236610886640846729e-04
6.125720101408660412e-04
8.632636745460331440e-04
9.573706774972379208e-04
1.280497235711663961e-04
4.745359765365719795e-04
3.834874951280653477e-04
3.673876053653657436e-04
4.720622673630714417e-04
8.148513152264058590e-04
1.113269710913300514e-03
3.246449923608452082e-04
5.166766350157558918e-04
1.208573114126920700e-03
2.283821813762187958e-04
1.569339365232735872e-04
1.219559489982202649e-04
2.040816470980644226e-03
1.101458328776061535e-03
1.495610107667744160e-03
1.620403723791241646e-03
3.558296884875744581e-04
2.751530555542558432e-04
4.439075419213622808e-04
1.310715917497873306e-03
8.891512989066541195e-04
3.861123695969581604e-04
2.025538560701534152e-04
6.767526501789689064e-04
1.216046628542244434e-03
5.865569692105054855e-04
9.789331816136837006e-04
1.157370643340982497e-04
8.947341120801866055e-04
7.004149956628680229e-04
1.356073626084253192e-04
5.684187635779380798e-04
1.373694249195978045e-04
8.802888332866132259e-04
6.165315862745046616e-04
2.912876370828598738e-04
1.170621835626661777e-03
6.996984011493623257e-04
1.165250316262245178e-03
1.528867403976619244e-03
2.808904973790049553e-04
7.064838428050279617e-04
1.183472573757171631e-03
9.451414807699620724e-04
5.955327651463449001e-04
1.069047211785800755e-04
6.282152608036994934e-04
8.730295230634510517e-04
3.999373584520071745e-04
4.982395912520587444e-04
7.448574178852140903e-04
3.291026514489203691e-04
1.209991867654025555e-03
1.066024648025631905e-03
8.796379552222788334e-04
4.653002833947539330e-04
6.014403188601136208e-04
9.765434078872203827e-04
5.520039703696966171e-04
8.151859510689973831e-04
6.622847286053001881e-04
1.170297153294086456e-03
1.002314034849405289e-03
5.358419730328023434e-04
1.439114566892385483e-03
8.785378304310142994e-04
3.072063555009663105e-04
1.006801263429224491e-03
3.160440537612885237e-04
2.142785378964617848e-04
8.494138019159436226e-04
1.325591700151562691e-03
1.076726359315216541e-03
5.607908824458718300e-04
5.364985554479062557e-04
9.923377074301242828e-04
9.671169682405889034e-04
8.976829121820628643e-04
1.454857760109007359e-03
7.804943597875535488e-04
2.917777746915817261e-03
7.573933689855039120e-04
4.639797261916100979e-04
1.084238523617386818e-03
1.102755544707179070e-03
7.269096095114946365e-04
5.417104694060981274e-04
1.080395421013236046e-03
9.550964459776878357e-04
1.116087310947477818e-03
4.317048587836325169e-04
6.084178457967936993e-04
7.821065955795347691e-04
1.456583035178482533e-03
1.258839736692607403e-03
5.031032487750053406e-04
8.165545295923948288e-04
4.860820481553673744e-04
4.226905584800988436e-04
4.454231529962271452e-04
7.411117549054324627e-04
5.804699612781405449e-04
4.587830044329166412e-04
7.102088420651853085e-04
5.866741412319242954e-04
4.433264257386326790e-04
7.693882216699421406e-04
7.071842555887997150e-04
3.980964247602969408e-04
1.054268097504973412e-03
1.096910447813570499e-03
9.853338124230504036e-04
1.437504542991518974e-04
1.151107600890100002e-03
1.962909940630197525e-03
8.888488519005477428e-04
6.873694364912807941e-04
2.497433451935648918e-04
6.051898817531764507e-04
4.517869965638965368e-04
1.747673610225319862e-03
7.366470526903867722e-04
5.723349750041961670e-04
1.235265372088178992e-04
9.368406608700752258e-04
9.303388651460409164e-04
1.564122503623366356e-04
9.321736288256943226e-04
5.601683515124022961e-04
8.826298872008919716e-04
6.053040269762277603e-04
1.099300337955355644e-03
1.199217047542333603e-03
9.101398754864931107e-04
4.447988176252692938e-04
1.116141793318092823e-03
1.739933795761317015e-04
6.327355513349175453e-04
4.460978670977056026e-04
1.050552469678223133e-03
1.014265581034123898e-03
4.755179688800126314e-04
1.504336250945925713e-03
7.074428722262382507e-04
5.449366872198879719e-04
1.055957982316613197e-03
2.104367158608511090e-04
1.069322461262345314e-03
1.107091084122657776e-03
1.012039720080792904e-03
7.525105611421167850e-04
1.249282504431903362e-03
4.772580694407224655e-03
7.902907091192901134e-04
1.146898255683481693e-03
5.756731261499226093e-04
1.283108838833868504e-03
4.436717135831713676e-04
1.025395700708031654e-03
6.098058074712753296e-04
8.000408997759222984e-04
1.802311628125607967e-03
1.086867297999560833e-03
1.849037362262606621e-04
7.112995372153818607e-04
2.839266089722514153e-04
1.263774582184851170e-03
8.732015267014503479e-04
6.666799890808761120e-04
1.645717566134408116e-04
