2.789637632668018341e-02
2.297830581665039062e-02
2.240058220922946930e-02
3.541048988699913025e-02
2.171850576996803284e-02
2.781134285032749176e-02
2.142791822552680969e-02
2.094106003642082214e-02
4.282515123486518860e-02
5.747030675411224365e-02
1.827246323227882385e-02
1.956954598426818848e-02
1.824101805686950684e-02
5.428509041666984558e-02
2.572284452617168427e-02
1.076766774058341980e-01
3.604898974299430847e-02
9.877406992018222809e-03
2.548176050186157227e-02
2.385703474283218384e-02
3.369414061307907104e-02
2.658607251942157745e-02
3.204736486077308655e-02
2.480330690741539001e-02
1.049873791635036469e-02
2.666105702519416809e-02
3.255238756537437439e-02
2.272317931056022644e-02
3.113918378949165344e-02
4.853645712137222290e-02
3.071006014943122864e-02
3.564131259918212891e-02
1.806237921118736267e-02
2.800254151225090027e-02
3.962082788348197937e-02
5.446138978004455566e-02
1.871372386813163757e-02
1.849565096199512482e-02
1.921165548264980316e-02
7.026015967130661011e-02
1.518206298351287842e-02
4.631410166621208191e-02
2.646965906023979187e-02
2.310332097113132477e-02
2.417339570820331573e-02
2.524883486330509186e-02
2.114557474851608276e-02
2.339706383645534515e-02
3.029219247400760651e-02
1.893310807645320892e-02
2.033872716128826141e-02
1.466985233128070831e-02
2.044717781245708466e-02
2.605117857456207275e-02
3.947607427835464478e-02
3.393254056572914124e-02
3.017974831163883209e-02
3.287547454237937927e-02
2.020212262868881226e-02
2.527878247201442719e-02
2.170735970139503479e-02
4.899894446134567261e-02
2.611554972827434540e-02
1.254631951451301575e-02
5.109651759266853333e-02
2.959330379962921143e-02
2.586223930120468140e-02
1.927507482469081879e-02
2.536584436893463135e-02
2.537787891924381256e-02
3.013404458761215210e-02
3.784256055951118469e-02
1.115176528692245483e-01
3.182640299201011658e-02
1.033093687146902084e-02
1.788178086280822754e-02
1.983652450144290924e-02
2.960009872913360596e-02
2.267589047551155090e-02
1.831915602087974548e-02
3.694642707705497742e-02
2.622473239898681641e-02
3.571177273988723755e-02
3.149604052305221558e-02
2.994517423212528229e-02
2.875731512904167175e-02
1.909978687763214111e-02
1.994139701128005981e-02
1.287847477942705154e-02
2.950885891914367676e-02
3.020659089088439941e-02
4.654971510171890259e-02
1.567980460822582245e-02
2.414875291287899017e-02
2.423907443881034851e-02
2.137221954762935638e-02
2.849386446177959442e-02
2.999098598957061768e-02
2.204390242695808411e-02
1.180082187056541443e-02
4.810962453484535217e-02
1.932028122246265411e-02
2.828648686408996582e-02
4.507017880678176880e-02
2.688271179795265198e-02
3.335721418261528015e-02
2.862923406064510345e-02
2.170206792652606964e-02
2.160996571183204651e-02
3.729002922773361206e-02
2.468410693109035492e-02
1.795073226094245911e-02
2.345625497400760651e-02
1.763186603784561157e-02
2.100740373134613037e-02
2.413269318640232086e-02
4.293558374047279358e-02
2.283581346273422241e-02
2.782059647142887115e-02
3.192588686943054199e-02
2.023996040225028992e-02
2.528446167707443237e-02
1.424106676131486893e-02
2.498452924191951752e-02
1.780845597386360168e-02
1.795623265206813812e-02
1.631332561373710632e-02
2.216439507901668549e-02
