5.045397699632303556e-08
8.065279689617455006e-04
9.638714045286178589e-02
-7.121802866458892822e-02
-1.218514982610940933e-02
-3.257680311799049377e-02
-1.203853171318769455e-02
8.255646377801895142e-02
1.245116144418716431e-01
7.533586025238037109e-02
-5.671101436018943787e-02
6.111103296279907227e-02
-3.264116868376731873e-02
1.572989672422409058e-01
5.126290768384933472e-02
1.102948933839797974e-01
-1.351766753941774368e-02
6.873655319213867188e-02
-2.097362726926803589e-01
1.155544737230229657e-06
1.913321912288665771e-01
2.082506380975246429e-02
1.215088889002799988e-01
2.996850311756134033e-01
1.521336436271667480e-01
1.541803479194641113e-01
4.257753193378448486e-01
1.625993400812149048e-01
-1.989889442920684814e-01
2.094285786151885986e-01
-3.030598163604736328e-02
7.457347959280014038e-02
7.249552011489868164e-02
-6.034823134541511536e-02
2.129158377647399902e-02
-9.366564452648162842e-02
1.402848064899444580e-01
3.929573297500610352e-02
1.173467114567756653e-01
2.587692439556121826e-01
1.267940253019332886e-01
1.713451147079467773e-01
2.039364427328109741e-01
-7.913334667682647705e-02
2.391415983438491821e-01
1.423902958631515503e-01
6.194524839520454407e-02
-4.271124899387359619e-01
4.230230674147605896e-02
-1.233496218919754028e-01
-3.594276309013366699e-02
2.541933394968509674e-02
2.973819673061370850e-01
-1.166430264711380005e-01
-2.594993412494659424e-01
-1.248958334326744080e-01
-6.626215577125549316e-01
-1.778724486939609051e-03
-3.470587357878684998e-02
-5.954330787062644958e-03
-2.322141826152801514e-01
-2.543930754939083272e-08
2.960582971572875977e-01
2.141631245613098145e-01
