3.600152581930160522e-02
1.336114406585693359e-01
1.071130782365798950e-01
3.400294855237007141e-02
1.056973487138748169e-01
3.267456963658332825e-02
7.612354308366775513e-02
7.773388922214508057e-02
8.871746808290481567e-02
1.311846226453781128e-01
1.740028709173202515e-01
8.766040951013565063e-02
1.226277127861976624e-01
1.159594953060150146e-01
6.506057828664779663e-02
1.273255497217178345e-01
2.737334743142127991e-02
1.495797932147979736e-01
6.275837868452072144e-02
1.007148176431655884e-01
1.017894521355628967e-01
1.159933432936668396e-01
7.314284890890121460e-02
9.540925174951553345e-02
1.506273001432418823e-01
7.130614668130874634e-02
1.459646131843328476e-02
1.329022198915481567e-01
6.973130255937576294e-02
2.849843539297580719e-02
9.245550632476806641e-02
1.355205774307250977e-01
1.152476593852043152e-01
1.102834269404411316e-01
1.158223226666450500e-01
1.318801045417785645e-01
1.421376764774322510e-01
4.499390721321105957e-02
2.730271033942699432e-02
9.339338541030883789e-02
8.489529788494110107e-02
1.561320275068283081e-01
4.635982960462570190e-02
1.787931025028228760e-01
1.426561772823333740e-01
2.234946377575397491e-02
6.167497113347053528e-02
1.453716456890106201e-01
1.831462383270263672e-01
5.722954869270324707e-02
4.286840930581092834e-02
4.649652913212776184e-02
8.851682394742965698e-02
1.659764796495437622e-01
7.738126069307327271e-02
1.978619024157524109e-02
7.457403093576431274e-02
1.011568754911422729e-01
7.825127243995666504e-02
1.233831122517585754e-01
1.138986051082611084e-01
7.498857378959655762e-02
7.189267128705978394e-02
3.643938153982162476e-02
1.379974037408828735e-01
8.551398664712905884e-02
1.058562099933624268e-01
1.238946020603179932e-01
4.206738993525505066e-02
1.267157047986984253e-01
5.581849068403244019e-02
4.634959623217582703e-02
5.117215588688850403e-02
3.282314538955688477e-02
1.420764178037643433e-01
3.376304358243942261e-02
1.656748801469802856e-01
7.503150403499603271e-02
9.002345800399780273e-02
4.414361342787742615e-02
3.727620840072631836e-02
1.205991804599761963e-01
7.926190644502639771e-02
3.239914774894714355e-02
3.910907357931137085e-02
1.101224794983863831e-01
8.338460326194763184e-02
7.873154431581497192e-02
8.991315960884094238e-02
8.612175285816192627e-02
5.257107689976692200e-02
5.198880657553672791e-02
3.228510543704032898e-02
6.849857419729232788e-02
1.878191530704498291e-02
1.252638548612594604e-01
1.069419756531715393e-01
3.571334853768348694e-02
1.070649996399879456e-01
1.190626025199890137e-01
3.806800395250320435e-02
1.504036337137222290e-01
7.097244262695312500e-02
3.326632454991340637e-02
1.012583300471305847e-01
7.999910414218902588e-02
1.697831749916076660e-01
1.334653049707412720e-01
5.890014022588729858e-02
1.532340496778488159e-01
9.915298968553543091e-02
1.167124360799789429e-01
1.220811381936073303e-01
4.799416661262512207e-02
1.012852974236011505e-02
5.751827359199523926e-02
9.633311629295349121e-02
7.007385045289993286e-02
6.874389201402664185e-02
7.677946984767913818e-02
1.410356014966964722e-01
4.089397564530372620e-02
7.312874495983123779e-02
2.359947375953197479e-02
3.368031606078147888e-02
1.152122765779495239e-01
1.129855364561080933e-01
1.146321073174476624e-01
1.351255457848310471e-03
1.244907379150390625e-01
5.050012841820716858e-02
8.290199935436248779e-02
4.344867542386054993e-02
9.793898463249206543e-02
1.922009140253067017e-02
1.359394043684005737e-01
9.462022781372070312e-02
5.036158114671707153e-02
2.270223945379257202e-02
7.027663290500640869e-02
8.944148570299148560e-02
9.313276410102844238e-02
1.007645949721336365e-01
1.315683126449584961e-01
7.363394647836685181e-02
1.621088087558746338e-01
1.426658034324645996e-01
-1.559051128197097569e-07
7.253086566925048828e-02
4.101239517331123352e-02
6.805764883756637573e-02
8.247422426939010620e-02
2.138014286756515503e-01
4.029291868209838867e-02
1.081724390387535095e-01
9.637727588415145874e-02
9.120765328407287598e-02
5.401015281677246094e-02
7.808349281549453735e-02
1.356063038110733032e-01
9.092471748590469360e-02
1.075836494565010071e-01
4.365891590714454651e-02
6.593006104230880737e-02
4.338154941797256470e-02
1.040236949920654297e-01
5.546841025352478027e-02
1.009151712059974670e-01
8.874149620532989502e-02
4.619878530502319336e-02
2.079254388809204102e-02
3.621294721961021423e-02
8.468189090490341187e-02
8.403590321540832520e-02
1.216207146644592285e-01
-1.162253785878419876e-02
2.376541346311569214e-01
8.517465740442276001e-02
3.631446883082389832e-02
8.370523154735565186e-02
5.252641439437866211e-02
6.970950216054916382e-02
9.361413121223449707e-02
5.332939699292182922e-02
1.531024128198623657e-01
5.522026494145393372e-02
2.962492965161800385e-02
7.039657980203628540e-02
9.718696773052215576e-02
1.632040739059448242e-01
7.240939885377883911e-02
1.042886525392532349e-01
4.744362086057662964e-02
1.220896393060684204e-01
1.084399148821830750e-01
5.144390463829040527e-02
3.153054416179656982e-02
3.645000979304313660e-02
6.300983577966690063e-02
1.800005733966827393e-01
1.098121106624603271e-01
1.189417988061904907e-01
8.332633972167968750e-02
3.509338572621345520e-02
5.346786230802536011e-02
1.712648123502731323e-01
1.295808423310518265e-02
9.705311805009841919e-02
8.167492598295211792e-02
1.499415785074234009e-01
1.404559463262557983e-01
1.504633277654647827e-01
5.194349586963653564e-02
1.270603984594345093e-01
7.816705107688903809e-02
4.499897733330726624e-02
1.804250180721282959e-01
1.129052191972732544e-01
1.234983429312705994e-01
2.169646322727203369e-01
9.231799282133579254e-03
1.739303171634674072e-01
7.450858503580093384e-02
1.396002322435379028e-01
5.652582645416259766e-02
1.486189216375350952e-01
2.016946524381637573e-01
1.634053289890289307e-01
2.093195170164108276e-02
9.200823307037353516e-02
1.674538105726242065e-01
1.142108738422393799e-01
8.373869955539703369e-02
9.713729470968246460e-02
4.592619836330413818e-02
8.588706701993942261e-02
1.339610815048217773e-01
8.651386946439743042e-02
1.482882350683212280e-01
1.447024494409561157e-01
1.343138217926025391e-01
7.142947614192962646e-02
1.071450859308242798e-01
9.327355027198791504e-02
9.623000770807266235e-02
1.594816893339157104e-01
3.935862705111503601e-02
4.912825673818588257e-02
-1.414487720467150211e-03
8.484385162591934204e-02
1.242896616458892822e-01
1.468171328306198120e-01
1.137099266052246094e-01
1.056116223335266113e-01
6.469475477933883667e-02
3.595296293497085571e-02
3.712324425578117371e-02
6.558469682931900024e-02
1.094419434666633606e-01
1.330049186944961548e-01
6.193998456001281738e-02
1.508113145828247070e-01
9.123231470584869385e-02
1.537311375141143799e-01
1.285403817892074585e-01
8.351145684719085693e-02
7.061739265918731689e-02
6.895682960748672485e-02
5.690173804759979248e-02
1.203826218843460083e-01
1.418848037719726562e-01
8.930148929357528687e-02
1.126348823308944702e-01
1.489584147930145264e-01
1.078406572341918945e-01
8.098026365041732788e-02
4.655251279473304749e-02
9.203123301267623901e-02
8.240795135498046875e-02
5.758831650018692017e-02
1.313758492469787598e-01
4.446735233068466187e-02
6.764308363199234009e-02
1.710485108196735382e-02
5.140285938978195190e-02
1.331443190574645996e-01
2.262606769800186157e-01
1.119721382856369019e-01
5.141917243599891663e-02
5.049250647425651550e-02
1.034928709268569946e-01
7.984996587038040161e-02
2.781716547906398773e-02
1.272982656955718994e-01
1.753481626510620117e-01
6.685120612382888794e-02
9.341635555028915405e-02
4.202755540609359741e-02
6.482806056737899780e-02
1.436096727848052979e-01
1.214052140712738037e-01
1.346298754215240479e-01
9.402772784233093262e-02
1.705574803054332733e-02
7.885514944791793823e-02
1.231108680367469788e-01
1.142569929361343384e-01
5.641047656536102295e-02
8.028021454811096191e-02
1.181635558605194092e-01
4.273850843310356140e-02
1.618815362453460693e-01
4.749725759029388428e-02
1.330055743455886841e-01
2.830663137137889862e-02
6.800752133131027222e-02
3.442620486021041870e-02
9.112747013568878174e-02
1.484765112400054932e-01
1.320708543062210083e-01
1.373740434646606445e-01
1.249357163906097412e-01
1.023545265197753906e-01
1.372881978750228882e-01
1.119047626852989197e-01
7.257068902254104614e-02
1.425517350435256958e-01
8.684713393449783325e-02
1.003450006246566772e-01
1.144226789474487305e-01
3.550339490175247192e-02
6.961922347545623779e-02
1.853245543316006660e-03
3.234247863292694092e-02
2.710339240729808807e-02
1.139052584767341614e-01
1.486986577510833740e-01
1.537110656499862671e-01
1.314094215631484985e-01
3.817179054021835327e-02
1.572772711515426636e-01
1.016479879617691040e-01
9.067316353321075439e-02
1.515237838029861450e-01
1.049916893243789673e-01
9.672712534666061401e-02
9.285077452659606934e-02
1.837323606014251709e-02
6.053913757205009460e-02
1.093025803565979004e-01
9.648940712213516235e-02
1.313014179468154907e-01
1.973026990890502930e-02
9.330234676599502563e-02
1.044058725237846375e-01
1.507003456354141235e-01
1.553692221641540527e-01
9.383787214756011963e-02
1.900801956653594971e-01
9.325048886239528656e-03
2.353041172027587891e-01
-9.835971519351005554e-03
6.004700809717178345e-02
5.997379869222640991e-02
5.497198179364204407e-02
1.129391342401504517e-01
9.535099565982818604e-02
1.490778475999832153e-01
8.133491873741149902e-02
3.869017213582992554e-02
7.288654148578643799e-02
1.383377313613891602e-01
1.581632792949676514e-01
1.246011033654212952e-01
4.412390291690826416e-02
4.496324434876441956e-02
6.151452288031578064e-02
1.143607199192047119e-01
3.290070220828056335e-02
1.465385854244232178e-01
9.119622409343719482e-02
1.234409213066101074e-01
1.175269708037376404e-01
1.373995691537857056e-01
1.528995037078857422e-01
7.541679590940475464e-02
1.600748300552368164e-01
1.062709689140319824e-01
5.986957252025604248e-02
9.525883942842483521e-02
2.862834930419921875e-02
6.849780678749084473e-02
2.103336006402969360e-01
1.419901549816131592e-01
1.300172060728073120e-01
4.751430451869964600e-02
5.750057101249694824e-02
1.316139250993728638e-01
1.318765431642532349e-01
6.713405996561050415e-02
1.311752796173095703e-01
1.644904911518096924e-01
1.124842837452888489e-01
2.681810595095157623e-02
4.991285502910614014e-02
7.970706373453140259e-02
1.166244223713874817e-01
4.778888821601867676e-02
2.835439518094062805e-02
4.180877283215522766e-02
1.217770576477050781e-01
1.845809817314147949e-02
1.406085044145584106e-01
9.254451096057891846e-02
2.577751129865646362e-02
4.855258017778396606e-02
1.346658915281295776e-01
1.502022147178649902e-01
1.037313416600227356e-01
1.189396157860755920e-01
1.010072901844978333e-01
4.158998280763626099e-02
9.498280286788940430e-02
6.989978998899459839e-02
7.727015018463134766e-02
8.794362097978591919e-02
1.552462577819824219e-01
1.598913669586181641e-01
9.045598655939102173e-02
4.842131584882736206e-02
1.311458349227905273e-01
1.012866124510765076e-01
2.141043394804000854e-01
7.854312658309936523e-02
1.104573830962181091e-01
4.644019901752471924e-02
3.344859927892684937e-02
5.198001861572265625e-02
1.176293492317199707e-01
5.865083262324333191e-02
6.484529376029968262e-02
8.618503808975219727e-02
4.596438258886337280e-03
1.881623417139053345e-01
1.958178728818893433e-02
2.653339877724647522e-02
4.271738976240158081e-02
4.158963263034820557e-02
1.094567682594060898e-02
2.470390498638153076e-02
6.521796435117721558e-02
1.021541282534599304e-01
7.881839573383331299e-02
1.209547594189643860e-01
9.323164820671081543e-02
6.329583376646041870e-02
9.894520044326782227e-02
1.313237249851226807e-01
6.407514214515686035e-02
8.230673521757125854e-02
7.068488746881484985e-02
1.401833444833755493e-01
1.492267996072769165e-01
1.266882866621017456e-01
1.676171831786632538e-02
1.544660478830337524e-01
8.657315373420715332e-02
2.443072944879531860e-02
6.325572729110717773e-02
9.737455844879150391e-02
1.999959796667098999e-01
1.444048881530761719e-01
1.075464114546775818e-01
7.308042794466018677e-02
2.764656394720077515e-02
2.316263876855373383e-02
1.333875358104705811e-01
1.865566708147525787e-02
2.846899069845676422e-02
8.397140353918075562e-02
8.142692595720291138e-02
1.169318184256553650e-01
1.242816224694252014e-01
9.960166364908218384e-02
1.417724341154098511e-01
1.163489893078804016e-01
4.078918695449829102e-02
-9.962200419977307320e-04
9.285800904035568237e-02
1.801488399505615234e-01
5.067621544003486633e-02
1.672304235398769379e-02
2.827337011694908142e-02
1.439034640789031982e-01
8.271015249192714691e-03
3.393822535872459412e-02
5.294218286871910095e-02
7.675866037607192993e-02
5.645436048507690430e-02
9.786318056285381317e-03
6.593678891658782959e-02
6.850931793451309204e-02
8.903782814741134644e-02
5.483238399028778076e-02
1.405121088027954102e-01
7.561693340539932251e-02
2.816525055095553398e-03
9.064818173646926880e-02
1.039233803749084473e-01
3.656245395541191101e-02
2.166565507650375366e-02
3.413213789463043213e-02
9.078723937273025513e-02
1.206799373030662537e-01
2.305466867983341217e-02
1.101683080196380615e-01
2.943518459796905518e-01
1.515468806028366089e-01
1.106476262211799622e-01
9.409318119287490845e-02
2.300409078598022461e-01
2.978092804551124573e-02
9.907208383083343506e-02
1.442440748214721680e-01
1.361233294010162354e-01
1.173585057258605957e-01
1.020171493291854858e-01
9.267630428075790405e-02
4.613831639289855957e-02
1.244666799902915955e-01
4.145951196551322937e-02
1.120625138282775879e-01
3.548186644911766052e-02
6.063175946474075317e-02
1.367633342742919922e-01
1.017843931913375854e-01
4.749536886811256409e-02
1.294956952333450317e-01
6.694817543029785156e-02
2.004999518394470215e-01
1.442383527755737305e-01
6.318160146474838257e-02
1.354271173477172852e-01
1.080543175339698792e-01
2.331676520407199860e-02
9.624143689870834351e-02
9.537867456674575806e-02
3.149140998721122742e-02
1.509567797183990479e-01
1.515863388776779175e-01
1.001020297408103943e-01
1.264315098524093628e-01
6.928098946809768677e-02
6.336180120706558228e-02
5.613631755113601685e-02
3.057014197111129761e-02
-1.247870083898305893e-02
6.055371835827827454e-02
8.855281025171279907e-02
1.133629307150840759e-01
6.462761759757995605e-02
7.359361648559570312e-02
1.145340427756309509e-01
1.254332214593887329e-01
3.043521940708160400e-02
1.087539270520210266e-01
5.384837836027145386e-02
4.925885796546936035e-02
9.544102847576141357e-02
-1.449966989457607269e-02
7.488182187080383301e-02
-5.504622124135494232e-03
-2.230270393192768097e-02
1.268878579139709473e-01
1.006761342287063599e-01
9.879527986049652100e-02
9.577266871929168701e-02
1.011760085821151733e-01
1.739091612398624420e-02
1.071694418787956238e-01
7.165959477424621582e-02
1.432959139347076416e-01
5.898727104067802429e-02
1.425512284040451050e-01
1.375982314348220825e-01
8.527553081512451172e-02
9.450041502714157104e-02
1.325228959321975708e-01
4.750375449657440186e-02
5.550504475831985474e-02
2.485452406108379364e-02
1.539598777890205383e-02
4.024201259016990662e-02
3.742206469178199768e-02
1.008581370115280151e-01
4.880433902144432068e-02
1.106057688593864441e-02
1.060475185513496399e-01
1.537007838487625122e-01
6.217381730675697327e-02
1.101523414254188538e-01
-1.609130203723907471e-02
4.181833192706108093e-02
8.170156925916671753e-02
4.215055331587791443e-02
6.384140253067016602e-02
3.983968496322631836e-02
1.517337560653686523e-01
4.864194616675376892e-02
1.896749585866928101e-01
6.726571917533874512e-02
8.239368349313735962e-02
4.563128948211669922e-02
1.208894327282905579e-01
7.593300193548202515e-02
1.070462316274642944e-01
1.125443056225776672e-01
4.497449845075607300e-02
1.186271235346794128e-01
3.269406408071517944e-02
9.028583765029907227e-02
1.017455980181694031e-01
7.799218595027923584e-02
1.176412627100944519e-01
1.236070618033409119e-01
8.409754186868667603e-02
2.276403456926345825e-02
1.001720726490020752e-01
9.334516525268554688e-02
6.162347644567489624e-02
7.037784159183502197e-02
9.351537376642227173e-02
9.770099818706512451e-02
6.500321626663208008e-02
4.148836806416511536e-02
4.137579351663589478e-02
8.260437846183776855e-02
4.803663864731788635e-02
5.510366708040237427e-02
1.508907824754714966e-01
1.311848759651184082e-01
1.096891760826110840e-01
1.034747809171676636e-01
1.152445003390312195e-01
3.643675521016120911e-02
1.050085797905921936e-01
6.094844266772270203e-02
3.905229270458221436e-02
9.983211010694503784e-02
1.103975176811218262e-01
5.304897949099540710e-02
1.052196472883224487e-01
1.326963901519775391e-01
1.007947251200675964e-01
6.349371373653411865e-02
7.656178623437881470e-02
-1.186623331159353256e-02
1.165274344384670258e-02
1.760561168193817139e-01
1.029608547687530518e-01
8.097863197326660156e-02
2.114153280854225159e-02
4.548015072941780090e-02
1.625373065471649170e-01
8.923070132732391357e-02
7.732012867927551270e-02
1.309168785810470581e-01
1.023852601647377014e-01
1.569407582283020020e-01
7.842782884836196899e-02
2.996797673404216766e-02
1.257683783769607544e-01
1.188238039612770081e-01
1.016944348812103271e-01
1.397847980260848999e-01
1.024538129568099976e-01
9.949516505002975464e-02
1.377630084753036499e-01
-7.361399941146373749e-03
1.077226549386978149e-01
6.147427856922149658e-02
1.220515072345733643e-01
5.631113797426223755e-02
8.720485121011734009e-02
8.209356665611267090e-02
1.458775438368320465e-02
3.487491235136985779e-02
8.369643986225128174e-02
4.405563324689865112e-02
8.574905246496200562e-02
1.337225288152694702e-01
1.774810254573822021e-01
1.452949345111846924e-01
1.222395524382591248e-01
1.512694954872131348e-01
4.793830960988998413e-02
3.546579554677009583e-02
6.377799063920974731e-02
7.267309725284576416e-02
1.700799614191055298e-01
5.636057257652282715e-02
6.395371258258819580e-02
7.537356764078140259e-02
1.553992480039596558e-01
1.448507755994796753e-01
6.852854788303375244e-02
1.481745541095733643e-01
1.153903529047966003e-01
1.308444887399673462e-01
4.029179736971855164e-02
6.873895972967147827e-02
8.743289113044738770e-02
7.834707200527191162e-02
7.860665768384933472e-02
1.094245463609695435e-01
9.677229076623916626e-02
2.515272237360477448e-02
9.421803802251815796e-02
1.426795423030853271e-01
2.887814864516258240e-02
1.153234541416168213e-01
2.081280499696731567e-01
9.166125208139419556e-02
1.140054389834403992e-01
5.897833034396171570e-02
7.035224139690399170e-02
1.475406587123870850e-01
3.825839981436729431e-02
7.630580663681030273e-02
5.205155164003372192e-02
9.908596426248550415e-02
4.764215555042028427e-03
6.293597072362899780e-02
1.368919461965560913e-01
3.322065249085426331e-02
1.152326837182044983e-01
1.154861524701118469e-01
5.479491129517555237e-02
1.316744089126586914e-01
1.150837242603302002e-01
1.005561798810958862e-01
5.094524845480918884e-02
1.076157540082931519e-01
1.069763824343681335e-01
5.548802018165588379e-02
5.600140243768692017e-02
1.178167685866355896e-01
8.095258474349975586e-02
9.390037506818771362e-02
2.591499127447605133e-02
1.934122741222381592e-01
5.063798278570175171e-02
8.560890704393386841e-02
3.044919110834598541e-02
1.177695542573928833e-01
1.864083558320999146e-01
4.827474430203437805e-02
5.657541751861572266e-02
1.076335385441780090e-01
4.433951899409294128e-02
3.936652466654777527e-02
1.515849027782678604e-02
6.393459439277648926e-02
6.961546093225479126e-02
7.913387566804885864e-02
5.005695670843124390e-02
4.861724749207496643e-02
1.192672252655029297e-01
1.288824677467346191e-01
7.757329940795898438e-02
2.275098562240600586e-01
8.875437080860137939e-02
4.484663903713226318e-02
2.946607954800128937e-02
1.156777590513229370e-01
1.227396652102470398e-01
1.083094552159309387e-01
1.242615431547164917e-01
3.638554364442825317e-02
9.140271693468093872e-02
6.950541585683822632e-02
1.044712364673614502e-01
5.510206148028373718e-02
3.779627010226249695e-02
3.850834816694259644e-02
1.516596376895904541e-01
5.374315381050109863e-02
8.180717122741043568e-04
6.510614603757858276e-02
1.213748529553413391e-01
1.060633361339569092e-01
7.962481677532196045e-02
7.392422854900360107e-02
5.573837831616401672e-02
1.029849722981452942e-01
1.072897091507911682e-01
1.285453140735626221e-01
9.143864363431930542e-02
1.519962549209594727e-01
4.818284884095191956e-02
1.705548726022243500e-02
1.023914813995361328e-01
5.016588419675827026e-02
2.934758178889751434e-02
1.156509891152381897e-01
1.024392247200012207e-01
2.605508081614971161e-02
7.678415626287460327e-02
1.166702359914779663e-01
1.466364115476608276e-01
1.079280599951744080e-01
1.761739253997802734e-01
-1.844751881435513496e-03
4.220692813396453857e-02
5.119683966040611267e-02
1.216765493154525757e-01
9.407009184360504150e-02
1.146881561726331711e-02
3.528703376650810242e-02
6.110225990414619446e-02
7.781463116407394409e-02
6.867018342018127441e-02
8.873987942934036255e-02
1.266100704669952393e-01
3.063369169831275940e-02
1.330142142251133919e-03
3.375112637877464294e-02
8.756901323795318604e-02
1.140562742948532104e-01
1.463747769594192505e-01
6.597013771533966064e-02
7.603021711111068726e-02
1.318632531911134720e-02
7.196067273616790771e-02
1.839810051023960114e-02
7.536014169454574585e-02
8.326693624258041382e-02
1.765875518321990967e-01
4.273365810513496399e-02
9.340847283601760864e-02
1.669868230819702148e-01
3.910270333290100098e-02
9.158634394407272339e-02
2.831975743174552917e-02
3.800991922616958618e-02
1.694154441356658936e-01
8.077427744865417480e-02
6.194334104657173157e-02
1.153718456625938416e-01
6.454424560070037842e-02
1.301235854625701904e-01
9.414339065551757812e-02
1.074130460619926453e-01
-3.019965626299381256e-02
2.994902245700359344e-02
8.543445914983749390e-02
-2.288553677499294281e-02
7.749397307634353638e-02
7.535618543624877930e-02
1.642665714025497437e-01
4.316500946879386902e-02
8.778112381696701050e-02
1.490141451358795166e-01
3.257925435900688171e-02
2.823316864669322968e-02
2.020843513309955597e-02
1.641765385866165161e-01
1.457667648792266846e-01
1.360215395689010620e-01
1.550009548664093018e-01
5.718899890780448914e-02
2.653320319950580597e-02
5.994405969977378845e-02
8.452492207288742065e-02
1.299212723970413208e-01
3.854025900363922119e-02
1.023317780345678329e-02
1.070889905095100403e-01
1.649419665336608887e-01
7.844774425029754639e-02
7.349278777837753296e-02
-1.546436827629804611e-02
1.248547285795211792e-01
1.020960882306098938e-01
-1.973955892026424408e-02
7.343170791864395142e-02
3.147413209080696106e-02
8.143831789493560791e-02
5.693273618817329407e-02
2.176978252828121185e-02
1.294118016958236694e-01
7.780586183071136475e-02
1.414048522710800171e-01
1.290178596973419189e-01
5.604550614953041077e-02
1.114196181297302246e-01
1.219171434640884399e-01
1.000732332468032837e-01
6.009823828935623169e-02
1.136885769665241241e-02
7.860930263996124268e-02
9.944972395896911621e-02
4.764670878648757935e-02
3.653955832123756409e-02
8.609835058450698853e-02
3.804872557520866394e-02
8.300351351499557495e-02
1.225849315524101257e-01
1.334870457649230957e-01
7.054750621318817139e-02
9.011199325323104858e-02
1.189988553524017334e-01
5.473978444933891296e-02
1.078830584883689880e-01
1.025118306279182434e-01
1.467657536268234253e-01
1.041456386446952820e-01
8.710460364818572998e-02
9.569873660802841187e-02
1.184343993663787842e-01
5.139869078993797302e-02
1.474709212779998779e-01
4.578968510031700134e-02
2.885434590280056000e-02
1.252074539661407471e-01
1.827648282051086426e-01
1.021735370159149170e-01
6.523168832063674927e-02
6.589488685131072998e-02
1.368838101625442505e-01
6.751652061939239502e-02
1.045245379209518433e-01
1.261968463659286499e-01
1.500345766544342041e-01
8.654426038265228271e-02
1.012132838368415833e-01
6.021014228463172913e-02
1.418900042772293091e-01
1.523831784725189209e-01
1.256969422101974487e-01
1.016005873680114746e-01
1.038223654031753540e-01
1.333922892808914185e-01
1.356072723865509033e-01
5.690611898899078369e-02
1.156128346920013428e-01
1.259936541318893433e-01
7.106763869524002075e-02
1.338155716657638550e-01
5.138366669416427612e-02
1.021094843745231628e-01
5.882783979177474976e-02
5.442965030670166016e-02
6.086701899766921997e-02
6.840474903583526611e-02
5.999640375375747681e-02
6.044389680027961731e-02
7.946094125509262085e-02
8.703441917896270752e-02
5.811023339629173279e-02
1.043116599321365356e-01
3.323725610971450806e-02
5.251261591911315918e-02
8.657398074865341187e-02
1.164301931858062744e-01
1.224206686019897461e-01
1.189219392836093903e-02
1.268203258514404297e-01
1.344178766012191772e-01
1.157411187887191772e-01
1.005212143063545227e-01
3.301402181386947632e-02
1.050832122564315796e-01
6.216589733958244324e-02
1.457586288452148438e-01
1.087759807705879211e-01
1.048599928617477417e-01
3.066192008554935455e-02
1.061754897236824036e-01
1.500656753778457642e-01
1.402760483324527740e-02
9.534437954425811768e-02
5.478449910879135132e-02
1.055276393890380859e-01
7.890933007001876831e-02
1.512196660041809082e-01
1.249969378113746643e-01
1.259014755487442017e-01
7.048349827527999878e-02
1.270563155412673950e-01
2.730465866625308990e-02
1.015073359012603760e-01
7.434594631195068359e-02
1.374479681253433228e-01
1.550738662481307983e-01
6.121410802006721497e-02
1.718280166387557983e-01
1.036315932869911194e-01
6.741363555192947388e-02
5.698345229029655457e-02
2.835828252136707306e-02
1.224994808435440063e-01
7.035783678293228149e-02
7.160212099552154541e-02
6.524328887462615967e-02
1.278064846992492676e-01
2.822436094284057617e-01
1.123204380273818970e-01
1.671693027019500732e-01
1.047499328851699829e-01
1.550136655569076538e-01
5.601074919104576111e-02
1.421960145235061646e-01
1.141953244805335999e-01
1.065045073628425598e-01
1.733728200197219849e-01
1.153718233108520508e-01
2.269905433058738708e-02
7.479042559862136841e-02
3.397747501730918884e-02
1.207557022571563721e-01
1.108914017677307129e-01
6.010280549526214600e-02
1.640636846423149109e-02
