-7.226572185754776001e-02
-6.467303261160850525e-03
-5.244311317801475525e-02
-5.583507008850574493e-03
-2.799341082572937012e-02
-5.810716375708580017e-02
5.674044135957956314e-03
-4.164366051554679871e-02
-3.662744909524917603e-02
-7.172287255525588989e-02
6.932792812585830688e-02
-2.019330114126205444e-02
-3.313993662595748901e-02
5.354529712349176407e-03
4.059278871864080429e-03
-1.262147165834903717e-02
1.242060121148824692e-02
6.650884635746479034e-03
5.478314124047756195e-03
1.011251565068960190e-02
1.184635097160935402e-03
-8.476104587316513062e-03
4.836023785173892975e-03
-5.349390208721160889e-02
-6.557599641382694244e-03
-2.689600223675370216e-03
1.239654719829559326e-01
1.170960138551890850e-03
-2.076359279453754425e-02
-9.547078981995582581e-03
-1.897012349218130112e-03
1.242218073457479477e-03
-2.956332080066204071e-02
-6.851774640381336212e-03
1.152453385293483734e-02
-1.542672049254179001e-02
7.453446742147207260e-03
-3.261144738644361496e-03
-4.861548950430005789e-04
-3.439306840300559998e-02
7.753925397992134094e-03
4.722885321825742722e-03
5.383526906371116638e-03
6.746480613946914673e-02
-4.701453261077404022e-03
-3.258498618379235268e-03
-1.314582303166389465e-02
-6.565000861883163452e-03
-2.872765529900789261e-03
-3.659446910023689270e-02
-3.427236527204513550e-02
-2.032556076301261783e-04
1.245425362139940262e-02
-3.993711434304714203e-03
3.897205740213394165e-02
2.673735616554040462e-05
2.591021358966827393e-02
-1.040467340499162674e-02
-1.284848432987928391e-02
-5.520208925008773804e-02
-3.213748708367347717e-02
2.011193335056304932e-02
-7.846421562135219574e-03
2.720401389524340630e-03
-4.930342547595500946e-03
-4.946650005877017975e-03
-9.142198599874973297e-03
8.560788817703723907e-03
-1.455700839869678020e-04
-1.602682634256780148e-03
3.026771172881126404e-02
5.301692057400941849e-03
-1.641017943620681763e-02
-9.701782837510108948e-03
6.168738007545471191e-03
-6.933433562517166138e-02
-3.381859278306365013e-04
3.413814585655927658e-03
7.374519947916269302e-03
1.019336748868227005e-02
9.602685895515605807e-05
-7.684659212827682495e-04
-2.164781279861927032e-02
7.575380615890026093e-03
3.647926263511180878e-03
-1.954459818080067635e-03
-7.309254258871078491e-03
-1.444351021200418472e-02
-1.704270578920841217e-02
-2.408657781779766083e-02
-6.050254404544830322e-02
3.754633245989680290e-03
-9.160342626273632050e-03
-1.485144812613725662e-02
-6.304523348808288574e-02
2.715288719628006220e-04
-2.692091045901179314e-03
3.837790712714195251e-02
1.593570411205291748e-02
4.609806835651397705e-02
2.107667736709117889e-02
-1.665170490741729736e-02
-1.051116734743118286e-02
-1.503628911450505257e-03
-5.902045220136642456e-02
-8.088313788175582886e-02
3.525716718286275864e-03
-4.659002181142568588e-03
8.807432837784290314e-03
-2.458178251981735229e-02
-5.542584694921970367e-03
-7.774421479552984238e-03
-4.374564066529273987e-02
5.694626364856958389e-03
2.598971314728260040e-02
-8.648413233458995819e-03
5.978470202535390854e-03
7.133753038942813873e-03
-3.144036745652556419e-03
-1.275093294680118561e-02
1.578161842189729214e-03
4.919332917779684067e-03
6.401056423783302307e-03
3.391037229448556900e-03
-8.111235685646533966e-03
-2.960236743092536926e-02
-9.218087652698159218e-04
3.211382718291133642e-04
-4.087398573756217957e-02
-1.150858867913484573e-02
-2.202835865318775177e-03
-2.047208836302161217e-03
-1.709460094571113586e-02
-1.626047790050506592e-01
3.655047039501368999e-04
-2.465891465544700623e-02
-1.116259861737489700e-02
1.771409250795841217e-02
-6.650324910879135132e-02
1.372102741152048111e-02
-1.056615356355905533e-02
-8.022778667509555817e-03
-6.433965172618627548e-04
2.250225516036152840e-03
-7.136949896812438965e-02
-2.858001738786697388e-02
-7.355764508247375488e-02
1.566016144352033734e-04
1.343105977866798639e-04
-1.494676223956048489e-03
-3.282933495938777924e-03
1.521475729532539845e-03
7.319030351936817169e-03
-3.630633279681205750e-02
-3.764469549059867859e-02
5.097047425806522369e-03
7.346297614276409149e-03
-4.535726830363273621e-02
1.826098002493381500e-02
-2.951483801007270813e-02
4.486429388634860516e-04
6.636004894971847534e-03
-5.794552620500326157e-03
1.804368756711483002e-02
3.378709545359015465e-03
-1.064770668745040894e-02
-3.071984276175498962e-02
-4.280523862689733505e-03
9.485698305070400238e-03
-2.120042964816093445e-02
-4.938405752182006836e-02
-1.268408633768558502e-02
-5.165185313671827316e-03
-4.937265068292617798e-03
-3.830505535006523132e-02
5.583718884736299515e-03
-5.273167043924331665e-02
-1.758578233420848846e-03
-3.504025936126708984e-02
-4.470176994800567627e-03
-5.313632078468799591e-03
1.489354996010661125e-03
7.223957800306379795e-05
-1.153504177927970886e-01
3.051911713555455208e-03
-3.460691496729850769e-02
-5.164813995361328125e-02
3.450608346611261368e-03
6.129980087280273438e-02
4.535901173949241638e-02
1.303163589909672737e-03
1.395086199045181274e-02
-1.216961257159709930e-02
-2.350506931543350220e-02
-6.267220526933670044e-02
-1.455504330806434155e-03
-3.321266919374465942e-02
-2.616546116769313812e-03
2.706629224121570587e-02
-6.785329431295394897e-02
-5.432245302472438198e-07
6.311727687716484070e-03
-3.625793615356087685e-04
-1.210939045995473862e-02
-9.519326686859130859e-02
-1.289737876504659653e-02
-1.080696582794189453e-01
4.890937707386910915e-04
-1.362812425941228867e-02
2.476760884746909142e-03
-6.955446675419807434e-03
-4.198811075184494257e-04
9.707382880151271820e-03
-7.873622328042984009e-02
1.442763023078441620e-02
6.791123189032077789e-03
-1.847809739410877228e-02
-2.331638149917125702e-02
-7.885193079710006714e-02
2.357817720621824265e-03
4.801068827509880066e-02
-1.152912969700992107e-03
-5.506559088826179504e-02
-3.213842213153839111e-02
-4.886934533715248108e-03
6.363351829349994659e-03
-3.060877090319991112e-03
-8.654336631298065186e-02
1.474346267059445381e-03
-2.092888345941901207e-03
-6.233586464077234268e-03
-1.265662722289562225e-02
-9.343646466732025146e-02
-2.477426640689373016e-02
-6.897194683551788330e-02
5.862650461494922638e-03
3.839728608727455139e-02
-1.416773628443479538e-02
-2.895712852478027344e-03
-1.121873874217271805e-02
-2.790083922445774078e-02
-3.376646665856242180e-03
-2.923813415691256523e-03
1.007163338363170624e-02
-9.630189277231693268e-03
6.025818875059485435e-04
5.869349464774131775e-02
2.057464420795440674e-02
-4.082379397004842758e-03
-7.065018638968467712e-03
-6.616742350161075592e-03
-1.544121000915765762e-02
-3.338241658639162779e-04
6.627796217799186707e-03
-8.293711580336093903e-03
-1.240403484553098679e-02
-2.399153541773557663e-03
3.807334695011377335e-03
-6.943011539988219738e-04
-1.415747404098510742e-02
-6.612489465624094009e-03
1.844074286054819822e-04
-6.119785830378532410e-04
-3.975766897201538086e-02
-4.593107383698225021e-03
2.892793389037251472e-03
3.243610030040144920e-03
6.138326600193977356e-02
-4.289211705327033997e-03
2.368309348821640015e-02
-7.518529891967773438e-02
-6.614778656512498856e-03
-4.088597372174263000e-02
-1.628409884870052338e-02
-3.188020200468599796e-04
-5.126508697867393494e-02
-1.102275215089321136e-02
1.436354243196547031e-03
1.081828610040247440e-03
1.522607076913118362e-02
-1.538628246635198593e-03
-6.568938493728637695e-03
-1.567785628139972687e-03
1.482169982045888901e-02
-4.633125290274620056e-02
1.306916028261184692e-02
1.375231333076953888e-02
3.195357741788029671e-03
7.468161173164844513e-03
-1.788810826838016510e-02
3.903559222817420959e-02
-3.401258587837219238e-02
-4.779036156833171844e-03
4.742414690554141998e-03
1.021389034576714039e-03
6.258444394916296005e-03
9.331252425909042358e-03
-4.524565115571022034e-02
-4.202036187052726746e-02
3.925960627384483814e-04
-1.166039984673261642e-02
2.404871396720409393e-03
-6.364379823207855225e-02
1.554053742438554764e-03
1.243498176336288452e-02
1.058791205286979675e-02
-8.657012134790420532e-03
1.414947491139173508e-02
-6.747546605765819550e-03
6.418973673135042191e-03
-1.432865764945745468e-02
-1.183487102389335632e-01
-5.586980655789375305e-02
-5.077074840664863586e-02
-8.070250600576400757e-02
-5.974574759602546692e-02
1.014377642422914505e-02
-1.345143245998769999e-04
-7.814246416091918945e-02
-2.160063385963439941e-02
-4.936374258249998093e-03
5.205067805945873260e-03
5.544733721762895584e-03
-1.183546893298625946e-02
-7.214164361357688904e-03
-7.056423276662826538e-02
1.328195631504058838e-02
4.235402215272188187e-03
-5.014063790440559387e-03
-5.621089786291122437e-02
-1.587738282978534698e-02
-2.481562260072678328e-04
-6.262663751840591431e-02
2.736267820000648499e-02
-7.831559516489505768e-03
-2.485689520835876465e-02
-3.672074293717741966e-03
1.117214746773242950e-02
6.658700294792652130e-04
9.049438871443271637e-03
-6.650397088378667831e-03
-3.099735127761960030e-03
-4.875594004988670349e-02
-6.949217524379491806e-03
-3.356943279504776001e-02
-9.688652120530605316e-03
-5.387768149375915527e-02
8.016999810934066772e-03
-3.307142062112689018e-03
-1.978727802634239197e-02
-3.194202668964862823e-03
2.755144424736499786e-02
1.747835800051689148e-02
-1.895447261631488800e-02
-2.002288214862346649e-02
-7.942361989989876747e-04
3.479996928945183754e-03
1.230981294065713882e-02
-1.933004520833492279e-02
-1.033375784754753113e-02
4.885313566774129868e-03
-1.801230013370513916e-02
-2.182692289352416992e-02
-3.421010449528694153e-02
-1.919056475162506104e-02
2.577221719548106194e-03
-1.699155778624117374e-03
-5.006288643926382065e-03
1.536748372018337250e-02
1.864670775830745697e-03
1.497939694672822952e-02
3.117177984677255154e-04
3.376667853444814682e-03
-6.549370009452104568e-03
3.408162156119942665e-03
1.141423545777797699e-02
2.561083529144525528e-03
-9.657459449954330921e-04
-2.313833869993686676e-02
-3.904126584529876709e-02
5.880661308765411377e-03
-5.198669619858264923e-03
8.076688647270202637e-02
6.345199886709451675e-03
4.899614490568637848e-03
-1.555302296765148640e-03
-7.742723077535629272e-02
-4.727357625961303711e-02
-5.244150292128324509e-03
-5.087624769657850266e-03
-2.007898408919572830e-03
1.097604865208268166e-03
-4.157206416130065918e-02
-1.949838176369667053e-02
-1.395403407514095306e-02
-7.513769436627626419e-03
-6.078840233385562897e-03
-9.064076095819473267e-02
-3.552691079676151276e-03
-3.734072670340538025e-02
-5.692381411790847778e-02
4.351888317614793777e-03
-4.328751936554908752e-03
2.000453416258096695e-03
7.791726291179656982e-02
-7.532991934567689896e-03
-6.409410387277603149e-03
-8.822378702461719513e-03
1.506726443767547607e-02
-4.380166158080101013e-02
2.526815980672836304e-03
-1.231557317078113556e-02
2.642723033204674721e-03
-5.008076131343841553e-02
-1.125501003116369247e-02
9.590912610292434692e-03
-4.026287700980901718e-03
1.074410974979400635e-02
2.883361466228961945e-02
-1.816003769636154175e-02
4.013733472675085068e-03
1.425744034349918365e-02
-4.597379826009273529e-03
-5.544957239180803299e-03
-7.106168195605278015e-03
-8.075819350779056549e-03
-2.799630910158157349e-02
-4.636903852224349976e-02
-5.112420301884412766e-03
-8.406975306570529938e-03
-2.059945277869701385e-02
-1.817918382585048676e-02
-1.994847785681486130e-03
-2.867442928254604340e-02
-3.519211709499359131e-02
4.161199321970343590e-04
-1.163039123639464378e-03
1.552381366491317749e-02
-5.245622247457504272e-03
2.990228589624166489e-03
-6.489112041890621185e-03
-6.708946079015731812e-02
-8.485840633511543274e-03
-4.007076844573020935e-02
5.823120102286338806e-02
-4.464734345674514771e-03
-5.751408636569976807e-02
-4.931787960231304169e-03
-9.657193906605243683e-03
7.538513280451297760e-03
-2.229654788970947266e-02
-7.850504334783181548e-05
-2.041870504617691040e-01
-2.967188775073736906e-04
-3.997500985860824585e-02
-3.770558536052703857e-02
-6.309861317276954651e-03
7.898934185504913330e-03
-7.422889769077301025e-02
5.995972547680139542e-03
1.531215757131576538e-02
-1.232589856954291463e-04
-2.970962552353739738e-03
2.332334173843264580e-03
-4.030168801546096802e-02
-1.192752923816442490e-02
-1.708838157355785370e-02
-5.135370045900344849e-02
-3.608013689517974854e-02
-6.656736950390040874e-04
2.622890286147594452e-02
-4.430905357003211975e-02
-5.785321444272994995e-02
-1.192215085029602051e-02
7.090370636433362961e-03
-3.720912151038646698e-03
-1.863489672541618347e-02
-1.691744662821292877e-02
5.739086307585239410e-03
8.392519317567348480e-03
-1.372626633383333683e-03
1.823874562978744507e-02
-1.584639251232147217e-01
1.234825514256954193e-02
1.414618687704205513e-03
1.182700507342815399e-02
-3.308088704943656921e-02
1.948824850842356682e-03
-2.920333668589591980e-02
-3.752276673913002014e-02
-4.175859969109296799e-03
1.327204331755638123e-02
-4.352549090981483459e-02
-2.587895467877388000e-02
-7.024390250444412231e-02
-1.475725322961807251e-01
-3.492925316095352173e-03
-7.993119768798351288e-03
-6.179311498999595642e-02
-9.248231537640094757e-03
-4.725990444421768188e-02
2.077215816825628281e-03
7.697646971791982651e-03
-8.173669688403606415e-03
-6.867811549454927444e-03
-7.749760989099740982e-03
-4.437596537172794342e-03
-7.425616960972547531e-03
1.116327257477678359e-04
-2.181553095579147339e-02
1.036151777952909470e-02
-2.246085926890373230e-02
