2.043985389173030853e-02
3.133024647831916809e-02
2.298631519079208374e-02
2.133847586810588837e-02
1.843495853245258331e-02
1.724542491137981415e-02
1.673404686152935028e-02
2.908292971551418304e-02
3.451276198029518127e-02
2.046685107052326202e-02
3.272566944360733032e-02
2.935491688549518585e-02
1.799113489687442780e-02
2.182230353355407715e-02
3.021876327693462372e-02
2.436513826251029968e-02
1.828841492533683777e-02
2.553255669772624969e-02
2.202131971716880798e-02
2.885479107499122620e-02
2.895360626280307770e-02
2.654301375150680542e-02
2.090148255228996277e-02
1.327300444245338440e-02
2.274405956268310547e-02
2.354482002556324005e-02
2.559981681406497955e-02
3.311032801866531372e-02
1.913340203464031219e-02
1.677316427230834961e-02
2.038506604731082916e-02
2.296158298850059509e-02
1.898410730063915253e-02
2.681764774024486542e-02
1.907601766288280487e-02
2.386788278818130493e-02
1.393913105130195618e-02
1.931238733232021332e-02
2.953722141683101654e-02
1.610410399734973907e-02
2.797022089362144470e-02
9.457722306251525879e-03
2.288520894944667816e-02
3.909093514084815979e-02
2.564864233136177063e-02
1.742126792669296265e-02
2.796514146029949188e-02
3.415730968117713928e-02
9.401871822774410248e-03
1.741597615182399750e-02
2.306826040148735046e-02
2.594903111457824707e-02
2.062431722879409790e-02
2.461226098239421844e-02
1.807797141373157501e-02
1.913336850702762604e-02
3.987406939268112183e-02
4.021129384636878967e-02
1.997789740562438965e-02
1.383873820304870605e-02
2.165545523166656494e-02
2.053481526672840118e-02
2.213262394070625305e-02
1.976235024631023407e-02
2.898145280778408051e-02
3.322429955005645752e-02
2.707039192318916321e-02
3.456381708383560181e-02
2.276687510311603546e-02
1.970466040074825287e-02
2.572957426309585571e-02
1.930761709809303284e-02
2.005605027079582214e-02
3.339234367012977600e-02
1.642167195677757263e-02
2.093468047678470612e-02
3.589597716927528381e-02
2.211721614003181458e-02
2.296223677694797516e-02
1.391412969678640366e-02
2.162762358784675598e-02
2.279562130570411682e-02
2.673633769154548645e-02
2.655393257737159729e-02
2.628921717405319214e-02
2.886622585356235504e-02
3.232801333069801331e-02
2.376442775130271912e-02
3.594571352005004883e-02
3.000507317483425140e-02
1.881675422191619873e-02
2.073989436030387878e-02
1.770093291997909546e-02
3.336905688047409058e-02
3.229444846510887146e-02
1.900747418403625488e-02
2.010443061590194702e-02
2.615597285330295563e-02
3.052628785371780396e-02
2.899087965488433838e-02
2.354546263813972473e-02
2.327199466526508331e-02
1.748608797788619995e-02
1.673278212547302246e-02
2.205507643520832062e-02
1.695023663341999054e-02
2.582446113228797913e-02
3.266845270991325378e-02
3.275937587022781372e-02
3.079399839043617249e-02
4.233525320887565613e-02
2.376968041062355042e-02
1.614020578563213348e-02
2.900153771042823792e-02
2.763438411056995392e-02
1.882235705852508545e-02
1.322338636964559555e-02
1.922810636460781097e-02
2.176411822438240051e-02
2.186189591884613037e-02
1.581744849681854248e-02
3.027632832527160645e-02
2.156510949134826660e-02
2.284894697368144989e-02
3.496380150318145752e-02
2.574817836284637451e-02
2.410241216421127319e-02
2.347760275006294250e-02
