1.095591068267822266e+00
3.893486261367797852e+00
4.860149383544921875e+00
5.092182159423828125e+00
5.948150157928466797e-01
6.567606925964355469e+00
6.861787438392639160e-01
6.489668488502502441e-01
4.392649531364440918e-01
4.566881656646728516e+00
4.005225896835327148e-01
2.848734617233276367e+00
2.901794612407684326e-01
2.916110495437829186e-12
2.002716660499572754e-01
5.034712553024291992e-01
1.579413056373596191e+00
5.210745930671691895e-01
1.856263279914855957e-01
8.109365463256835938e+00
2.482113838195800781e-01
6.353887915611267090e-01
3.531323671340942383e-01
2.257126092910766602e+00
1.023619771003723145e+00
3.925249338150024414e+00
7.316590547561645508e-01
6.335678696632385254e-01
7.692115753889083862e-02
5.174730300903320312e+00
1.323170304298400879e+00
5.570854619145393372e-02
1.423404407501220703e+01
1.076677367091178894e-01
8.386363983154296875e+00
1.384382915496826172e+01
5.657008171081542969e+00
2.859257221221923828e+00
9.843580722808837891e-01
7.588757276535034180e-01
1.073321628570556641e+01
2.278689444065093994e-01
2.944006204605102539e+00
5.167027473449707031e+00
9.211928367614746094e+00
4.551850557327270508e-01
6.287558078765869141e-01
2.509445428848266602e+00
1.588313579559326172e+00
2.933745980262756348e-01
4.973793923854827881e-01
1.902179718017578125e+00
4.452896595001220703e+00
6.901232600212097168e-01
6.823664307594299316e-01
1.942849516868591309e+00
1.260152101516723633e+00
3.695669770240783691e-01
4.840537071228027344e+00
4.057849645614624023e-01
1.256432056427001953e+00
1.346790075302124023e+00
9.812492370605468750e+00
2.005968242883682251e-01
