7.674301043152809143e-03
7.329976651817560196e-03
9.423930197954177856e-03
9.354447014629840851e-03
5.736584309488534927e-03
9.118156507611274719e-03
6.688389927148818970e-03
1.110008731484413147e-02
7.306566927582025528e-03
9.758397005498409271e-03
8.974251337349414825e-03
1.153259631246328354e-02
8.473697118461132050e-03
7.944281212985515594e-03
1.076273526996374130e-02
1.619111932814121246e-02
2.149482816457748413e-02
1.295437570661306381e-02
7.939280010759830475e-03
1.512812171131372452e-02
8.364711888134479523e-03
9.847784414887428284e-03
1.753732934594154358e-02
1.291997544467449188e-02
1.136761438101530075e-02
1.586906239390373230e-02
1.222726143896579742e-02
1.635397039353847504e-02
7.843189872801303864e-03
8.290538564324378967e-03
1.056927908211946487e-02
1.109934877604246140e-02
1.374525204300880432e-02
9.768001735210418701e-03
9.168698452413082123e-03
5.652815848588943481e-02
1.038004271686077118e-02
1.458448823541402817e-02
1.092236302793025970e-02
1.696924678981304169e-02
1.361152995377779007e-02
9.827287867665290833e-03
1.233366597443819046e-02
9.437248110771179199e-03
8.016537874937057495e-03
1.046183612197637558e-02
7.097495254129171371e-03
8.696406148374080658e-03
9.119998663663864136e-03
2.142657339572906494e-02
1.132164243608713150e-02
9.603997692465782166e-03
1.016540825366973877e-02
7.837507873773574829e-03
1.246120221912860870e-02
9.379227645695209503e-03
1.185301225632429123e-02
1.273419521749019623e-02
9.866611100733280182e-03
1.100731920450925827e-02
1.485908217728137970e-02
9.359943680465221405e-03
9.351862594485282898e-03
8.640559390187263489e-03
7.601510733366012573e-03
9.929707273840904236e-03
1.669647544622421265e-02
1.491537224501371384e-02
1.625391282141208649e-02
7.987516932189464569e-03
1.200024317950010300e-02
9.160608984529972076e-03
7.747298106551170349e-03
9.153055958449840546e-03
8.593954145908355713e-03
1.192916277796030045e-02
9.916592389345169067e-03
1.651203632354736328e-02
1.230100449174642563e-02
1.083723548799753189e-02
1.051279064267873764e-02
6.662378553301095963e-03
8.518585935235023499e-03
1.005822792649269104e-02
9.581211954355239868e-03
7.560045458376407623e-03
1.202292274683713913e-02
9.606983512639999390e-03
1.180425658822059631e-02
1.367533300071954727e-02
1.804040931165218353e-02
8.357497863471508026e-03
1.071901340037584305e-02
8.420242927968502045e-03
9.942478500306606293e-03
9.470588527619838715e-03
7.505605462938547134e-03
8.669974282383918762e-03
8.191006258130073547e-03
1.397225260734558105e-02
1.445756200700998306e-02
9.380529634654521942e-03
1.106174569576978683e-02
7.752087432891130447e-03
1.540327351540327072e-02
1.528820395469665527e-02
1.108396984636783600e-02
1.204242464154958725e-02
9.902491234242916107e-03
8.330956101417541504e-03
1.341177243739366531e-02
1.882884651422500610e-02
6.450208369642496109e-03
9.158625267446041107e-03
2.530249394476413727e-02
6.443343590945005417e-03
1.124453265219926834e-02
4.628090187907218933e-02
1.212953310459852219e-02
9.738415479660034180e-03
1.039500907063484192e-02
1.133002806454896927e-02
3.529306873679161072e-02
1.834594272077083588e-02
9.763691574335098267e-03
1.396412961184978485e-02
7.557267323136329651e-03
6.104742176830768585e-03
7.826916873455047607e-03
1.199147105216979980e-02
1.549472287297248840e-02
1.042441651225090027e-02
8.950524032115936279e-03
7.198302075266838074e-03
8.045832626521587372e-03
7.546958513557910919e-03
1.266879402101039886e-02
7.278319913893938065e-03
7.234686985611915588e-03
1.127213239669799805e-02
7.940468378365039825e-03
1.147243659943342209e-02
1.030064653605222702e-02
1.076545193791389465e-02
1.319197658449411392e-02
2.099458873271942139e-02
1.025207806378602982e-02
1.096156332641839981e-02
1.047414634376764297e-02
1.812962442636489868e-02
9.406134486198425293e-03
9.650394320487976074e-03
8.626704104244709015e-03
1.212029997259378433e-02
1.302111241966485977e-02
9.089380502700805664e-03
1.181589625775814056e-02
1.240908633917570114e-02
1.083492301404476166e-02
7.966523990035057068e-03
1.099275704473257065e-02
1.418656483292579651e-02
7.428217679262161255e-03
7.519523613154888153e-03
1.255548652261495590e-02
8.962574414908885956e-03
7.189632859081029892e-03
1.282660290598869324e-02
9.123018942773342133e-03
1.198431849479675293e-02
9.835253469645977020e-03
1.515211910009384155e-02
1.204511523246765137e-02
1.224730443209409714e-02
1.067186146974563599e-02
9.365770965814590454e-03
9.194922633469104767e-03
1.309698075056076050e-02
7.646956481039524078e-03
7.825966924428939819e-03
1.325841899961233139e-02
1.137768663465976715e-02
1.891278661787509918e-02
9.618206880986690521e-03
1.469059009104967117e-02
1.049430761486291885e-02
1.640038937330245972e-02
7.176526356488466263e-03
7.180886343121528625e-03
1.170663535594940186e-02
1.242432463914155960e-02
8.038861677050590515e-03
1.106347236782312393e-02
1.275279466062784195e-02
1.110827270895242691e-02
7.709201890975236893e-03
1.590250805020332336e-02
8.850892074406147003e-03
1.525937393307685852e-02
4.561526700854301453e-02
1.879149116575717926e-02
6.296901032328605652e-03
1.812707446515560150e-02
1.609486714005470276e-02
1.116112899035215378e-02
8.170422166585922241e-03
1.333547290414571762e-02
1.443985197693109512e-02
9.836712852120399475e-03
1.368410233408212662e-02
1.447870768606662750e-02
1.137175410985946655e-02
8.494144305586814880e-03
1.236019469797611237e-02
1.318956632167100906e-02
8.196609094738960266e-03
7.750685326755046844e-03
1.276762783527374268e-02
8.732648566365242004e-03
8.961988613009452820e-03
1.233153883367776871e-02
1.019189879298210144e-02
9.045866318047046661e-03
1.321875955909490585e-02
8.344800211489200592e-03
9.128015488386154175e-03
7.405777927488088608e-03
1.176010165363550186e-02
2.021719329059123993e-02
1.536914519965648651e-02
8.207945153117179871e-03
1.672609336674213409e-02
9.483892470598220825e-03
1.797547936439514160e-02
9.319194592535495758e-03
5.322583019733428955e-02
1.182263437658548355e-02
1.099250931292772293e-02
7.086282595992088318e-03
7.375482469797134399e-03
1.562961749732494354e-02
1.399584580212831497e-02
9.678033180534839630e-03
1.063180901110172272e-02
7.715885061770677567e-03
1.146475225687026978e-02
9.723127819597721100e-03
6.916461978107690811e-03
1.261297706514596939e-02
7.661919109523296356e-03
8.980995044112205505e-03
1.428652461618185043e-02
7.467691320925951004e-03
1.324382610619068146e-02
8.698132820427417755e-03
2.682653814554214478e-02
