-6.474211066961288452e-02
-2.598838321864604950e-02
-5.664944648742675781e-03
-3.763787820935249329e-02
-1.137737929821014404e-02
-1.818123161792755127e-01
-5.683951824903488159e-02
4.575072228908538818e-02
-8.199128508567810059e-02
7.014327496290206909e-02
5.466058850288391113e-02
2.775790728628635406e-02
4.681290592998266220e-03
-3.571460396051406860e-02
-1.008886918425559998e-01
-2.063681930303573608e-02
-1.511986255645751953e-01
3.807693347334861755e-02
-5.221207067370414734e-02
2.814006060361862183e-02
-4.024776071310043335e-02
-7.504253089427947998e-02
-1.539593786001205444e-01
-3.672506893053650856e-03
7.347334921360015869e-02
-5.674551054835319519e-02
-7.183879613876342773e-02
-1.924768090248107910e-02
-6.077941507101058960e-02
-1.079786717891693115e-01
-9.035367518663406372e-02
-1.039908267557621002e-02
-3.967318683862686157e-02
-4.941580444574356079e-02
-8.413900434970855713e-02
-1.308566238731145859e-02
-5.771338939666748047e-02
-8.707722276449203491e-02
-1.001064926385879517e-01
-5.059585720300674438e-02
-1.283373236656188965e-01
-3.651638329029083252e-02
-9.650684148073196411e-02
-7.532262057065963745e-02
-1.008981913328170776e-01
-1.289672553539276123e-01
-2.949041873216629028e-02
-8.132959902286529541e-02
-1.783644407987594604e-02
-8.186176419258117676e-02
-4.326826333999633789e-02
-4.002860561013221741e-02
1.374175044475123286e-04
1.962242089211940765e-02
-6.277727335691452026e-02
-5.999929457902908325e-02
-3.888126462697982788e-02
-4.550352320075035095e-02
-8.978035300970077515e-02
-3.928651288151741028e-02
-4.958512261509895325e-02
-4.852483421564102173e-02
-4.427158087491989136e-02
-4.353105276823043823e-02
-8.243645727634429932e-02
-4.765264317393302917e-02
-4.621499031782150269e-02
-7.167707383632659912e-02
-2.936254069209098816e-02
-2.892088843509554863e-03
-1.120221465826034546e-01
-9.822282195091247559e-02
-6.246360018849372864e-02
-1.551396250724792480e-01
-1.634212732315063477e-01
-1.149943247437477112e-01
1.177087277173995972e-01
3.245205432176589966e-02
-3.316498175263404846e-02
-5.657499656081199646e-02
-7.531318068504333496e-02
-5.606698244810104370e-02
-1.871023327112197876e-01
-4.195936396718025208e-02
-1.120275184512138367e-01
6.675221025943756104e-02
-3.906762599945068359e-02
-5.236918479204177856e-02
-2.715543471276760101e-02
-5.410106852650642395e-02
-8.127941936254501343e-02
-6.300085783004760742e-02
-6.032458320260047913e-02
-7.561556249856948853e-02
-4.000047221779823303e-02
-3.394320234656333923e-02
-7.424911856651306152e-02
-1.635375469923019409e-01
-8.056497573852539062e-02
-5.118919536471366882e-02
-1.468986272811889648e-01
3.044876642525196075e-02
-3.553522005677223206e-02
-2.173059433698654175e-02
-4.082239791750907898e-02
-6.055375561118125916e-02
-9.145249426364898682e-02
-8.999178558588027954e-02
-7.553146779537200928e-02
-7.442731410264968872e-02
-6.777998805046081543e-02
-5.714518949389457703e-02
-1.547273620963096619e-02
-8.567817509174346924e-02
-1.312605887651443481e-01
-8.886993676424026489e-02
7.426058501005172729e-02
-4.971777275204658508e-02
-5.609245225787162781e-02
-8.465920388698577881e-02
-1.381141543388366699e-01
-5.281535163521766663e-02
-8.653813600540161133e-02
-8.318571746349334717e-02
-1.160557270050048828e-01
-7.320331037044525146e-02
5.567248538136482239e-02
-4.732858762145042419e-02
-1.162256821990013123e-01
-4.165495187044143677e-02
-5.439148098230361938e-02
-9.567500650882720947e-02
-2.003976702690124512e-01
-6.128137931227684021e-02
-8.955089002847671509e-02
9.131516329944133759e-03
-7.343982905149459839e-02
-1.392117738723754883e-01
-1.060568168759346008e-01
-1.486786901950836182e-01
-9.455530345439910889e-02
-7.501767948269844055e-03
-5.155776068568229675e-02
-6.070996075868606567e-02
-3.054193779826164246e-02
-1.528964936733245850e-01
2.013320103287696838e-03
-2.941317688964772969e-05
-5.409308709204196930e-03
-1.119728833436965942e-01
-7.701965421438217163e-02
-1.075571924448013306e-01
-2.035673707723617554e-02
-4.750459268689155579e-02
-9.073754400014877319e-02
2.749884128570556641e-02
2.233596332371234894e-02
4.516081511974334717e-02
-9.010227769613265991e-02
-4.818575829267501831e-02
-7.163304090499877930e-02
-3.612617030739784241e-02
-1.603690385818481445e-01
-1.276825964450836182e-01
-9.372748434543609619e-02
-6.896296888589859009e-02
-4.787435382604598999e-02
-8.355940878391265869e-02
-2.493039891123771667e-02
-5.505871772766113281e-02
-5.130866914987564087e-02
-2.691358700394630432e-02
1.522346516139805317e-03
3.948440775275230408e-03
-4.569609463214874268e-02
-9.088375419378280640e-02
-3.899145126342773438e-02
-6.277292966842651367e-02
-8.406380563974380493e-02
-4.624163359403610229e-02
-1.010846793651580811e-01
-8.966576308012008667e-02
-5.661281198263168335e-02
-9.843292087316513062e-02
-1.024748478084802628e-02
-8.851888775825500488e-02
-7.189563661813735962e-02
-1.013842299580574036e-01
-2.193881571292877197e-02
-6.751534342765808105e-02
9.151751175522804260e-03
4.149935673922300339e-03
-3.377545997500419617e-02
-3.419453650712966919e-02
-3.682639449834823608e-02
-7.375503331422805786e-02
-9.842268377542495728e-02
-8.852055668830871582e-02
-5.450425669550895691e-02
-1.047461330890655518e-01
1.190602593123912811e-02
-1.710287295281887054e-02
-1.252616345882415771e-01
-1.758184581995010376e-01
-4.409049451351165771e-02
-7.555884122848510742e-02
-9.008398652076721191e-02
-8.107880502939224243e-02
-3.143637999892234802e-02
1.493757516145706177e-01
-8.251533657312393188e-02
-1.803695224225521088e-02
-1.501395553350448608e-01
-6.033470109105110168e-02
-6.754362024366855621e-03
-7.222444564104080200e-02
-1.472892519086599350e-02
-6.284228712320327759e-02
-5.415733437985181808e-03
-3.108458034694194794e-02
1.012336909770965576e-01
5.219605565071105957e-02
-7.550828903913497925e-02
-6.459906697273254395e-02
-4.558710753917694092e-02
-1.930213868618011475e-01
-2.348295785486698151e-02
5.965387821197509766e-02
-1.002162247896194458e-01
-5.447217822074890137e-02
-1.722089760005474091e-02
-6.487260013818740845e-02
-3.829306364059448242e-02
-6.034510582685470581e-02
-2.659277245402336121e-02
-6.673464179039001465e-02
-3.827652707695960999e-02
-6.913539022207260132e-02
5.125010013580322266e-02
-4.596509411931037903e-02
-7.545922696590423584e-02
-2.476104907691478729e-02
-6.343653053045272827e-02
-1.255060452967882156e-02
-1.203815788030624390e-01
-2.147816680371761322e-02
-8.653879910707473755e-02
-7.327096909284591675e-02
-1.252025067806243896e-01
-3.657139837741851807e-02
-4.516937583684921265e-02
-3.573787584900856018e-02
-1.077922992408275604e-02
-5.046002194285392761e-02
-5.705995112657546997e-02
-5.392203852534294128e-02
-6.057111546397209167e-02
-7.333941757678985596e-02
-1.071543246507644653e-01
-6.025816779583692551e-03
-1.852228678762912750e-02
-5.636565014719963074e-02
-4.291187599301338196e-02
-5.619519203901290894e-02
-1.064545512199401855e-01
-6.499647349119186401e-02
-8.803035318851470947e-02
-1.760984398424625397e-02
-1.019923910498619080e-01
-2.146672904491424561e-01
-8.750964701175689697e-02
-8.152139186859130859e-02
-3.430435806512832642e-02
-8.679744601249694824e-02
-1.246545687317848206e-01
-8.074090629816055298e-02
-9.293649345636367798e-02
-5.788816511631011963e-02
-8.161882311105728149e-02
-9.012719988822937012e-02
-7.773298770189285278e-02
-8.590910583734512329e-02
-8.880418539047241211e-02
-4.226400703191757202e-02
-4.047939181327819824e-02
-5.123006924986839294e-02
-4.220509901642799377e-02
9.340216964483261108e-02
-1.560757309198379517e-01
-5.102714523673057556e-02
3.054711781442165375e-02
1.282382905483245850e-01
-8.270559459924697876e-02
2.252045553177595139e-03
1.923216041177511215e-03
-2.457852847874164581e-02
-8.641179651021957397e-02
-3.065960668027400970e-02
-6.128229945898056030e-02
7.078118622303009033e-02
-4.380564019083976746e-02
-2.439886145293712616e-02
-2.096656151115894318e-02
-1.437127143144607544e-01
-1.030504330992698669e-01
-5.449479445815086365e-02
-3.231031820178031921e-02
-3.844449296593666077e-02
1.058825030922889709e-01
-7.972471415996551514e-02
-1.532381325960159302e-01
-5.478290095925331116e-02
-8.862350881099700928e-02
-5.714488402009010315e-02
-1.347986310720443726e-01
-8.745113015174865723e-02
-5.879647505935281515e-05
-3.450239822268486023e-02
-2.791209705173969269e-02
-6.027998775243759155e-02
-8.696100115776062012e-02
-5.571867898106575012e-02
6.723014265298843384e-02
-3.922253102064132690e-02
-3.188771009445190430e-02
-9.396637231111526489e-02
-5.716849491000175476e-02
-9.529827535152435303e-02
-8.526189625263214111e-02
1.856574439443647861e-03
-6.930200010538101196e-02
-7.796822488307952881e-02
-9.889746457338333130e-02
-1.602417230606079102e-01
-7.302566617727279663e-02
-4.145199060440063477e-02
-3.497463837265968323e-02
8.126786909997463226e-03
5.061007291078567505e-02
-1.948268860578536987e-01
-1.036002635955810547e-01
-8.449609577655792236e-02
-1.098606080631725490e-04
6.927455216646194458e-02
1.257960248040035367e-04
-5.361054465174674988e-02
-2.201294898986816406e-02
-1.434567868709564209e-01
-1.521110162138938904e-02
-8.034963905811309814e-02
2.663025073707103729e-02
-5.040090531110763550e-02
-8.480387181043624878e-02
-6.447282433509826660e-02
-6.756316125392913818e-02
9.704675525426864624e-03
-3.048346191644668579e-02
-8.396728336811065674e-02
-9.885171800851821899e-02
1.289252042770385742e-01
-7.872794568538665771e-02
-1.125053390860557556e-01
-9.621819108724594116e-02
-7.899640500545501709e-02
-1.647582799196243286e-01
-8.740174770355224609e-02
-8.355309814214706421e-02
-1.670243777334690094e-02
-1.943090558052062988e-01
-8.447692543268203735e-02
-1.137591823935508728e-01
-6.899520009756088257e-02
-3.578990697860717773e-02
-4.532753303647041321e-02
-1.082541346549987793e-01
-7.311318814754486084e-02
3.909185063093900681e-03
-1.446980144828557968e-02
-9.978768974542617798e-02
-1.273834239691495895e-02
-2.144940942525863647e-02
1.580410264432430267e-02
9.573037922382354736e-02
-6.482752412557601929e-02
-1.559521537274122238e-02
-9.692730754613876343e-02
-9.166794270277023315e-02
-4.584585502743721008e-02
-1.303244531154632568e-01
-2.767179720103740692e-02
-6.982947140932083130e-02
-7.921718060970306396e-02
-1.973049342632293701e-02
1.443103253841400146e-01
-3.675511851906776428e-02
-1.248827204108238220e-01
-3.978200256824493408e-02
1.009165719151496887e-01
-6.819500029087066650e-02
-6.724648922681808472e-02
-6.572827696800231934e-02
6.023171916604042053e-02
-7.757890224456787109e-02
-8.693371713161468506e-02
-1.346691548824310303e-01
-1.625271943339612335e-05
4.905012622475624084e-02
-1.653390750288963318e-02
-1.037947535514831543e-01
-2.882649749517440796e-02
-1.182163134217262268e-02
-4.233950376510620117e-02
-6.207214295864105225e-02
-4.349666181951761246e-03
-1.014405339956283569e-01
-5.750804767012596130e-02
-1.382090747356414795e-01
-5.610079318284988403e-02
-2.833736129105091095e-02
-1.341160088777542114e-01
-7.379607111215591431e-02
-4.367176815867424011e-02
-8.326236903667449951e-02
-8.030766248703002930e-02
-7.361106574535369873e-02
-7.651755958795547485e-02
-3.011673316359519958e-02
-2.792689204216003418e-02
-3.844679892063140869e-02
-5.397303402423858643e-02
2.588884439319372177e-03
-2.706002257764339447e-02
-4.254622384905815125e-02
-6.084183230996131897e-02
-2.657926827669143677e-02
-1.315370053052902222e-01
-6.039719283580780029e-02
1.479224860668182373e-02
1.604248955845832825e-02
-7.599390298128128052e-02
-1.116051748394966125e-01
-4.691731184720993042e-02
-1.083369925618171692e-01
-5.793337896466255188e-02
-8.178970962762832642e-02
-6.501952558755874634e-02
-1.077137291431427002e-01
-9.682627767324447632e-02
-6.483495980501174927e-02
-9.008748829364776611e-02
-1.308929175138473511e-01
-1.695966348052024841e-02
-1.427635699510574341e-01
6.394408643245697021e-02
-1.243346650153398514e-02
-7.501512765884399414e-02
-2.453795447945594788e-02
-3.284664079546928406e-02
-2.071365714073181152e-02
-9.038132429122924805e-02
-3.682906180620193481e-02
-9.169480763375759125e-03
-7.522486895322799683e-02
-2.815294824540615082e-02
-9.830290824174880981e-02
-5.079155042767524719e-02
-5.673478916287422180e-02
-8.687657862901687622e-02
-3.328685462474822998e-02
-7.002212107181549072e-02
-2.403496531769633293e-03
-1.347847376018762589e-02
-2.114680595695972443e-03
-1.054225564002990723e-01
-1.541208028793334961e-01
-9.444712102413177490e-02
-1.619618386030197144e-02
-8.312663435935974121e-02
-6.782454252243041992e-02
4.707700759172439575e-02
-1.253754198551177979e-01
-1.023432333022356033e-02
-1.732571870088577271e-01
-5.628097429871559143e-02
-5.398434400558471680e-02
-2.666089124977588654e-02
-7.378190755844116211e-02
-5.774829164147377014e-02
-1.046412363648414612e-01
2.326944284141063690e-02
3.925839066505432129e-02
-4.636908695101737976e-02
-6.319216638803482056e-02
-1.058776155114173889e-01
-1.472773402929306030e-01
-9.311016649007797241e-02
6.001371657475829124e-04
-7.445832341909408569e-02
-8.960211277008056641e-02
-8.962969481945037842e-02
-6.891917437314987183e-02
-4.685475304722785950e-02
-6.819272786378860474e-02
-5.017396435141563416e-02
-7.438650354743003845e-03
-9.289788454771041870e-02
-3.298716247081756592e-02
-5.768425762653350830e-02
-3.087084181606769562e-02
-1.159513592720031738e-01
-7.904451340436935425e-02
-8.615767210721969604e-02
-6.519734859466552734e-02
-6.253524124622344971e-02
-9.493055194616317749e-02
-1.843774132430553436e-02
-1.427177619189023972e-02
-7.853209227323532104e-02
-5.687186121940612793e-02
-2.308171801269054413e-02
-6.515086442232131958e-02
-1.714250594377517700e-01
-7.147430628538131714e-02
-3.668763488531112671e-02
-5.706003680825233459e-02
-6.451810896396636963e-02
-1.181234605610370636e-02
-2.050475962460041046e-02
-9.374191612005233765e-02
-9.129537642002105713e-02
-6.204014271497726440e-02
-5.013847723603248596e-02
-7.503582537174224854e-02
-3.701243549585342407e-02
-6.166021525859832764e-02
-6.287695467472076416e-02
-6.317669898271560669e-02
-8.198273181915283203e-02
3.052210377063602209e-04
-3.423519060015678406e-02
-7.308433204889297485e-02
-8.178126811981201172e-02
1.944176852703094482e-02
-7.145317643880844116e-02
-6.961058825254440308e-02
-7.296229898929595947e-02
-1.516331732273101807e-02
-7.729149609804153442e-02
-6.208685785531997681e-02
-2.296877279877662659e-02
-2.375685609877109528e-02
7.083265483379364014e-02
-6.584300845861434937e-02
3.854142874479293823e-02
-3.372665867209434509e-02
-8.499891310930252075e-02
-1.099298521876335144e-01
-9.516954421997070312e-02
-9.052494913339614868e-02
7.334903627634048462e-02
-6.070448458194732666e-02
-4.407966509461402893e-02
-6.911550462245941162e-02
-3.777647763490676880e-02
-8.445481956005096436e-02
-2.974433265626430511e-02
-8.863940834999084473e-02
-7.470855861902236938e-02
1.513245515525341034e-02
-1.427828371524810791e-01
-6.444562971591949463e-02
9.329017996788024902e-02
-1.169348284602165222e-01
-6.117198243737220764e-02
-2.696670591831207275e-02
-2.585150115191936493e-02
-8.571408689022064209e-02
-7.952709496021270752e-02
-6.824947148561477661e-02
-6.580650061368942261e-02
-6.285215914249420166e-02
6.165653467178344727e-03
-3.875375166535377502e-02
-3.965961933135986328e-02
-5.894040316343307495e-02
-6.435279548168182373e-02
1.972946152091026306e-02
-6.385726481676101685e-02
-8.776817470788955688e-02
-8.950237929821014404e-02
-9.667704254388809204e-02
-1.077493131160736084e-01
-9.441526979207992554e-02
-8.069411665201187134e-02
-6.019744277000427246e-02
-4.362314194440841675e-02
-1.011102870106697083e-01
-9.018359333276748657e-02
-7.438138872385025024e-02
-2.021300047636032104e-02
-2.431120537221431732e-02
-5.320110172033309937e-02
-6.514326483011245728e-02
-5.113278701901435852e-02
-4.948129504919052124e-02
-1.368223503232002258e-02
-8.928437530994415283e-02
-3.517434373497962952e-02
-2.078222036361694336e-01
-6.431418657302856445e-02
-5.131986364722251892e-02
-8.493024110794067383e-02
-8.032035082578659058e-02
-7.577667385339736938e-02
-1.156003177165985107e-01
-4.884474352002143860e-02
-9.006793797016143799e-02
-4.835371300578117371e-02
-6.564071029424667358e-02
-4.729445651173591614e-02
-6.120768934488296509e-02
-3.029285930097103119e-02
-1.077611744403839111e-01
4.604211822152137756e-02
-8.799648284912109375e-02
-1.305063217878341675e-01
-1.223719492554664612e-01
-3.525930270552635193e-02
-4.040404409170150757e-02
-1.081211268901824951e-01
-7.124790549278259277e-02
2.895356342196464539e-02
-6.994403153657913208e-02
-9.202501177787780762e-02
-8.879306912422180176e-02
-1.044031679630279541e-01
-3.794673457741737366e-02
-6.109821423888206482e-02
-5.504399165511131287e-02
1.869675517082214355e-02
-5.235716700553894043e-02
4.744665056932717562e-04
-7.847421616315841675e-02
-2.770295366644859314e-02
-1.083664223551750183e-01
2.937844954431056976e-02
-6.350404769182205200e-02
-7.387522608041763306e-02
-1.033805031329393387e-02
-9.643212705850601196e-02
-5.578571930527687073e-02
-7.776554673910140991e-02
-5.667597055435180664e-02
-1.077796369791030884e-01
-1.215834021568298340e-01
-7.683084160089492798e-02
-1.165782213211059570e-01
-9.965595602989196777e-02
-4.501958191394805908e-02
-6.143549829721450806e-02
-1.255511790513992310e-01
-1.215090900659561157e-01
-6.352341175079345703e-02
-9.971322864294052124e-02
-9.227028489112854004e-02
-7.692227512598037720e-02
3.716998919844627380e-02
-3.625562414526939392e-02
-2.331031858921051025e-02
-6.793744862079620361e-02
-6.642533838748931885e-02
5.761131271719932556e-02
-8.189369738101959229e-02
3.904492408037185669e-02
-1.164826564490795135e-02
-3.039087727665901184e-02
-3.223456069827079773e-02
-6.528164446353912354e-02
-1.911594271659851074e-01
-1.370420772582292557e-02
-2.561033889651298523e-02
1.094530336558818817e-02
-7.880935072898864746e-02
-6.489744037389755249e-02
-1.673868596553802490e-01
-7.045800983905792236e-02
-1.036821156740188599e-01
-2.383839152753353119e-02
-1.113709807395935059e-01
-5.497744306921958923e-02
-3.138212859630584717e-02
-2.840210869908332825e-02
-6.909631937742233276e-02
-3.964868560433387756e-02
-1.919159106910228729e-02
-8.080547302961349487e-02
-4.860804229974746704e-02
-9.302411228418350220e-02
-6.906842440366744995e-02
-6.563814729452133179e-02
-1.051127612590789795e-01
-5.424205213785171509e-02
-1.018419340252876282e-01
-3.686535358428955078e-02
-1.386458333581686020e-02
-5.548933148384094238e-02
-9.711233526468276978e-02
-1.213685423135757446e-01
-7.609482109546661377e-02
-8.116647601127624512e-02
-1.630784571170806885e-02
-5.793036147952079773e-02
-9.920486807823181152e-02
-1.237844396382570267e-02
3.357848525047302246e-02
9.035426378250122070e-02
-6.637036055326461792e-02
-5.441810563206672668e-02
-4.422028735280036926e-02
-1.324348449707031250e-01
-7.334643602371215820e-02
-7.672575861215591431e-02
-1.941773854196071625e-02
-9.358463808894157410e-03
-1.484967321157455444e-01
-4.910178110003471375e-02
-1.589473336935043335e-01
-8.193957805633544922e-02
-4.003773629665374756e-02
-1.171735301613807678e-01
-1.751852035522460938e-02
-9.290313720703125000e-02
-1.236937493085861206e-01
5.268257483839988708e-02
-1.079162135720252991e-01
-5.052386596798896790e-02
-7.530042529106140137e-02
-7.021865993738174438e-02
-1.334480196237564087e-01
1.182692684233188629e-02
2.801417931914329529e-02
-1.171090379357337952e-01
-6.310649216175079346e-02
-9.007227420806884766e-02
-7.729750126600265503e-02
-7.691770792007446289e-02
-2.398762851953506470e-02
-5.577087029814720154e-02
-3.535115346312522888e-02
-1.000448837876319885e-01
-1.515470328740775585e-03
-8.633185178041458130e-02
-9.394983947277069092e-02
-1.129178330302238464e-01
-2.213464677333831787e-02
-4.690940678119659424e-02
-1.595486849546432495e-01
-7.409297674894332886e-02
-3.317116573452949524e-02
-1.557880789041519165e-01
-3.286320343613624573e-02
6.692748516798019409e-02
4.395028203725814819e-02
-5.451168864965438843e-03
-3.554103523492813110e-02
-9.609700739383697510e-02
-3.685101494193077087e-02
-1.775855012238025665e-02
-7.166742533445358276e-02
-1.185588240623474121e-01
-1.054805740714073181e-01
-5.842347070574760437e-02
-9.744214266538619995e-02
-5.466920882463455200e-02
-4.586033523082733154e-02
3.160445392131805420e-02
-8.957411348819732666e-02
2.627022750675678253e-02
-1.540958881378173828e-01
-4.247216135263442993e-02
-7.237347215414047241e-02
-7.106478512287139893e-02
-8.734989911317825317e-02
-6.130023673176765442e-02
-4.469783976674079895e-02
-4.364280402660369873e-02
-6.079361587762832642e-02
-1.456855386495590210e-01
-8.017568290233612061e-02
4.561894014477729797e-02
-1.053516045212745667e-01
-3.128872439265251160e-02
-4.864628240466117859e-02
-5.173110961914062500e-02
3.311353735625743866e-03
5.503293871879577637e-02
-2.308348752558231354e-02
6.125316396355628967e-02
2.886478789150714874e-02
-5.561134591698646545e-02
-4.558835923671722412e-02
-3.850427642464637756e-02
-2.522512897849082947e-02
-8.810323476791381836e-02
-1.182577013969421387e-02
-1.345674134790897369e-02
-1.346915662288665771e-01
-1.072073262184858322e-02
-6.201062351465225220e-02
2.122921682894229889e-02
-8.784199506044387817e-02
1.212445870041847229e-01
-9.564703702926635742e-02
-4.426743090152740479e-02
2.535749413073062897e-02
9.788350015878677368e-02
-4.667777940630912781e-02
-1.076708957552909851e-01
-1.800562292337417603e-01
-3.483263775706291199e-02
-5.801951140165328979e-02
1.080509647727012634e-02
-9.470499306917190552e-02
-5.616952106356620789e-02
-4.574560001492500305e-02
-1.002471372485160828e-01
7.244588807225227356e-03
-5.067409947514533997e-04
1.275391131639480591e-02
-7.765837013721466064e-02
-7.474359869956970215e-02
-4.825614765286445618e-02
-1.203755587339401245e-01
-1.273305993527173996e-02
3.678485751152038574e-02
7.278084754943847656e-02
-1.102874353528022766e-01
-1.104957982897758484e-01
-7.862584292888641357e-02
3.948413953185081482e-02
-5.134592950344085693e-02
-5.747201666235923767e-02
-8.322104811668395996e-03
-3.450595214962959290e-02
7.257418334484100342e-02
-3.339045867323875427e-02
1.133580412715673447e-02
-1.392486244440078735e-01
-5.354218930006027222e-02
-8.199278265237808228e-02
-1.737398467957973480e-02
-6.946258991956710815e-02
-6.741935759782791138e-02
-1.322358697652816772e-01
7.513678073883056641e-02
-9.845771640539169312e-02
-1.082231849431991577e-01
-1.132663786411285400e-01
-2.269268594682216644e-02
-3.017305769026279449e-02
-5.859109014272689819e-02
-7.041975855827331543e-02
-4.047493636608123779e-02
-7.513675838708877563e-02
-1.244372129440307617e-01
-1.006755679845809937e-01
9.859938174486160278e-02
-4.589354153722524643e-03
-7.107342779636383057e-02
-1.009409576654434204e-01
-1.954609528183937073e-03
-9.607447683811187744e-02
-7.243400812149047852e-02
4.076902195811271667e-02
-7.974413037300109863e-02
-8.853324502706527710e-02
-6.545737385749816895e-02
-8.990137837827205658e-03
-6.809820979833602905e-02
-7.391466945409774780e-02
-8.561223000288009644e-02
-8.653638511896133423e-02
6.841359287500381470e-02
-2.949715219438076019e-02
-9.336369484663009644e-02
-5.191231891512870789e-02
-1.711921989917755127e-01
-2.991672977805137634e-02
-4.104386270046234131e-02
-8.358175307512283325e-02
-5.220937728881835938e-02
-1.105603296309709549e-02
-4.528485611081123352e-02
-4.344271123409271240e-02
-1.247129589319229126e-02
-7.931402325630187988e-02
-8.592604845762252808e-02
-4.002406448125839233e-02
-2.650777809321880341e-02
-1.170264631509780884e-01
-8.818507194519042969e-02
-4.293535836040973663e-03
-1.028001829981803894e-01
-3.169628977775573730e-02
-3.883873298764228821e-02
-4.110689461231231689e-02
-5.074314773082733154e-02
-3.140934277325868607e-03
-9.038379788398742676e-02
-3.712014853954315186e-02
-2.991322660818696022e-03
-5.200206488370895386e-02
-8.966830372810363770e-02
-4.015849903225898743e-02
-4.848222807049751282e-02
1.245492547750473022e-01
5.500118434429168701e-02
-4.753298684954643250e-02
-8.384334295988082886e-02
-8.288308233022689819e-02
-5.112931132316589355e-02
5.744067579507827759e-02
-6.784690916538238525e-02
-8.383323997259140015e-02
5.897754803299903870e-02
-4.007031768560409546e-02
1.266839802265167236e-01
-4.667244106531143188e-02
-5.756682157516479492e-02
-4.448826983571052551e-02
-3.454120084643363953e-02
-6.747778505086898804e-02
-6.108372658491134644e-02
-7.987471669912338257e-02
6.450163200497627258e-03
-2.675430476665496826e-02
2.678490057587623596e-02
-6.091530993580818176e-02
-4.976664111018180847e-02
-4.161000996828079224e-02
-1.575686186552047729e-01
1.122353132814168930e-02
-4.574142768979072571e-02
2.351607196033000946e-02
-1.014807149767875671e-01
-4.277197271585464478e-02
-6.414511054754257202e-02
-5.006840825080871582e-02
-1.530940271914005280e-02
-1.532519757747650146e-01
-4.438841342926025391e-02
-8.158429712057113647e-02
-3.431816026568412781e-02
-1.132385507225990295e-01
-1.913510821759700775e-02
6.567004136741161346e-03
-5.522602424025535583e-02
-4.235194250941276550e-02
-1.058566495776176453e-01
-6.704693287611007690e-02
-6.375180929899215698e-02
-6.349131464958190918e-02
-1.070641428232192993e-01
-8.769329637289047241e-02
-3.504077717661857605e-02
-5.379758775234222412e-02
-1.047574132680892944e-01
2.931395918130874634e-02
1.943679235409945250e-04
-6.651718635112047195e-03
5.130054429173469543e-02
-1.555267870426177979e-01
-5.105894058942794800e-02
-7.012069970369338989e-02
1.428043935447931290e-02
-5.175774544477462769e-02
-1.745815724134445190e-01
-1.199732050299644470e-01
-5.308146402239799500e-02
-5.617578700184822083e-02
-9.485516697168350220e-02
-3.359147906303405762e-02
-2.788977138698101044e-02
-3.088020533323287964e-02
3.030757419764995575e-02
3.139917925000190735e-02
-8.523079007863998413e-02
-5.165242776274681091e-02
-1.202648803591728210e-01
7.847848534584045410e-02
-9.001598507165908813e-02
-8.641317486763000488e-02
-5.561806261539459229e-02
2.765012532472610474e-02
-8.812082558870315552e-02
-2.939186803996562958e-02
-1.302480399608612061e-01
7.089477032423019409e-02
-6.261973083019256592e-02
1.198989152908325195e-01
-1.345986723899841309e-01
3.885460644960403442e-02
6.294263899326324463e-02
-6.063226237893104553e-02
-8.830653876066207886e-02
-5.160291492938995361e-02
-2.759543247520923615e-02
-1.362515836954116821e-01
-5.243557691574096680e-02
-6.374052166938781738e-02
3.326876834034919739e-02
-3.784446418285369873e-02
-1.116650104522705078e-01
3.696979582309722900e-02
-2.678265236318111420e-02
-2.917254716157913208e-02
-7.441778481006622314e-02
-9.720314294099807739e-02
-8.073155581951141357e-02
-9.419801086187362671e-02
-1.689806766808032990e-02
-2.320352382957935333e-02
-6.266004592180252075e-02
-9.466642141342163086e-02
