1.219612061977386475e-01
8.487762510776519775e-02
4.415880516171455383e-02
4.602838680148124695e-02
-2.082834951579570770e-02
3.861721232533454895e-02
-1.284910598769783974e-03
-2.610873617231845856e-02
-4.402675852179527283e-02
1.195258572697639465e-01
2.647144347429275513e-02
-1.410760581493377686e-01
1.195083744823932648e-02
-3.704097867012023926e-02
1.654755882918834686e-02
-4.777413606643676758e-02
-1.122516244649887085e-01
-1.089640334248542786e-02
-2.671710960566997528e-02
-4.895830526947975159e-03
-3.766765072941780090e-02
-7.586958259344100952e-02
5.863089114427566528e-02
6.906425114721059799e-03
6.983189284801483154e-02
-2.944391965866088867e-02
1.258999854326248169e-01
4.668671637773513794e-02
-8.792181313037872314e-02
7.621818780899047852e-02
8.484442718327045441e-03
-2.137145772576332092e-02
1.810935325920581818e-02
6.213223934173583984e-02
-4.634063318371772766e-02
-1.107087731361389160e-02
-3.251213347539305687e-03
2.267867140471935272e-02
-1.144879643106833100e-04
-2.310702204704284668e-02
-3.235408104956150055e-03
-1.861171983182430267e-02
4.171299189329147339e-02
-5.881257727742195129e-02
-8.543085306882858276e-02
-7.331553846597671509e-02
2.785765565931797028e-02
6.924846768379211426e-02
1.048886589705944061e-02
6.803197413682937622e-02
-1.478429976850748062e-02
3.217608202248811722e-03
2.115771546959877014e-02
7.046370208263397217e-02
-5.621341522783041000e-03
-1.386067830026149750e-02
-9.659139066934585571e-02
-4.239593818783760071e-02
2.651824615895748138e-02
2.008271403610706329e-02
-1.034885272383689880e-01
-1.270474493503570557e-01
-8.405397646129131317e-03
1.016315259039402008e-02
-4.216912202537059784e-03
-9.626812487840652466e-02
1.767491921782493591e-02
2.478796057403087616e-02
-2.347696945071220398e-02
-5.682398378849029541e-02
1.875378377735614777e-02
1.184096001088619232e-02
-3.560807928442955017e-02
-6.258541345596313477e-02
-1.398488320410251617e-02
-8.326359675265848637e-04
-1.244129613041877747e-01
-7.983679324388504028e-02
-7.271463423967361450e-02
-1.068974882364273071e-01
-3.274339437484741211e-02
-1.806374930310994387e-04
-9.978140890598297119e-02
-3.500291844829916954e-03
-2.889057062566280365e-02
-1.033047884702682495e-01
-6.369481328874826431e-03
-9.536957740783691406e-02
-6.473986897617578506e-03
2.037444151937961578e-02
-1.069621741771697998e-01
-4.714697971940040588e-02
-2.137595228850841522e-02
-7.326684892177581787e-02
-4.383517801761627197e-02
-6.143169105052947998e-02
8.714337646961212158e-02
-8.840806782245635986e-02
-5.601324141025543213e-02
-1.042048633098602295e-01
6.480111181735992432e-02
-3.112429054453969002e-03
-4.574685543775558472e-02
-1.412214636802673340e-01
4.617472365498542786e-02
4.809265956282615662e-02
1.738229766488075256e-03
-2.257558703422546387e-02
-1.208241730928421021e-01
3.574257250875234604e-03
-4.127765819430351257e-02
-7.804144173860549927e-02
9.323188103735446930e-03
-4.098342731595039368e-02
-1.521669328212738037e-02
-8.451861143112182617e-02
6.674228608608245850e-02
-9.466743469238281250e-02
-6.055165547877550125e-03
-1.889831759035587311e-02
4.019375517964363098e-02
-4.695294797420501709e-02
-2.337780036032199860e-02
-3.367742896080017090e-02
3.825541958212852478e-02
3.114897292107343674e-03
-5.385768599808216095e-03
-3.778953850269317627e-02
2.986203506588935852e-02
-1.008777245879173279e-01
-3.385986015200614929e-02
-2.478614915162324905e-03
-7.965142140164971352e-05
2.976174838840961456e-02
-7.834197953343391418e-03
2.734257280826568604e-02
-5.394837632775306702e-02
3.687787801027297974e-02
-1.403468288481235504e-02
6.777294911444187164e-03
-4.535095766186714172e-02
3.122987598180770874e-02
1.160475052893161774e-02
3.571939468383789062e-02
-1.639481075108051300e-02
1.747181862592697144e-01
-5.385287106037139893e-02
5.075830593705177307e-02
6.573453545570373535e-02
-2.887698076665401459e-02
-1.711564324796199799e-02
-5.933890119194984436e-02
-1.396920979022979736e-01
4.822767898440361023e-02
8.338765799999237061e-02
-3.882691031321883202e-03
-6.792271137237548828e-02
2.419007010757923126e-03
-3.317349776625633240e-02
4.447972774505615234e-02
-1.075934469699859619e-01
-2.935869619250297546e-03
-2.889704145491123199e-02
-7.014599442481994629e-02
-6.157815456390380859e-02
-6.044265814125537872e-03
-5.720255896449089050e-02
-2.238409593701362610e-02
-1.306707262992858887e-01
-6.429962068796157837e-02
9.269700385630130768e-03
-1.303134113550186157e-01
-4.124195501208305359e-02
-1.191193424165248871e-02
-2.759017515927553177e-03
1.709165237843990326e-02
6.521283090114593506e-02
1.337095797061920166e-01
2.254658937454223633e-02
-1.173010002821683884e-02
1.600479334592819214e-02
-5.721806362271308899e-02
2.558135613799095154e-02
7.525537908077239990e-02
2.931125275790691376e-02
2.120609628036618233e-03
-7.196919620037078857e-02
-4.239225760102272034e-02
-1.075460016727447510e-01
3.878274187445640564e-02
-4.357670620083808899e-02
-4.698483645915985107e-02
-3.933484107255935669e-02
3.452256694436073303e-02
5.367635190486907959e-02
6.077116727828979492e-02
4.186279326677322388e-02
-4.544255882501602173e-02
2.265694551169872284e-02
-6.817898899316787720e-02
-7.488385774195194244e-03
-5.201424658298492432e-02
6.362087279558181763e-02
2.314317971467971802e-02
-1.541566550731658936e-01
5.476969853043556213e-02
7.489801943302154541e-02
-1.558821927756071091e-02
1.030934602022171021e-01
5.139438807964324951e-02
6.449174880981445312e-02
-1.240847483277320862e-01
2.371172420680522919e-02
1.704536937177181244e-02
-5.049601197242736816e-02
-8.089342713356018066e-02
-3.032569773495197296e-02
-4.251836612820625305e-02
-4.537850990891456604e-02
1.493613272905349731e-01
-6.890670955181121826e-02
-3.850343078374862671e-02
-4.659158363938331604e-02
-4.025226458907127380e-02
4.661400616168975830e-02
-1.053509935736656189e-01
4.703053459525108337e-02
-2.530172839760780334e-02
-3.103150054812431335e-02
-3.617297625169157982e-03
-6.013897061347961426e-02
-1.554574817419052124e-02
5.629159975796937943e-03
-1.202209573239088058e-02
-1.160001307725906372e-01
-9.399311989545822144e-02
-4.705338552594184875e-02
-2.299166284501552582e-02
-1.585004618391394615e-03
9.070225059986114502e-02
3.546453639864921570e-02
2.618359634652733803e-03
-5.364134162664413452e-02
-2.038716338574886322e-02
1.070547662675380707e-02
1.348474156111478806e-02
6.677706725895404816e-03
-1.119544282555580139e-01
-1.769567653536796570e-02
-3.838715702295303345e-02
6.617964804172515869e-02
-4.320469126105308533e-02
-5.680836364626884460e-02
-5.016360431909561157e-02
9.130806662142276764e-03
1.111363247036933899e-02
