6.430581212043762207e-01
8.315283656120300293e-01
7.858217358589172363e-01
6.749317646026611328e-01
6.727209091186523438e-01
9.359399080276489258e-01
7.850855588912963867e-01
8.788981437683105469e-01
6.929430365562438965e-01
6.535515785217285156e-01
3.406189978122711182e-01
6.021024584770202637e-01
7.689274549484252930e-01
9.897041320800781250e-01
6.824945211410522461e-01
8.485199213027954102e-01
7.677835822105407715e-01
4.550030231475830078e-01
6.065872311592102051e-01
6.317989230155944824e-01
5.051451325416564941e-01
7.770406007766723633e-01
7.886018753051757812e-01
7.069096565246582031e-01
7.680634260177612305e-01
8.369351029396057129e-01
8.372575044631958008e-01
6.802517771720886230e-01
7.807261943817138672e-01
6.977505683898925781e-01
6.176463365554809570e-01
6.554477214813232422e-01
6.977927684783935547e-01
7.238417863845825195e-01
9.443400502204895020e-01
8.529195189476013184e-01
6.693546175956726074e-01
6.436651945114135742e-01
4.093236625194549561e-01
1.025481700897216797e+00
6.673507094383239746e-01
6.749367117881774902e-01
4.721210002899169922e-01
6.918145418167114258e-01
5.138743519783020020e-01
7.897350788116455078e-01
6.488151550292968750e-01
6.455163955688476562e-01
5.390051603317260742e-01
8.664848208427429199e-01
7.218582630157470703e-01
7.520312070846557617e-01
8.509792685508728027e-01
9.131039381027221680e-01
9.501307606697082520e-01
7.774987816810607910e-01
6.889270544052124023e-01
6.916322708129882812e-01
7.948453426361083984e-01
6.569461226463317871e-01
7.325165271759033203e-01
5.234224796295166016e-01
9.027893543243408203e-01
7.160573005676269531e-01
6.083770394325256348e-01
9.249312877655029297e-01
6.326712965965270996e-01
6.645131111145019531e-01
6.414697766304016113e-01
6.533349752426147461e-01
8.287485241889953613e-01
6.496378183364868164e-01
8.060930967330932617e-01
8.085481524467468262e-01
7.872236371040344238e-01
5.436179637908935547e-01
5.991670489311218262e-01
7.940853238105773926e-01
7.411961555480957031e-01
8.383476138114929199e-01
3.812184631824493408e-01
6.442427039146423340e-01
1.008307337760925293e+00
6.427566409111022949e-01
7.530298233032226562e-01
7.940524816513061523e-01
8.051738739013671875e-01
6.862346529960632324e-01
9.274572730064392090e-01
9.772910475730895996e-01
6.754004359245300293e-01
6.171883344650268555e-01
7.814559340476989746e-01
8.443105816841125488e-01
6.243554949760437012e-01
7.804239988327026367e-01
8.861116766929626465e-01
1.005490899085998535e+00
5.664188265800476074e-01
7.768258452415466309e-01
5.119363069534301758e-01
7.897726893424987793e-01
6.334589123725891113e-01
8.119940757751464844e-01
7.661260962486267090e-01
7.637003064155578613e-01
7.736914157867431641e-01
7.742410898208618164e-01
6.939904689788818359e-01
7.058492898941040039e-01
9.264733195304870605e-01
9.658308625221252441e-01
5.293694734573364258e-01
2.823409736156463623e-01
5.580224990844726562e-01
6.553109288215637207e-01
6.909848451614379883e-01
7.828159928321838379e-01
5.288635492324829102e-01
6.491450071334838867e-01
9.901105761528015137e-01
6.503737568855285645e-01
5.303090810775756836e-01
9.287382960319519043e-01
6.519000530242919922e-01
5.637269616127014160e-01
3.969088196754455566e-01
7.038387060165405273e-01
8.747484087944030762e-01
9.185756444931030273e-01
8.319692611694335938e-01
6.948460340499877930e-01
6.758351325988769531e-01
8.704616427421569824e-01
9.201940894126892090e-01
9.384567141532897949e-01
6.133832931518554688e-01
7.016803622245788574e-01
7.717281579971313477e-01
8.418946862220764160e-01
9.684919714927673340e-01
5.967482328414916992e-01
6.108188629150390625e-01
7.542617917060852051e-01
6.621205806732177734e-01
5.680473446846008301e-01
6.290155649185180664e-01
5.392903089523315430e-01
7.041909098625183105e-01
9.376689791679382324e-01
7.917285561561584473e-01
4.868888854980468750e-01
9.983018636703491211e-01
6.482763290405273438e-01
6.143937706947326660e-01
9.106657505035400391e-01
8.135119080543518066e-01
9.812571406364440918e-01
7.263277173042297363e-01
7.766327261924743652e-01
7.183763384819030762e-01
4.315088689327239990e-01
8.669453263282775879e-01
7.078312635421752930e-01
5.354408025741577148e-01
5.977187156677246094e-01
8.072601556777954102e-01
6.931902766227722168e-01
4.884058535099029541e-01
4.296756088733673096e-01
1.028966903686523438e+00
5.306658744812011719e-01
6.826562881469726562e-01
1.055895328521728516e+00
9.052072763442993164e-01
6.580141186714172363e-01
7.713260650634765625e-01
5.777866840362548828e-01
6.529973745346069336e-01
9.710432291030883789e-01
4.301370084285736084e-01
5.248001813888549805e-01
8.126510977745056152e-01
8.657901287078857422e-01
6.728802919387817383e-01
6.316362619400024414e-01
7.931940555572509766e-01
7.389339208602905273e-01
5.133469700813293457e-01
7.080665230751037598e-01
6.057009696960449219e-01
5.823657512664794922e-01
6.376847624778747559e-01
8.183314204216003418e-01
8.234670758247375488e-01
9.576087594032287598e-01
8.117796182632446289e-01
7.093467116355895996e-01
6.543248295783996582e-01
4.401052296161651611e-01
7.129803299903869629e-01
6.708838939666748047e-01
7.135302424430847168e-01
8.688085675239562988e-01
5.398757457733154297e-01
9.705819487571716309e-01
5.025999546051025391e-01
7.579723000526428223e-01
8.553385734558105469e-01
7.547952532768249512e-01
6.021230816841125488e-01
5.141611695289611816e-01
9.104160666465759277e-01
5.959058403968811035e-01
7.453011274337768555e-01
8.251658678054809570e-01
7.630474567413330078e-01
2.902243137359619141e-01
7.491701841354370117e-01
6.049882173538208008e-01
2.970031797885894775e-01
7.159981727600097656e-01
8.650917410850524902e-01
1.044994354248046875e+00
6.676672697067260742e-01
7.557688355445861816e-01
8.314635753631591797e-01
6.177349090576171875e-01
8.558983802795410156e-01
6.831321120262145996e-01
6.999295353889465332e-01
8.225966691970825195e-01
7.884441614151000977e-01
3.613675832748413086e-01
7.784143090248107910e-01
6.772659420967102051e-01
7.076097726821899414e-01
9.906606078147888184e-01
5.441626310348510742e-01
5.703017711639404297e-01
5.465497970581054688e-01
7.074721455574035645e-01
8.564078211784362793e-01
6.817094683647155762e-01
6.034405231475830078e-01
8.556837439537048340e-01
6.975116729736328125e-01
8.501525521278381348e-01
8.058724403381347656e-01
6.090430021286010742e-01
7.023524045944213867e-01
6.968010663986206055e-01
8.095207810401916504e-01
5.543662905693054199e-01
6.201871633529663086e-01
5.423379540443420410e-01
7.136720418930053711e-01
7.899206280708312988e-01
7.162507176399230957e-01
7.992423772811889648e-01
6.637688279151916504e-01
6.463636755943298340e-01
6.565048098564147949e-01
4.343457818031311035e-01
7.512527704238891602e-01
8.217610716819763184e-01
5.835642218589782715e-01
6.881281137466430664e-01
6.612982153892517090e-01
9.027921557426452637e-01
6.609036922454833984e-01
7.323625087738037109e-01
7.853448390960693359e-01
6.642318367958068848e-01
9.080791473388671875e-01
3.399425745010375977e-01
7.304106950759887695e-01
6.273266673088073730e-01
1.029153704643249512e+00
9.947752356529235840e-01
8.707797527313232422e-01
6.494480967521667480e-01
5.744607448577880859e-01
5.078656673431396484e-01
5.919811129570007324e-01
8.227278590202331543e-01
5.784052610397338867e-01
5.555847287178039551e-01
7.396810650825500488e-01
1.010892629623413086e+00
7.472336888313293457e-01
7.431522607803344727e-01
7.099238634109497070e-01
8.493075966835021973e-01
6.279820203781127930e-01
8.633120059967041016e-01
6.748499274253845215e-01
6.469925045967102051e-01
6.061666011810302734e-01
6.785316467285156250e-01
8.962879776954650879e-01
8.256727457046508789e-01
8.321869969367980957e-01
7.065549492835998535e-01
7.333075404167175293e-01
8.234399557113647461e-01
6.684767603874206543e-01
7.503489255905151367e-01
7.309504747390747070e-01
4.386129677295684814e-01
2.597874104976654053e-01
7.672781348228454590e-01
6.185795068740844727e-01
7.819092869758605957e-01
5.312435030937194824e-01
6.017920374870300293e-01
5.736625194549560547e-01
8.274732828140258789e-01
7.397649884223937988e-01
9.281161427497863770e-01
8.349986672401428223e-01
7.951623797416687012e-01
6.966553926467895508e-01
7.569366097450256348e-01
6.737518906593322754e-01
5.722430348396301270e-01
3.581198751926422119e-01
8.142453432083129883e-01
7.088417410850524902e-01
1.134358048439025879e+00
5.579616427421569824e-01
1.007910847663879395e+00
6.165973544120788574e-01
6.456262469291687012e-01
6.461201310157775879e-01
7.468873262405395508e-01
8.769519925117492676e-01
6.426092386245727539e-01
5.967878103256225586e-01
7.255733013153076172e-01
8.255147337913513184e-01
5.276143550872802734e-01
6.942474246025085449e-01
9.174709320068359375e-01
6.692261695861816406e-01
7.861018776893615723e-01
5.730478763580322266e-01
5.788609981536865234e-01
5.566200613975524902e-01
8.488050699234008789e-01
7.241869568824768066e-01
5.912544131278991699e-01
6.113015413284301758e-01
9.133841395378112793e-01
6.867188215255737305e-01
7.256149649620056152e-01
6.480248570442199707e-01
6.945407390594482422e-01
5.646405816078186035e-01
6.514961123466491699e-01
7.341183423995971680e-01
3.123051822185516357e-01
7.079147100448608398e-01
6.202953457832336426e-01
6.497058868408203125e-01
6.431413292884826660e-01
5.202696323394775391e-01
5.516020655632019043e-01
9.799216985702514648e-01
8.678586483001708984e-01
9.158516526222229004e-01
6.227688789367675781e-01
5.648158192634582520e-01
7.423710823059082031e-01
5.904104709625244141e-01
4.059689342975616455e-01
5.835283994674682617e-01
6.452074050903320312e-01
6.051545739173889160e-01
9.285251498222351074e-01
7.462025880813598633e-01
6.445366740226745605e-01
8.403645157814025879e-01
9.768458604812622070e-01
6.813092231750488281e-01
5.773220062255859375e-01
6.054622530937194824e-01
7.703470587730407715e-01
1.191826939582824707e+00
7.510582208633422852e-01
6.243328452110290527e-01
7.192744612693786621e-01
5.344478487968444824e-01
1.035365581512451172e+00
7.570728063583374023e-01
6.887730360031127930e-01
7.862591147422790527e-01
5.166400671005249023e-01
4.153692424297332764e-01
5.893563628196716309e-01
5.695959925651550293e-01
5.088247060775756836e-01
8.087995052337646484e-01
7.892547845840454102e-01
7.707375288009643555e-01
7.292153239250183105e-01
6.122220754623413086e-01
7.760617136955261230e-01
8.205432295799255371e-01
8.351719379425048828e-01
6.538186669349670410e-01
6.989536285400390625e-01
7.812789082527160645e-01
7.532166838645935059e-01
8.691855669021606445e-01
6.246721148490905762e-01
7.318602204322814941e-01
7.153345346450805664e-01
7.111191153526306152e-01
6.861083507537841797e-01
8.321397304534912109e-01
6.468403339385986328e-01
4.729417264461517334e-01
6.743330359458923340e-01
6.059214472770690918e-01
6.283299922943115234e-01
6.193639039993286133e-01
9.359320402145385742e-01
5.830605030059814453e-01
4.155667424201965332e-01
8.144171237945556641e-01
9.629595279693603516e-01
7.732682824134826660e-01
8.200736045837402344e-01
9.522334933280944824e-01
8.961417078971862793e-01
6.464368700981140137e-01
5.972684621810913086e-01
6.237663626670837402e-01
7.684713006019592285e-01
5.360165238380432129e-01
7.708824276924133301e-01
2.677533626556396484e-01
5.300922393798828125e-01
7.169116139411926270e-01
7.237762808799743652e-01
4.613619148731231689e-01
6.363110542297363281e-01
5.622547268867492676e-01
8.728498220443725586e-01
6.529313325881958008e-01
6.548309922218322754e-01
6.538059711456298828e-01
7.608571648597717285e-01
6.804767251014709473e-01
7.026248574256896973e-01
6.425939202308654785e-01
7.153567671775817871e-01
9.164267182350158691e-01
3.765610158443450928e-01
7.878279685974121094e-01
7.570395469665527344e-01
9.459744691848754883e-01
7.951380610466003418e-01
5.819273591041564941e-01
8.031578063964843750e-01
7.686502933502197266e-01
5.639528036117553711e-01
7.305041551589965820e-01
5.672722458839416504e-01
7.251917719841003418e-01
7.170121073722839355e-01
7.363911867141723633e-01
8.338675498962402344e-01
8.670907020568847656e-01
8.376553058624267578e-01
4.637774825096130371e-01
7.012449502944946289e-01
7.931644320487976074e-01
8.422389626502990723e-01
7.530590295791625977e-01
5.570986866950988770e-01
3.946265578269958496e-01
4.364900290966033936e-01
9.559203386306762695e-01
9.977832436561584473e-01
5.408102273941040039e-01
6.810902357101440430e-01
6.796411275863647461e-01
6.042786240577697754e-01
6.579845547676086426e-01
7.256941199302673340e-01
2.808316648006439209e-01
7.353168725967407227e-01
5.556994080543518066e-01
8.417201638221740723e-01
7.927683591842651367e-01
7.561445832252502441e-01
6.134561300277709961e-01
5.187570452690124512e-01
8.297109603881835938e-01
8.472226262092590332e-01
6.692140102386474609e-01
8.932549953460693359e-01
7.469917535781860352e-01
6.683764457702636719e-01
6.928410530090332031e-01
9.063090085983276367e-01
5.585908293724060059e-01
7.644268274307250977e-01
6.054786443710327148e-01
6.595493555068969727e-01
6.913889646530151367e-01
7.314193248748779297e-01
8.201505541801452637e-01
7.718750834465026855e-01
8.070369362831115723e-01
7.276809811592102051e-01
7.056307792663574219e-01
7.341661453247070312e-01
8.331185579299926758e-01
7.172828912734985352e-01
9.227980375289916992e-01
6.862573623657226562e-01
8.443222641944885254e-01
6.445348262786865234e-01
8.704907298088073730e-01
5.263626575469970703e-01
8.314388394355773926e-01
7.776917219161987305e-01
9.105088114738464355e-01
8.855703473091125488e-01
6.540815830230712891e-01
6.259812116622924805e-01
6.889625787734985352e-01
5.511413812637329102e-01
7.286521792411804199e-01
7.659975886344909668e-01
7.574845552444458008e-01
7.749953866004943848e-01
7.698271870613098145e-01
7.015347480773925781e-01
7.167404890060424805e-01
8.216120004653930664e-01
5.650554299354553223e-01
5.194300413131713867e-01
8.782754540443420410e-01
7.392815351486206055e-01
7.635390162467956543e-01
5.334364175796508789e-01
7.145256400108337402e-01
7.271533012390136719e-01
7.789660096168518066e-01
6.261772513389587402e-01
6.304488778114318848e-01
6.431446075439453125e-01
8.564774990081787109e-01
4.591051340103149414e-01
7.422833442687988281e-01
6.248815655708312988e-01
6.717309951782226562e-01
9.707366228103637695e-01
4.997842907905578613e-01
5.236570239067077637e-01
1.127137184143066406e+00
9.451107382774353027e-01
5.657404065132141113e-01
6.369786858558654785e-01
3.061281740665435791e-01
9.234630465507507324e-01
7.225658297538757324e-01
7.711982727050781250e-01
7.184852361679077148e-01
5.875802040100097656e-01
8.293148875236511230e-01
7.167786955833435059e-01
7.335059046745300293e-01
7.461768388748168945e-01
5.912926793098449707e-01
5.918067693710327148e-01
9.454002380371093750e-01
5.299534201622009277e-01
5.239030718803405762e-01
9.047091603279113770e-01
7.659371495246887207e-01
7.782746553421020508e-01
7.271496057510375977e-01
5.545741319656372070e-01
7.947508096694946289e-01
7.142576575279235840e-01
6.989858150482177734e-01
6.399342417716979980e-01
7.376543283462524414e-01
7.657747864723205566e-01
5.710467100143432617e-01
7.546845078468322754e-01
6.709212064743041992e-01
8.436546325683593750e-01
6.886345744132995605e-01
1.117675542831420898e+00
8.718398809432983398e-01
6.389022469520568848e-01
6.359639167785644531e-01
5.275939106941223145e-01
8.244562149047851562e-01
7.037761807441711426e-01
7.934267520904541016e-01
6.299194693565368652e-01
4.878588020801544189e-01
5.705371499061584473e-01
7.665983438491821289e-01
6.413960456848144531e-01
7.117568850517272949e-01
7.958859801292419434e-01
6.496306657791137695e-01
6.781828999519348145e-01
6.069186925888061523e-01
1.251577377319335938e+00
4.912498295307159424e-01
7.301300168037414551e-01
8.072380423545837402e-01
6.834903359413146973e-01
7.441065907478332520e-01
8.489392399787902832e-01
8.105406761169433594e-01
7.347911000251770020e-01
7.267556190490722656e-01
6.906841993331909180e-01
6.694639325141906738e-01
7.015503644943237305e-01
6.293448209762573242e-01
8.600405454635620117e-01
8.391746282577514648e-01
7.264236211776733398e-01
6.888785958290100098e-01
8.546355962753295898e-01
7.372718453407287598e-01
7.706487178802490234e-01
5.043975114822387695e-01
7.819258570671081543e-01
5.927239656448364258e-01
5.923307538032531738e-01
5.261757373809814453e-01
4.942647218704223633e-01
6.731449365615844727e-01
5.397191643714904785e-01
8.137580156326293945e-01
7.567760944366455078e-01
6.251466870307922363e-01
6.490075588226318359e-01
6.488664746284484863e-01
4.380209445953369141e-01
8.384700417518615723e-01
7.567503452301025391e-01
6.041460633277893066e-01
9.024963974952697754e-01
6.923879981040954590e-01
8.627664446830749512e-01
7.289432883262634277e-01
7.236156463623046875e-01
6.966473460197448730e-01
7.311044335365295410e-01
6.804716587066650391e-01
1.034431576728820801e+00
7.458312511444091797e-01
6.883698701858520508e-01
1.063775300979614258e+00
9.109350442886352539e-01
6.371943354606628418e-01
5.419677495956420898e-01
9.193237423896789551e-01
7.268385291099548340e-01
5.576352477073669434e-01
7.804765105247497559e-01
7.882479429244995117e-01
8.517286777496337891e-01
7.166589498519897461e-01
5.361683964729309082e-01
7.338975071907043457e-01
6.559562683105468750e-01
5.605776906013488770e-01
5.932530164718627930e-01
6.951002478599548340e-01
8.685298562049865723e-01
6.902617216110229492e-01
8.338602781295776367e-01
6.651773452758789062e-01
9.716574549674987793e-01
7.194795012474060059e-01
5.378453135490417480e-01
9.596245884895324707e-01
5.088877677917480469e-01
7.003769278526306152e-01
7.399351596832275391e-01
7.842632532119750977e-01
8.471685647964477539e-01
6.365473866462707520e-01
7.748046517372131348e-01
4.637170732021331787e-01
9.257985949516296387e-01
1.836344152688980103e-01
4.834741055965423584e-01
5.566861033439636230e-01
7.776347994804382324e-01
2.674671411514282227e-01
7.014465928077697754e-01
9.448939561843872070e-01
1.510582119226455688e-01
9.000915884971618652e-01
5.102110505104064941e-01
7.227021455764770508e-01
7.645462155342102051e-01
8.508186340332031250e-01
5.856302380561828613e-01
7.390313744544982910e-01
6.722004413604736328e-01
4.251503348350524902e-01
8.447089195251464844e-01
5.480846166610717773e-01
7.938424348831176758e-01
6.687361598014831543e-01
6.229957938194274902e-01
6.506810188293457031e-01
6.524070501327514648e-01
9.178481101989746094e-01
7.793167233467102051e-01
7.994288802146911621e-01
7.621374726295471191e-01
4.334265291690826416e-01
4.386898577213287354e-01
6.270318031311035156e-01
7.110431194305419922e-01
9.651025533676147461e-01
7.531023621559143066e-01
8.871862888336181641e-01
6.350690126419067383e-01
9.151063561439514160e-01
7.666267156600952148e-01
5.507483482360839844e-01
8.848701119422912598e-01
5.959365963935852051e-01
6.705634593963623047e-01
5.911957621574401855e-01
7.649342417716979980e-01
8.493169546127319336e-01
7.019746303558349609e-01
8.196198940277099609e-01
6.014650464057922363e-01
3.937038779258728027e-01
5.909070372581481934e-01
7.729469537734985352e-01
6.372293233871459961e-01
8.102786540985107422e-01
7.757589221000671387e-01
7.637290358543395996e-01
5.631377100944519043e-01
7.393180727958679199e-01
5.969449877738952637e-01
9.032726883888244629e-01
6.028454303741455078e-01
7.514117956161499023e-01
8.496462702751159668e-01
5.705920457839965820e-01
7.738069295883178711e-01
9.063652753829956055e-01
9.221608638763427734e-01
7.207846641540527344e-01
8.190965056419372559e-01
8.612141013145446777e-01
8.339894413948059082e-01
6.937196254730224609e-01
7.628193497657775879e-01
7.992859482765197754e-01
5.455356240272521973e-01
8.541566729545593262e-01
7.313574552536010742e-01
8.180561661720275879e-01
2.989363670349121094e-01
6.318283677101135254e-01
5.176523327827453613e-01
5.927460193634033203e-01
7.032604813575744629e-01
8.096570968627929688e-01
9.402537941932678223e-01
6.848904490470886230e-01
6.031549572944641113e-01
7.535215020179748535e-01
6.943918466567993164e-01
6.305008530616760254e-01
6.333373188972473145e-01
9.621574282646179199e-01
8.299993276596069336e-01
8.593003749847412109e-01
3.249619901180267334e-01
6.101220846176147461e-01
6.686713695526123047e-01
6.057652831077575684e-01
7.158867716789245605e-01
2.012499272823333740e-01
8.042018413543701172e-01
8.434385061264038086e-01
7.096301913261413574e-01
3.548340797424316406e-01
5.394480824470520020e-01
9.014870524406433105e-01
1.084641695022583008e+00
8.762909770011901855e-01
6.222366094589233398e-01
7.241316437721252441e-01
8.433748483657836914e-01
6.712623238563537598e-01
6.340029835700988770e-01
5.524802803993225098e-01
6.805809736251831055e-01
5.976594090461730957e-01
6.349098086357116699e-01
7.841738462448120117e-01
7.537268400192260742e-01
2.418960481882095337e-01
8.515500426292419434e-01
5.518751740455627441e-01
8.354507684707641602e-01
6.829597949981689453e-01
1.006896853446960449e+00
7.366055250167846680e-01
7.440449595451354980e-01
4.767296612262725830e-01
4.149650335311889648e-01
8.600739836692810059e-01
5.228167772293090820e-01
4.353200495243072510e-01
8.551197648048400879e-01
5.253464579582214355e-01
7.202357053756713867e-01
7.254323959350585938e-01
7.000518441200256348e-01
7.137047648429870605e-01
7.371401190757751465e-01
7.392198443412780762e-01
8.885189294815063477e-01
7.657734751701354980e-01
7.595005035400390625e-01
7.889074683189392090e-01
8.502926826477050781e-01
6.862682104110717773e-01
5.876587629318237305e-01
7.096440196037292480e-01
7.744413018226623535e-01
6.211055517196655273e-01
8.456578850746154785e-01
6.930528879165649414e-01
9.438623785972595215e-01
6.339470744132995605e-01
5.221481323242187500e-01
7.838576436042785645e-01
6.098115444183349609e-01
7.666264772415161133e-01
5.074454545974731445e-01
7.228229641914367676e-01
7.031985521316528320e-01
9.533064365386962891e-01
6.972513794898986816e-01
5.625802874565124512e-01
8.433513045310974121e-01
7.874845266342163086e-01
7.114923596382141113e-01
3.762203752994537354e-01
9.175292253494262695e-01
7.551110386848449707e-01
6.493439674377441406e-01
6.847937107086181641e-01
6.709562540054321289e-01
5.941346287727355957e-01
7.616155743598937988e-01
1.028018474578857422e+00
7.813883423805236816e-01
6.604194641113281250e-01
7.406265139579772949e-01
8.298028111457824707e-01
7.791272401809692383e-01
7.658251523971557617e-01
8.406608700752258301e-01
9.290900826454162598e-01
6.746268272399902344e-01
9.377884268760681152e-01
7.861269116401672363e-01
7.474923133850097656e-01
6.241543292999267578e-01
6.130757927894592285e-01
7.410790324211120605e-01
6.713961958885192871e-01
7.413925528526306152e-01
8.274304270744323730e-01
8.708166480064392090e-01
5.092745423316955566e-01
1.067695021629333496e+00
5.585939288139343262e-01
5.527898669242858887e-01
8.656003475189208984e-01
5.816832780838012695e-01
4.205784201622009277e-01
8.487436771392822266e-01
8.511096239089965820e-01
6.602098345756530762e-01
7.858209013938903809e-01
8.715965151786804199e-01
5.776203870773315430e-01
7.360550165176391602e-01
7.371312975883483887e-01
8.445568680763244629e-01
8.421148657798767090e-01
6.773144006729125977e-01
6.902581453323364258e-01
6.609900593757629395e-01
6.406043767929077148e-01
5.671129822731018066e-01
8.164193034172058105e-01
5.886119008064270020e-01
6.179202795028686523e-01
8.144047260284423828e-01
6.056294441223144531e-01
8.481134176254272461e-01
8.307903409004211426e-01
4.820614755153656006e-01
1.018990993499755859e+00
1.173595547676086426e+00
9.065912365913391113e-01
6.813802123069763184e-01
7.055273652076721191e-01
8.499733209609985352e-01
7.751334309577941895e-01
9.685407876968383789e-01
7.297177910804748535e-01
5.580330491065979004e-01
8.370013236999511719e-01
6.911574602127075195e-01
1.006115317344665527e+00
7.527722120285034180e-01
6.962627768516540527e-01
5.586430430412292480e-01
8.522101044654846191e-01
3.948485553264617920e-01
8.389346599578857422e-01
8.490537405014038086e-01
7.947437167167663574e-01
9.602583646774291992e-01
5.027535557746887207e-01
7.584967017173767090e-01
8.409177064895629883e-01
9.304355382919311523e-01
6.558699011802673340e-01
9.014626741409301758e-01
9.837251901626586914e-01
7.054771780967712402e-01
7.011281847953796387e-01
6.372910141944885254e-01
8.335975408554077148e-01
6.763533353805541992e-01
6.081185936927795410e-01
7.731988430023193359e-01
6.479532718658447266e-01
8.233762979507446289e-01
6.081164479255676270e-01
7.317588925361633301e-01
8.253047466278076172e-01
5.005612969398498535e-01
8.296919465065002441e-01
8.546133637428283691e-01
5.906070470809936523e-01
8.991624116897583008e-01
8.057922720909118652e-01
6.766207218170166016e-01
8.116844892501831055e-01
6.895141601562500000e-01
7.438265085220336914e-01
6.115332841873168945e-01
4.335026443004608154e-01
7.395433783531188965e-01
7.833659648895263672e-01
6.290999650955200195e-01
7.698307037353515625e-01
6.428649425506591797e-01
5.407106280326843262e-01
6.260878443717956543e-01
7.423300743103027344e-01
8.035133481025695801e-01
6.536891460418701172e-01
1.041692137718200684e+00
7.135772109031677246e-01
7.225359082221984863e-01
6.242163181304931641e-01
7.261512875556945801e-01
5.890224575996398926e-01
7.298298478126525879e-01
8.393930792808532715e-01
7.932928204536437988e-01
8.682638406753540039e-01
6.931057572364807129e-01
8.783850669860839844e-01
3.495418727397918701e-01
7.399113774299621582e-01
6.515858173370361328e-01
7.492948174476623535e-01
5.976222157478332520e-01
5.636633038520812988e-01
5.702557563781738281e-01
9.822029471397399902e-01
8.930335044860839844e-01
5.534239411354064941e-01
8.123316168785095215e-01
8.030527234077453613e-01
6.188852787017822266e-01
6.789115071296691895e-01
7.660036683082580566e-01
6.239868998527526855e-01
6.693481802940368652e-01
6.846312284469604492e-01
6.068161725997924805e-01
4.683886468410491943e-01
7.086094617843627930e-01
7.405841350555419922e-01
6.073407530784606934e-01
5.372739434242248535e-01
1.087024450302124023e+00
7.957816123962402344e-01
6.597129106521606445e-01
5.423652529716491699e-01
5.998648405075073242e-01
7.178352475166320801e-01
5.633245706558227539e-01
6.274612545967102051e-01
7.744453549385070801e-01
8.056965470314025879e-01
8.716412782669067383e-01
7.280251979827880859e-01
8.767981529235839844e-01
7.799248695373535156e-01
5.337242484092712402e-01
5.875158905982971191e-01
4.410368800163269043e-01
6.165465116500854492e-01
3.441029191017150879e-01
5.632553696632385254e-01
8.295908570289611816e-01
8.213225603103637695e-01
7.300590872764587402e-01
8.454983830451965332e-01
5.896564722061157227e-01
1.137782573699951172e+00
7.868307232856750488e-01
1.014858245849609375e+00
9.659066796302795410e-01
7.759178876876831055e-01
4.477570652961730957e-01
6.627151966094970703e-01
5.675600171089172363e-01
6.446713209152221680e-01
7.050304412841796875e-01
8.113626837730407715e-01
7.987211942672729492e-01
5.434238910675048828e-01
9.249330759048461914e-01
9.784116744995117188e-01
6.057323813438415527e-01
1.206282496452331543e+00
6.835817098617553711e-01
6.521638035774230957e-01
7.023664116859436035e-01
6.614069342613220215e-01
7.866209149360656738e-01
1.020091176033020020e+00
7.097017765045166016e-01
5.355659127235412598e-01
9.309343695640563965e-01
7.842094898223876953e-01
8.940005302429199219e-01
3.227622210979461670e-01
8.501548171043395996e-01
6.147715449333190918e-01
1.016576766967773438e+00
7.453975677490234375e-01
6.016324162483215332e-01
9.762508273124694824e-01
7.414779663085937500e-01
7.111997008323669434e-01
5.834088325500488281e-01
5.654681324958801270e-01
8.472427129745483398e-01
6.437177062034606934e-01
7.997512221336364746e-01
7.222679853439331055e-01
9.246019124984741211e-01
7.589430809020996094e-01
8.622975349426269531e-01
6.504232883453369141e-01
9.066680669784545898e-01
9.077993035316467285e-01
7.770328521728515625e-01
7.842270731925964355e-01
8.613291978836059570e-01
6.342810988426208496e-01
6.096723675727844238e-01
7.392212748527526855e-01
3.841955363750457764e-01
7.228847146034240723e-01
5.970920920372009277e-01
1.320461273193359375e+00
7.356457710266113281e-01
7.153066396713256836e-01
9.023994803428649902e-01
8.024102449417114258e-01
1.002788305282592773e+00
4.270376563072204590e-01
8.101227879524230957e-01
7.621656060218811035e-01
6.550658345222473145e-01
8.400086164474487305e-01
7.014697790145874023e-01
7.630093693733215332e-01
6.689014434814453125e-01
8.123188614845275879e-01
7.238184213638305664e-01
7.962093949317932129e-01
6.818861961364746094e-01
8.026957511901855469e-01
6.048892736434936523e-01
8.664603233337402344e-01
8.232446908950805664e-01
6.016353964805603027e-01
7.271026372909545898e-01
7.317251563072204590e-01
8.522235155105590820e-01
7.254076600074768066e-01
7.387174963951110840e-01
7.753131389617919922e-01
5.548384785652160645e-01
7.536606192588806152e-01
6.167526841163635254e-01
6.423706412315368652e-01
7.754193544387817383e-01
6.942355036735534668e-01
7.556036114692687988e-01
6.392626762390136719e-01
7.582660317420959473e-01
8.428934812545776367e-01
8.882923722267150879e-01
7.238807082176208496e-01
7.887808680534362793e-01
6.332576274871826172e-01
5.555526614189147949e-01
9.044248461723327637e-01
8.403909802436828613e-01
4.539912939071655273e-01
8.501326441764831543e-01
7.917956113815307617e-01
5.243737697601318359e-01
6.531180739402770996e-01
7.570961713790893555e-01
8.993155956268310547e-01
5.869556069374084473e-01
7.992115616798400879e-01
6.614038944244384766e-01
6.629798412322998047e-01
4.031591713428497314e-01
6.809821724891662598e-01
8.550056219100952148e-01
6.859647631645202637e-01
7.791931033134460449e-01
7.618818283081054688e-01
1.123567372560501099e-01
7.149803042411804199e-01
5.704207420349121094e-01
7.561670541763305664e-01
6.617888212203979492e-01
1.020310759544372559e+00
6.917573809623718262e-01
7.350383996963500977e-01
7.326929569244384766e-01
7.245027422904968262e-01
8.642075061798095703e-01
8.246731162071228027e-01
3.751398324966430664e-01
6.275691390037536621e-01
6.150229573249816895e-01
6.879648566246032715e-01
1.028581023216247559e+00
7.815767526626586914e-01
7.634541392326354980e-01
6.603377461433410645e-01
1.030581951141357422e+00
8.291980028152465820e-01
8.332903385162353516e-01
8.431756496429443359e-01
5.209624171257019043e-01
7.517731189727783203e-01
7.880851626396179199e-01
9.456231594085693359e-01
8.002442717552185059e-01
8.942411541938781738e-01
6.839702725410461426e-01
6.739071607589721680e-01
8.159902095794677734e-01
8.684831261634826660e-01
5.419374108314514160e-01
6.323347091674804688e-01
6.864686608314514160e-01
7.174878120422363281e-01
8.318159580230712891e-01
5.946235656738281250e-01
8.747386932373046875e-01
7.281067967414855957e-01
7.496941685676574707e-01
8.598325252532958984e-01
6.210694313049316406e-01
5.785834193229675293e-01
7.165316939353942871e-01
7.155866026878356934e-01
5.720503330230712891e-01
6.215930581092834473e-01
8.880366683006286621e-01
5.726819634437561035e-01
4.857950210571289062e-01
4.058113396167755127e-01
8.356735110282897949e-01
6.323471069335937500e-01
8.393011093139648438e-01
9.395467638969421387e-01
7.445361018180847168e-01
7.068225145339965820e-01
8.543418645858764648e-01
6.566351056098937988e-01
1.118684768676757812e+00
8.945243954658508301e-01
6.984404921531677246e-01
7.284066081047058105e-01
7.022972106933593750e-01
8.735907077789306641e-01
8.499452471733093262e-01
8.469514250755310059e-01
7.557014822959899902e-01
6.784591674804687500e-01
7.660223245620727539e-01
6.444666981697082520e-01
9.541854262351989746e-01
8.230443596839904785e-01
8.256357908248901367e-01
7.250899672508239746e-01
6.817057132720947266e-01
8.045052289962768555e-01
8.016379475593566895e-01
6.794288754463195801e-01
7.459104061126708984e-01
6.857243776321411133e-01
6.879863739013671875e-01
8.710842132568359375e-01
5.279715657234191895e-01
6.270800828933715820e-01
8.259022831916809082e-01
6.676796674728393555e-01
7.000738382339477539e-01
7.060966491699218750e-01
2.645271420478820801e-01
6.287891268730163574e-01
7.309575676918029785e-01
6.045448184013366699e-01
6.732596158981323242e-01
9.799305796623229980e-01
8.567847013473510742e-01
8.773767948150634766e-01
6.960560679435729980e-01
6.830829977989196777e-01
6.408324837684631348e-01
8.334037661552429199e-01
1.005705118179321289e+00
6.094596982002258301e-01
6.298713684082031250e-01
6.847060918807983398e-01
7.452728748321533203e-01
7.450594902038574219e-01
5.668182373046875000e-01
5.693021416664123535e-01
7.548930048942565918e-01
8.961971998214721680e-01
6.285856962203979492e-01
8.551706671714782715e-01
7.365154027938842773e-01
6.867169737815856934e-01
6.728224754333496094e-01
7.498744726181030273e-01
6.025161147117614746e-01
6.670344471931457520e-01
5.523978471755981445e-01
5.424327850341796875e-01
3.293427526950836182e-01
5.068305134773254395e-01
6.332243680953979492e-01
1.487915217876434326e-01
9.304972887039184570e-01
8.102461695671081543e-01
6.995283365249633789e-01
4.656721055507659912e-01
9.538522958755493164e-01
5.853903293609619141e-01
5.095019936561584473e-01
6.178799271583557129e-01
6.222167611122131348e-01
6.725937724113464355e-01
9.296964406967163086e-01
5.978278517723083496e-01
7.807554006576538086e-01
5.806687474250793457e-01
8.246490359306335449e-01
8.136361241340637207e-01
8.426750898361206055e-01
8.211074471473693848e-01
6.889510154724121094e-01
5.406074523925781250e-01
6.128911972045898438e-01
6.118319630622863770e-01
9.134091138839721680e-01
7.974138259887695312e-01
7.541735768318176270e-01
1.016577124595642090e+00
6.512025594711303711e-01
1.078496575355529785e+00
7.902317047119140625e-01
6.675056219100952148e-01
8.125714659690856934e-01
7.985965013504028320e-01
5.960513353347778320e-01
6.942178606986999512e-01
7.681565284729003906e-01
6.162979602813720703e-01
7.745007872581481934e-01
8.730266094207763672e-01
6.435471177101135254e-01
7.978221774101257324e-01
8.513405919075012207e-01
8.302189111709594727e-01
7.766785025596618652e-01
7.852728366851806641e-01
7.155011296272277832e-01
5.282871127128601074e-01
5.881069898605346680e-01
4.483299851417541504e-01
7.797571420669555664e-01
5.859642624855041504e-01
7.974677085876464844e-01
8.118267059326171875e-01
1.004768133163452148e+00
6.773370504379272461e-01
1.057184696197509766e+00
5.238881707191467285e-01
6.371505260467529297e-01
7.027526497840881348e-01
8.437909483909606934e-01
8.035749197006225586e-01
7.764599323272705078e-01
8.539351224899291992e-01
1.926472336053848267e-01
7.171357274055480957e-01
8.119922876358032227e-01
7.078959941864013672e-01
6.662171483039855957e-01
8.247191309928894043e-01
6.878164410591125488e-01
5.250863432884216309e-01
4.894519448280334473e-01
7.391728162765502930e-01
7.759963274002075195e-01
6.163904666900634766e-01
7.196822166442871094e-01
8.753559589385986328e-01
5.518237352371215820e-01
6.100112795829772949e-01
8.029953837394714355e-01
5.566652417182922363e-01
8.143973946571350098e-01
7.205746769905090332e-01
7.510640025138854980e-01
6.801638007164001465e-01
7.770252227783203125e-01
7.265571355819702148e-01
7.662601470947265625e-01
6.809697747230529785e-01
7.918557524681091309e-01
7.212728857994079590e-01
7.125037908554077148e-01
9.281345009803771973e-01
6.237602233886718750e-01
6.840125322341918945e-01
8.266884088516235352e-01
7.705997824668884277e-01
8.469191789627075195e-01
7.796790003776550293e-01
6.064686775207519531e-01
6.750337481498718262e-01
6.623401641845703125e-01
8.035832047462463379e-01
6.560018062591552734e-01
6.891903877258300781e-01
7.085497975349426270e-01
8.225341439247131348e-01
7.294638752937316895e-01
8.818895816802978516e-01
6.503852009773254395e-01
8.982985019683837891e-01
7.148078680038452148e-01
7.867463827133178711e-01
4.993951022624969482e-01
5.709406733512878418e-01
9.373804926872253418e-01
7.369747161865234375e-01
6.229081749916076660e-01
7.948483824729919434e-01
1.030176162719726562e+00
7.780008912086486816e-01
9.669716954231262207e-01
6.340806484222412109e-01
5.611951351165771484e-01
7.440079450607299805e-01
9.184083938598632812e-01
8.745102882385253906e-01
6.711478233337402344e-01
7.175983190536499023e-01
8.738561868667602539e-01
8.192749619483947754e-01
7.370643615722656250e-01
8.386475443840026855e-01
7.023448348045349121e-01
8.791072368621826172e-01
7.240205407142639160e-01
6.670206785202026367e-01
6.595206856727600098e-01
8.678014278411865234e-01
7.527324557304382324e-01
5.734254717826843262e-01
8.930710554122924805e-01
6.577439308166503906e-01
1.011035561561584473e+00
7.426493167877197266e-01
6.913884878158569336e-01
6.948478221893310547e-01
7.054300904273986816e-01
8.506709337234497070e-01
5.853618383407592773e-01
6.068769693374633789e-01
5.842593908309936523e-01
6.243892312049865723e-01
8.067590594291687012e-01
8.282397985458374023e-01
8.917471766471862793e-01
8.412361145019531250e-01
6.871349215507507324e-01
7.596873044967651367e-01
9.373466372489929199e-01
6.413316726684570312e-01
6.889209747314453125e-01
8.019143939018249512e-01
5.128803253173828125e-01
8.307957053184509277e-01
6.523221731185913086e-01
1.001649379730224609e+00
7.691431641578674316e-01
5.483708977699279785e-01
9.029572010040283203e-01
6.036145091056823730e-01
1.007259368896484375e+00
6.634297966957092285e-01
8.660289645195007324e-01
6.749504804611206055e-01
4.959420859813690186e-01
7.081336975097656250e-01
8.661127686500549316e-01
7.831170558929443359e-01
5.645335316658020020e-01
6.680777668952941895e-01
6.403332352638244629e-01
6.907416582107543945e-01
7.089133858680725098e-01
7.375245094299316406e-01
9.382031559944152832e-01
7.757781147956848145e-01
6.926523447036743164e-01
5.784261822700500488e-01
7.106503844261169434e-01
7.697041630744934082e-01
5.406938791275024414e-01
6.868405938148498535e-01
7.463630437850952148e-01
5.562381744384765625e-01
8.710753917694091797e-01
8.304972052574157715e-01
5.513529777526855469e-01
7.264823913574218750e-01
6.606801748275756836e-01
5.899623036384582520e-01
7.354241013526916504e-01
5.710203051567077637e-01
7.968904376029968262e-01
8.190330862998962402e-01
1.180692195892333984e+00
6.883368492126464844e-01
5.887255072593688965e-01
8.104408979415893555e-01
5.170646309852600098e-01
7.541524171829223633e-01
7.004776597023010254e-01
8.020855784416198730e-01
5.260044932365417480e-01
9.275318384170532227e-01
2.146850079298019409e-01
4.144647717475891113e-01
5.607618689537048340e-01
7.018820643424987793e-01
7.251934409141540527e-01
7.576986551284790039e-01
6.119360923767089844e-01
5.074988603591918945e-01
8.613180518150329590e-01
5.078844428062438965e-01
6.297305822372436523e-01
6.568435430526733398e-01
6.683155894279479980e-01
8.634720444679260254e-01
6.554882526397705078e-01
5.782074332237243652e-01
7.184787392616271973e-01
7.827059030532836914e-01
7.470079660415649414e-01
7.160756587982177734e-01
8.748362064361572266e-01
1.071681022644042969e+00
7.099582552909851074e-01
6.881071925163269043e-01
4.603242874145507812e-01
6.402044296264648438e-01
6.356332898139953613e-01
8.759955167770385742e-01
2.958015501499176025e-01
9.802188873291015625e-01
1.011916995048522949e+00
7.181465625762939453e-01
6.792291402816772461e-01
7.578533291816711426e-01
6.259377002716064453e-01
9.794179797172546387e-01
5.729618072509765625e-01
4.299736917018890381e-01
6.549700498580932617e-01
6.180812120437622070e-01
3.373245894908905029e-01
7.568866610527038574e-01
7.083828449249267578e-01
7.210590839385986328e-01
5.806977152824401855e-01
1.021414279937744141e+00
6.421421170234680176e-01
6.194236278533935547e-01
6.319836378097534180e-01
6.460104584693908691e-01
8.729194402694702148e-01
8.283527493476867676e-01
6.770409345626831055e-01
6.303212046623229980e-01
5.011406540870666504e-01
6.233817934989929199e-01
5.885648131370544434e-01
6.496009230613708496e-01
7.357152104377746582e-01
8.452573418617248535e-01
8.565142154693603516e-01
3.816820383071899414e-01
6.685366034507751465e-01
7.408001422882080078e-01
7.543904781341552734e-01
7.183970212936401367e-01
7.845529913902282715e-01
6.542420983314514160e-01
6.605329513549804688e-01
7.008506655693054199e-01
8.212011456489562988e-01
6.150236725807189941e-01
7.914603352546691895e-01
5.288482904434204102e-01
9.312981367111206055e-01
6.437591314315795898e-01
7.892543077468872070e-01
9.032149910926818848e-01
6.243251562118530273e-01
7.049072980880737305e-01
6.486377120018005371e-01
7.116917371749877930e-01
6.931058168411254883e-01
6.430197358131408691e-01
8.369345068931579590e-01
6.119744777679443359e-01
6.327992081642150879e-01
6.984364986419677734e-01
5.299328565597534180e-01
1.051530361175537109e+00
8.009538650512695312e-01
1.237470746040344238e+00
7.708311080932617188e-01
7.975909113883972168e-01
7.307931184768676758e-01
7.646861076354980469e-01
7.813361287117004395e-01
8.079240918159484863e-01
6.708987951278686523e-01
8.503419756889343262e-01
7.308288812637329102e-01
8.767207264900207520e-01
6.950367689132690430e-01
7.544451355934143066e-01
6.897240281105041504e-01
4.196383655071258545e-01
6.718064546585083008e-01
6.199271082878112793e-01
7.539492845535278320e-01
7.637760639190673828e-01
6.567007899284362793e-01
8.791204094886779785e-01
5.635129213333129883e-01
7.581037282943725586e-01
5.629040598869323730e-01
5.111119747161865234e-01
7.441279888153076172e-01
9.845159649848937988e-01
9.594538807868957520e-01
6.024991869926452637e-01
6.263217926025390625e-01
5.848359465599060059e-01
8.046194314956665039e-01
8.688880801200866699e-01
6.420364975929260254e-01
7.192870378494262695e-01
8.291546106338500977e-01
8.326177597045898438e-01
8.911205530166625977e-01
7.071831226348876953e-01
6.541594862937927246e-01
9.636275768280029297e-01
8.405085802078247070e-01
5.520088672637939453e-01
7.893959283828735352e-01
6.917318105697631836e-01
7.207248210906982422e-01
6.005328297615051270e-01
8.326696157455444336e-01
8.327279090881347656e-01
7.596507072448730469e-01
7.806454300880432129e-01
6.125697493553161621e-01
6.517005562782287598e-01
7.324647903442382812e-01
5.218020677566528320e-01
8.801648020744323730e-01
5.876203775405883789e-01
6.991792321205139160e-01
7.007242441177368164e-01
6.437038183212280273e-01
8.988913297653198242e-01
9.736847877502441406e-01
7.592371702194213867e-01
6.561730504035949707e-01
6.140689253807067871e-01
8.789902329444885254e-01
8.160367012023925781e-01
6.081027388572692871e-01
7.374968528747558594e-01
7.642228007316589355e-01
7.093355059623718262e-01
7.946870326995849609e-01
7.606841325759887695e-01
8.118916153907775879e-01
8.328080773353576660e-01
6.622171998023986816e-01
1.142743587493896484e+00
7.051149606704711914e-01
7.017176151275634766e-01
6.977638006210327148e-01
7.502111792564392090e-01
6.632272005081176758e-01
6.467441320419311523e-01
6.431490778923034668e-01
8.213791251182556152e-01
8.312391042709350586e-01
6.674626469612121582e-01
5.830793380737304688e-01
1.535168737173080444e-01
7.626846432685852051e-01
8.934640884399414062e-01
6.721687316894531250e-01
4.653870165348052979e-01
7.156037688255310059e-01
5.255032777786254883e-01
6.277157664299011230e-01
1.096041321754455566e+00
6.936633586883544922e-01
5.878767371177673340e-01
8.054804205894470215e-01
7.551695704460144043e-01
9.181544184684753418e-01
5.612033009529113770e-01
5.938474535942077637e-01
1.059484362602233887e+00
5.768422484397888184e-01
1.001280665397644043e+00
7.418009042739868164e-01
6.024093031883239746e-01
1.061875224113464355e+00
8.583709597587585449e-01
5.624751448631286621e-01
6.348920464515686035e-01
6.680271029472351074e-01
7.125114798545837402e-01
8.634294271469116211e-01
7.003367543220520020e-01
5.738770365715026855e-01
6.962618827819824219e-01
7.828629612922668457e-01
8.259984850883483887e-01
6.630278229713439941e-01
8.078664541244506836e-01
6.781662106513977051e-01
7.318660616874694824e-01
4.968008100986480713e-01
7.408346533775329590e-01
7.865928411483764648e-01
9.202504158020019531e-01
4.775661826133728027e-01
1.042162060737609863e+00
6.629200577735900879e-01
9.228882193565368652e-01
4.568873941898345947e-01
6.507724523544311523e-01
2.745809555053710938e-01
9.476400613784790039e-01
5.079113841056823730e-01
5.874810218811035156e-01
7.484000325202941895e-01
7.985121011734008789e-01
7.042673826217651367e-01
7.292285561561584473e-01
6.525430083274841309e-01
6.579057574272155762e-01
7.397369146347045898e-01
7.124017477035522461e-01
9.114907979965209961e-01
8.910743594169616699e-01
7.961044311523437500e-01
7.429710626602172852e-01
7.939089536666870117e-01
7.079603672027587891e-01
7.986993789672851562e-01
7.141123414039611816e-01
8.088334798812866211e-01
5.517813563346862793e-01
6.517213582992553711e-01
8.527386188507080078e-01
6.728568077087402344e-01
8.004537224769592285e-01
8.123644590377807617e-01
6.954868435859680176e-01
6.371815204620361328e-01
7.238442897796630859e-01
7.331830263137817383e-01
7.639057040214538574e-01
5.812085866928100586e-01
7.482015490531921387e-01
8.878682255744934082e-01
6.526700258255004883e-01
7.646368145942687988e-01
8.460178971290588379e-01
6.695922017097473145e-01
6.257753968238830566e-01
7.584693431854248047e-01
6.551887989044189453e-01
5.984570980072021484e-01
5.846159458160400391e-01
8.649438023567199707e-01
7.359407544136047363e-01
8.236942291259765625e-01
1.206987977027893066e+00
6.479786038398742676e-01
6.947491168975830078e-01
4.046348929405212402e-01
6.100051999092102051e-01
6.338806152343750000e-01
4.851563870906829834e-01
6.530087590217590332e-01
6.196663379669189453e-01
4.942086338996887207e-01
8.633974194526672363e-01
6.558903455734252930e-01
8.424781560897827148e-01
9.228512048721313477e-01
8.247349858283996582e-01
8.125896453857421875e-01
1.091667413711547852e+00
8.727568984031677246e-01
7.329921722412109375e-01
7.080145478248596191e-01
8.073815703392028809e-01
4.567786455154418945e-01
7.715220451354980469e-01
6.495703458786010742e-01
6.908662319183349609e-01
4.422063529491424561e-01
5.898331999778747559e-01
5.842139720916748047e-01
6.694070696830749512e-01
6.608861088752746582e-01
7.698907852172851562e-01
6.141799688339233398e-01
7.679052352905273438e-01
7.284137606620788574e-01
1.854978948831558228e-01
9.469998478889465332e-01
5.134309530258178711e-01
6.839688420295715332e-01
7.517598271369934082e-01
1.095968008041381836e+00
7.627189159393310547e-01
5.944776535034179688e-01
8.664909005165100098e-01
7.392815947532653809e-01
7.850832343101501465e-01
5.937770605087280273e-01
7.489336729049682617e-01
6.900063753128051758e-01
9.856244921684265137e-01
5.476714372634887695e-01
6.964949965476989746e-01
6.018665432929992676e-01
7.840899229049682617e-01
8.288776874542236328e-01
6.693701148033142090e-01
9.555383920669555664e-01
7.563851475715637207e-01
8.128065466880798340e-01
9.223186969757080078e-01
8.325295448303222656e-01
7.502202987670898438e-01
7.114211320877075195e-01
9.457914829254150391e-01
9.968152046203613281e-01
8.346696496009826660e-01
9.245403409004211426e-01
4.917674362659454346e-01
7.092649340629577637e-01
8.642529845237731934e-01
7.710119485855102539e-01
8.707865476608276367e-01
6.084804534912109375e-01
5.449804663658142090e-01
5.175366401672363281e-01
7.305671572685241699e-01
5.402372479438781738e-01
8.195285797119140625e-01
8.281424045562744141e-01
6.868541836738586426e-01
7.643102407455444336e-01
9.877714514732360840e-01
5.768013000488281250e-01
8.790449500083923340e-01
5.816631317138671875e-01
9.119570255279541016e-01
6.943249106407165527e-01
6.940623521804809570e-01
5.552882552146911621e-01
7.774248719215393066e-01
7.171921133995056152e-01
4.550793170928955078e-01
6.869246959686279297e-01
7.711129784584045410e-01
7.843617796897888184e-01
5.185849070549011230e-01
7.337584495544433594e-01
5.288769602775573730e-01
6.576682329177856445e-01
5.720723867416381836e-01
7.512781023979187012e-01
8.184775710105895996e-01
8.005400896072387695e-01
1.147045016288757324e+00
6.689711809158325195e-01
6.034134626388549805e-01
9.273440837860107422e-01
8.490048050880432129e-01
6.283982396125793457e-01
7.239088416099548340e-01
8.979466557502746582e-01
6.130011081695556641e-01
6.107243895530700684e-01
5.873562097549438477e-01
6.752632260322570801e-01
6.627980470657348633e-01
6.061708927154541016e-01
7.421288490295410156e-01
6.919666528701782227e-01
6.897687911987304688e-01
9.458885788917541504e-01
6.008760929107666016e-01
8.186897635459899902e-01
4.055145382881164551e-01
7.710502147674560547e-01
8.532734513282775879e-01
6.918899416923522949e-01
7.737137675285339355e-01
7.885657548904418945e-01
4.950537681579589844e-01
8.926141262054443359e-01
6.841721534729003906e-01
6.656613349914550781e-01
6.110891699790954590e-01
7.000471353530883789e-01
9.469894170761108398e-01
6.837024688720703125e-01
6.986255645751953125e-01
4.833369255065917969e-01
7.762610912322998047e-01
4.081125557422637939e-01
3.462574779987335205e-01
5.323042869567871094e-01
6.471888422966003418e-01
5.432044267654418945e-01
5.583480596542358398e-01
9.250367283821105957e-01
9.354410767555236816e-01
5.829265117645263672e-01
6.992902159690856934e-01
8.202312588691711426e-01
6.720902323722839355e-01
1.000937342643737793e+00
5.437312126159667969e-01
6.717351078987121582e-01
6.019831895828247070e-01
4.855202734470367432e-01
6.843824386596679688e-01
9.443526864051818848e-01
6.346341967582702637e-01
5.470992922782897949e-01
4.502046704292297363e-01
7.783698439598083496e-01
8.369141221046447754e-01
6.049623489379882812e-01
5.935968756675720215e-01
5.831900835037231445e-01
5.582861304283142090e-01
1.837491542100906372e-01
7.896042466163635254e-01
6.074007153511047363e-01
8.758319616317749023e-01
6.362714171409606934e-01
8.779090642929077148e-01
2.319019138813018799e-01
8.503655195236206055e-01
9.359536170959472656e-01
6.786645054817199707e-01
4.462681710720062256e-01
7.351680994033813477e-01
5.992723703384399414e-01
6.337150335311889648e-01
6.858798861503601074e-01
7.289265394210815430e-01
6.486146450042724609e-01
5.957067012786865234e-01
5.200108885765075684e-01
9.220963716506958008e-01
6.796098351478576660e-01
1.005296826362609863e+00
6.712555289268493652e-01
6.414120197296142578e-01
7.169700264930725098e-01
6.227065324783325195e-01
5.089157819747924805e-01
6.617270112037658691e-01
7.073717713356018066e-01
6.919587850570678711e-01
7.215005755424499512e-01
4.218975603580474854e-01
6.745435595512390137e-01
6.658430695533752441e-01
5.840867161750793457e-01
8.661698698997497559e-01
6.228544712066650391e-01
7.041454911231994629e-01
6.234683394432067871e-01
6.914067268371582031e-01
6.282571554183959961e-01
6.547900438308715820e-01
8.515859246253967285e-01
7.775845527648925781e-01
7.355708479881286621e-01
7.465745210647583008e-01
7.309167385101318359e-01
5.649989843368530273e-01
7.394818663597106934e-01
7.878416776657104492e-01
8.874632716178894043e-01
6.984986066818237305e-01
4.370230734348297119e-01
1.034204244613647461e+00
5.789194703102111816e-01
6.625727415084838867e-01
8.918139338493347168e-01
5.619958043098449707e-01
7.229054570198059082e-01
6.865462064743041992e-01
3.975320756435394287e-01
6.526651382446289062e-01
7.758672237396240234e-01
6.894419193267822266e-01
2.461893111467361450e-01
6.567461490631103516e-01
1.162138462066650391e+00
1.235724091529846191e+00
6.186506748199462891e-01
6.507208347320556641e-01
4.396401941776275635e-01
8.202988505363464355e-01
6.445409059524536133e-01
4.623778164386749268e-01
7.842579483985900879e-01
5.959097743034362793e-01
6.604752540588378906e-01
8.626582622528076172e-01
7.726955413818359375e-01
8.937322497367858887e-01
5.817660689353942871e-01
8.785331845283508301e-01
7.627158761024475098e-01
6.087620258331298828e-01
9.915369749069213867e-01
5.807464122772216797e-01
8.868491053581237793e-01
7.099228501319885254e-01
8.256174921989440918e-01
8.024428486824035645e-01
6.277164220809936523e-01
8.372812867164611816e-01
2.384923398494720459e-01
7.680472135543823242e-01
5.615612864494323730e-01
7.822141051292419434e-01
5.633585453033447266e-01
