-3.273657336831092834e-02
-2.128678187727928162e-02
-6.024972070008516312e-03
5.346370488405227661e-02
6.417235732078552246e-02
-8.983767656900454313e-06
-8.142756670713424683e-02
8.786899968981742859e-03
1.588970124721527100e-01
-2.450551278889179230e-02
-3.740540146827697754e-02
-1.166607961058616638e-01
-8.622139692306518555e-02
-1.058585792779922485e-01
-5.685937594535062090e-06
-1.054358929395675659e-01
1.259093284606933594e-01
8.083112537860870361e-02
-3.422067686915397644e-02
9.896240197122097015e-03
4.490496590733528137e-03
-1.627875305712223053e-02
-8.877100050449371338e-02
-6.037556659066467546e-07
6.200625561177730560e-03
-7.005587220191955566e-02
-5.864287167787551880e-02
-1.923206821084022522e-02
1.471692485210951418e-05
-6.127403303980827332e-02
4.395021870732307434e-02
-2.312960922718048096e-01
1.222168281674385071e-02
-1.746074706315994263e-01
8.040003478527069092e-02
-3.514430718496441841e-03
-1.686220169067382812e-01
-7.286645704880356789e-04
-6.044651381671428680e-03
-6.545947492122650146e-02
-2.617648802697658539e-02
-8.108143694698810577e-03
-1.176519393920898438e-01
-1.073136776685714722e-01
9.394180774688720703e-02
-4.775924980640411377e-02
3.360063731670379639e-01
-8.051727898418903351e-03
5.544934421777725220e-02
4.412251710891723633e-02
4.826865345239639282e-02
1.029747189022600651e-03
2.721518091857433319e-02
-1.730071902275085449e-01
-6.281714141368865967e-02
2.377386763691902161e-02
-1.988565362989902496e-02
-3.042149543762207031e-02
-1.867050677537918091e-01
3.608271981647703797e-06
1.485838145017623901e-01
4.269644618034362793e-02
3.120322525501251221e-02
3.071922659873962402e-01
6.100606545805931091e-02
-1.366923563182353973e-02
-2.665520459413528442e-02
-8.983226865530014038e-02
1.011900349112693220e-05
-9.501403197646141052e-03
-4.655046761035919189e-02
-5.279636383056640625e-02
-1.424570679664611816e-01
-5.131075158715248108e-02
-4.043351113796234131e-02
-4.337919652462005615e-01
-2.246250957250595093e-02
-5.343301221728324890e-02
-7.351527363061904907e-02
2.209232933819293976e-02
8.890356123447418213e-02
6.086780875921249390e-02
-4.792328178882598877e-02
3.536175191402435303e-02
-1.095117628574371338e-01
-9.746933728456497192e-02
-6.687095016241073608e-02
-2.936979383230209351e-02
1.214620694518089294e-01
4.546601303445640951e-06
-8.822089512250386178e-06
1.793005689978599548e-02
-3.289195150136947632e-02
1.322083473205566406e-01
1.370920728049895843e-07
-6.723622232675552368e-02
1.747294962406158447e-01
1.850454509258270264e-01
2.641005218029022217e-01
1.847700178623199463e-01
1.112523302435874939e-01
-1.202803943306207657e-02
1.303411722183227539e-01
1.053018942475318909e-01
-5.175939202308654785e-02
-4.112612223252654076e-04
4.948972165584564209e-02
-9.434781223535537720e-02
5.010897666215896606e-02
2.971705980598926544e-03
-3.394409120082855225e-01
7.169060409069061279e-02
-2.417743417026940733e-06
-7.144437730312347412e-02
-6.649705022573471069e-02
1.284498423337936401e-01
1.237240880727767944e-01
-1.970290988683700562e-01
-1.246991306543350220e-01
-5.399488285183906555e-02
-8.627765625715255737e-02
-3.263511136174201965e-02
1.081134751439094543e-02
-5.934797693043947220e-03
-4.464932531118392944e-02
-1.272104829549789429e-01
-1.368802338838577271e-01
-9.394147992134094238e-02
-7.604966312646865845e-02
-6.700915843248367310e-02
-7.670320570468902588e-02
4.197484813630580902e-03
3.325806185603141785e-02
3.528999741320149042e-06
-1.735265552997589111e-01
-1.081376224756240845e-01
-7.621628791093826294e-02
-3.964443504810333252e-02
1.811671268114878330e-06
2.537582069635391235e-03
-5.721656978130340576e-02
-4.220025986433029175e-02
-3.046685270965099335e-02
-5.078017784398980439e-05
-1.884376257658004761e-02
-2.481749802827835083e-01
-2.429505065083503723e-02
-6.716702878475189209e-02
3.119129315018653870e-02
-1.073696017265319824e-01
5.039996281266212463e-02
-6.287135928869247437e-02
-2.191032841801643372e-02
5.753559162258170545e-05
5.420696735382080078e-02
-6.885968148708343506e-02
1.109591275453567505e-01
-3.592571147237322293e-06
8.450098335742950439e-02
6.295520812273025513e-02
9.285487979650497437e-02
-2.451546043157577515e-01
-2.812057547271251678e-02
1.325947977602481842e-02
-4.155286774039268494e-02
1.662180991843342781e-03
-4.690318182110786438e-02
-2.386200986802577972e-02
5.681667476892471313e-02
1.316396240144968033e-02
1.902156157029821770e-07
-7.104177772998809814e-02
-7.096444070339202881e-02
-2.786361612379550934e-02
-1.800521931727416813e-05
1.375989150255918503e-02
-1.511583924293518066e-01
-6.048549711704254150e-02
1.573017835617065430e-01
-6.531779468059539795e-02
1.308334469795227051e-01
-7.684595882892608643e-02
5.101487971842288971e-03
1.035340279340744019e-01
-4.427984729409217834e-02
-1.030191034078598022e-01
-4.206320227240212262e-06
-5.899764597415924072e-03
1.268056966364383698e-02
1.598875224590301514e-01
-1.363305598497390747e-01
2.618782408535480499e-02
1.354863028973340988e-02
-1.997170597314834595e-01
1.108470484614372253e-01
-8.086677640676498413e-02
2.568380530476588319e-08
-3.570560365915298462e-03
-6.137251481413841248e-02
2.216665297746658325e-01
3.367577392054954544e-06
1.245770487003028393e-03
7.170353550463914871e-03
-8.000534772872924805e-02
-9.097436759475385770e-07
-1.526303216814994812e-02
-3.187293931841850281e-02
-1.156806424260139465e-01
-1.787221878767013550e-01
-1.666804403066635132e-02
6.321376562118530273e-02
9.394881315529346466e-03
-2.586924731731414795e-01
-9.315962415712419897e-06
-1.593335904181003571e-02
4.298848658800125122e-02
-1.137572303414344788e-01
-1.215113326907157898e-01
-1.360293850302696228e-02
-5.587926879525184631e-02
4.409721121191978455e-03
-3.636414930224418640e-02
-2.343404759130862658e-07
-1.867913454771041870e-02
-1.426020264625549316e-02
-4.429116845130920410e-02
6.349103897809982300e-02
-6.345588713884353638e-02
8.547142148017883301e-02
-1.056802198290824890e-01
8.557926863431930542e-03
3.326366841793060303e-02
-7.824675738811492920e-02
-3.810762986540794373e-02
-1.236886362221412128e-07
7.531770318746566772e-02
-3.937086512451060116e-05
-8.407127857208251953e-02
-4.244314134120941162e-02
-1.662491559982299805e-01
-6.859611312393099070e-05
-2.147902101278305054e-01
6.251270323991775513e-02
-1.177055463194847107e-01
-1.326594874262809753e-02
-7.660068571567535400e-02
1.708612293004989624e-01
-3.742108494043350220e-02
-7.003213465213775635e-02
4.574997723102569580e-02
8.510554209351539612e-03
-2.182434648275375366e-01
-3.510730341076850891e-02
-9.070143103599548340e-02
-2.000823616981506348e-02
1.543229222297668457e-01
5.123648419976234436e-02
-3.664763644337654114e-02
6.291351467370986938e-02
-1.695858836174011230e-01
-5.020260065793991089e-02
8.531089127063751221e-02
-2.025906927883625031e-02
-2.554732859134674072e-01
1.634450070559978485e-02
-1.109580695629119873e-01
-3.493861481547355652e-02
-1.090947240591049194e-01
3.448345139622688293e-02
3.388687223196029663e-02
2.355405304115265608e-04
-4.861366376280784607e-02
2.102440959106388618e-07
4.959411174058914185e-02
-2.444444037973880768e-02
-1.377173960208892822e-01
-2.108445949852466583e-02
-2.701286599040031433e-02
-8.428900688886642456e-02
-2.792194299399852753e-02
-3.796844184398651123e-02
-7.090581208467483521e-02
3.224740549921989441e-02
1.280916482210159302e-01
-7.916846126317977905e-02
6.312403082847595215e-02
-2.681008726358413696e-02
4.443006590008735657e-02
-7.479462027549743652e-02
-5.433956906199455261e-02
4.948570579290390015e-02
-1.542685320600867271e-03
-1.320002041757106781e-02
5.809907987713813782e-02
-1.269516069442033768e-02
-3.007804602384567261e-02
2.214474789798259735e-02
1.227612483489792794e-05
1.148895099759101868e-01
2.269195829285308719e-04
2.555608376860618591e-02
-1.362156569957733154e-01
-4.200787469744682312e-02
-1.147525683045387268e-01
-2.111534327268600464e-01
-1.575457900762557983e-01
2.743517979979515076e-02
-7.705791294574737549e-02
5.246395990252494812e-02
1.507062464952468872e-01
-9.625159204006195068e-02
-2.936204737125081010e-06
-3.156688421768194530e-07
1.225159280693333130e-06
-4.324711486697196960e-02
6.275415420532226562e-02
-3.056586720049381256e-02
-1.836744546890258789e-01
-2.120913222825038247e-07
8.347877115011215210e-02
-5.243643373250961304e-02
8.071583509445190430e-02
6.706036627292633057e-02
-5.872879177331924438e-02
-7.985226064920425415e-02
1.256908319646754535e-07
-1.436130404472351074e-01
9.018493001349270344e-04
9.861219441518187523e-04
-3.345188498497009277e-02
-1.050826832652091980e-01
7.894838601350784302e-02
-2.234067096651415341e-06
-1.796825975179672241e-02
-1.302833259105682373e-01
-7.718168944120407104e-02
9.701275825500488281e-02
8.490978740155696869e-03
5.649035051465034485e-02
5.893143638968467712e-02
-8.736301958560943604e-02
1.218330934643745422e-01
-4.977016746997833252e-01
-3.690522629767656326e-03
7.103359699249267578e-02
-9.367651306092739105e-03
-5.775268618890549988e-08
-3.265194892883300781e-01
-3.216046839952468872e-02
1.613580584526062012e-01
-9.792371653020381927e-03
-1.361950207501649857e-02
-7.687521725893020630e-02
-2.303093858063220978e-02
-1.285610795021057129e-01
-1.160182356834411621e-01
4.394821822643280029e-02
-2.653239965438842773e-01
-7.253258489072322845e-03
7.741224020719528198e-03
-1.311533898115158081e-01
-1.589181125164031982e-01
-8.811213821172714233e-02
6.640320271253585815e-02
-1.233536313520744443e-04
8.688900619745254517e-03
-7.640218734741210938e-02
3.832113742828369141e-02
2.931249886751174927e-02
-1.254938691854476929e-01
1.830113887990592048e-06
-3.082699179649353027e-01
2.913118526339530945e-02
1.126547530293464661e-01
5.653319507837295532e-02
2.018790394067764282e-01
7.475633174180984497e-02
-6.435590237379074097e-02
-1.961754448711872101e-02
-7.037405669689178467e-02
3.886031359434127808e-02
-8.127424865961074829e-02
-2.373753786087036133e-01
1.210064440965652466e-01
-4.438987374305725098e-02
1.691931858658790588e-02
-4.026635724585503340e-05
7.209000736474990845e-02
-1.896908432245254517e-01
-1.440213173627853394e-01
2.765005081892013550e-02
-7.758282870054244995e-02
9.120143204927444458e-02
7.607553899288177490e-02
-8.628878742456436157e-02
1.972386799752712250e-02
-7.739678770303726196e-02
6.074912473559379578e-02
-5.900364369153976440e-02
-2.166929841041564941e-02
8.584158308622136246e-07
-3.909026458859443665e-02
3.514854237437248230e-02
-1.492523998022079468e-01
-6.936869025230407715e-02
-4.047634080052375793e-02
-3.495116531848907471e-02
-2.608155086636543274e-02
-6.290747318416833878e-03
2.137269802915398031e-06
-9.838359057903289795e-02
-1.614396125078201294e-01
-1.382538527250289917e-01
-1.892345977694276371e-07
3.501915559172630310e-02
-7.367586251348257065e-03
-4.739891737699508667e-02
2.783628180623054504e-02
-5.455132946372032166e-02
-7.418040931224822998e-02
2.080422081053256989e-02
-8.560326695442199707e-02
-2.155849337577819824e-02
-1.014032810926437378e-01
-7.029883563518524170e-02
-2.075634710490703583e-02
-9.842220833888859488e-07
-3.909416869282722473e-02
1.299935858696699142e-02
-1.008367389440536499e-01
-7.127819117158651352e-06
-8.165793865919113159e-02
-4.985221102833747864e-02
-2.511427510398789309e-06
1.229117736220359802e-01
-5.561340600252151489e-03
-1.194163411855697632e-02
-2.916731312870979309e-02
-3.681698814034461975e-02
-5.896410718560218811e-02
-4.156839847564697266e-02
-4.106108099222183228e-02
7.034929841756820679e-02
-9.917055815458297729e-02
1.856753230094909668e-02
-9.099598228931427002e-02
-1.137911453952256124e-06
1.925540156662464142e-02
-7.142152637243270874e-02
3.976043444708921015e-05
8.150836825370788574e-02
4.641771056412835605e-07
1.079202505138709967e-07
-2.449018321931362152e-02
-3.953491803258657455e-03
-1.786469831131398678e-03
-4.257999733090400696e-02
2.089481055736541748e-02
2.317003011703491211e-01
-3.280313014984130859e-01
3.848539432510733604e-03
-3.355463035404682159e-03
-4.857398569583892822e-02
-5.247597396373748779e-02
-8.266547322273254395e-02
-5.080954357981681824e-02
1.350868958979845047e-02
-2.062999726604175521e-08
-1.616494655609130859e-01
4.099744930863380432e-02
2.794858533889055252e-03
-3.398388996720314026e-02
4.670455311384102970e-08
1.663982123136520386e-01
-7.393632084131240845e-02
-8.449358493089675903e-02
-1.297902166843414307e-01
8.149717934429645538e-03
7.029366493225097656e-02
3.305773809552192688e-02
1.094165891408920288e-01
-1.650294214487075806e-01
1.865718662738800049e-01
-7.453318685293197632e-02
-1.321481019258499146e-01
1.024125739932060242e-01
-1.324318873230367899e-05
-9.750986844301223755e-02
-2.155734002590179443e-01
-2.827430665493011475e-01
5.999905616044998169e-02
9.032247215509414673e-02
-2.459783852100372314e-02
7.701579481363296509e-02
-1.757905185222625732e-01
-4.022626951336860657e-02
-5.172969400882720947e-02
7.758653908967971802e-02
1.197246191075862498e-10
-1.554661840200424194e-01
-4.453799128532409668e-02
-3.880025073885917664e-02
4.452197253704071045e-02
-1.255453098565340042e-02
1.876570284366607666e-02
-4.185879230499267578e-02
9.457528591156005859e-02
-9.754014760255813599e-02
7.225897908210754395e-02
-4.807119466931908391e-07
5.965265911072492599e-03
-2.420080304145812988e-01
