2.136872559785842896e-01
2.040276080369949341e-01
2.130302637815475464e-01
2.214246392250061035e-01
2.105844318866729736e-01
2.261148393154144287e-01
2.279483377933502197e-01
2.252083420753479004e-01
1.966794133186340332e-01
1.902304142713546753e-01
1.897210627794265747e-01
2.007360458374023438e-01
2.446786463260650635e-01
2.326098680496215820e-01
2.225788980722427368e-01
2.356329113245010376e-01
2.152085602283477783e-01
2.091942131519317627e-01
2.082667946815490723e-01
2.287122458219528198e-01
1.643775254487991333e-01
2.194756120443344116e-01
1.717602610588073730e-01
2.128649652004241943e-01
2.169263511896133423e-01
2.080593556165695190e-01
2.058377116918563843e-01
2.223174870014190674e-01
2.164859920740127563e-01
2.073685824871063232e-01
2.149835228919982910e-01
2.531831860542297363e-01
2.368877828121185303e-01
2.307265847921371460e-01
2.286743223667144775e-01
1.754924356937408447e-01
2.399898469448089600e-01
2.255460321903228760e-01
2.050774395465850830e-01
1.561345309019088745e-01
2.188932299613952637e-01
2.200165688991546631e-01
2.297244668006896973e-01
1.885319650173187256e-01
2.016459256410598755e-01
2.163615971803665161e-01
2.401489019393920898e-01
2.130967825651168823e-01
2.233385145664215088e-01
2.615712285041809082e-01
2.167007625102996826e-01
1.853861510753631592e-01
2.002496421337127686e-01
2.443317621946334839e-01
2.369436472654342651e-01
2.075755745172500610e-01
2.544402182102203369e-01
2.442557811737060547e-01
2.235064804553985596e-01
2.024446427822113037e-01
2.121164202690124512e-01
2.359586507081985474e-01
2.231947630643844604e-01
1.462894827127456665e-01
2.329808324575424194e-01
2.410839200019836426e-01
1.833713352680206299e-01
1.761608570814132690e-01
1.860074251890182495e-01
2.313794344663619995e-01
2.309094816446304321e-01
2.422907203435897827e-01
1.554495990276336670e-01
2.322810590267181396e-01
1.428601741790771484e-01
2.170148044824600220e-01
2.040563076734542847e-01
2.116099596023559570e-01
2.430959492921829224e-01
2.230402380228042603e-01
1.852177232503890991e-01
2.168227136135101318e-01
1.836001574993133545e-01
1.447337120771408081e-01
2.104056477546691895e-01
2.330768555402755737e-01
1.826729625463485718e-01
2.368440032005310059e-01
2.288059294223785400e-01
2.431668341159820557e-01
1.969376355409622192e-01
2.608913183212280273e-01
2.448697686195373535e-01
2.225832045078277588e-01
2.365649640560150146e-01
2.304057031869888306e-01
2.241628617048263550e-01
2.512388229370117188e-01
2.490063607692718506e-01
2.277727574110031128e-01
2.165338993072509766e-01
2.144485265016555786e-01
2.329096645116806030e-01
2.406005412340164185e-01
2.013139575719833374e-01
2.147841304540634155e-01
1.990249305963516235e-01
2.418735623359680176e-01
1.802050918340682983e-01
2.434979081153869629e-01
2.388011515140533447e-01
2.152465581893920898e-01
2.242721617221832275e-01
2.167912721633911133e-01
1.930617839097976685e-01
2.158709764480590820e-01
2.123142629861831665e-01
2.239224612712860107e-01
2.421131730079650879e-01
2.290345728397369385e-01
2.110533714294433594e-01
2.262061983346939087e-01
2.218684256076812744e-01
1.632028520107269287e-01
1.774009764194488525e-01
2.062968164682388306e-01
2.599232196807861328e-01
1.609326452016830444e-01
2.302750200033187866e-01
2.370618134737014771e-01
1.980307549238204956e-01
2.297283262014389038e-01
2.477820366621017456e-01
2.144108712673187256e-01
1.963921338319778442e-01
2.534255981445312500e-01
2.318462431430816650e-01
2.212269604206085205e-01
2.613085210323333740e-01
1.586228162050247192e-01
2.281117737293243408e-01
2.022126019001007080e-01
2.231208235025405884e-01
1.972395777702331543e-01
2.086749523878097534e-01
2.202445566654205322e-01
2.280155271291732788e-01
2.175494879484176636e-01
2.296704947948455811e-01
2.520032823085784912e-01
1.938410997390747070e-01
2.463417649269104004e-01
2.189243882894515991e-01
2.087754458189010620e-01
2.212929427623748779e-01
2.236407846212387085e-01
2.111717164516448975e-01
2.439449578523635864e-01
2.056727856397628784e-01
2.475749701261520386e-01
2.062794715166091919e-01
1.128426492214202881e-01
2.077592611312866211e-01
2.237633615732192993e-01
2.378034144639968872e-01
2.303293049335479736e-01
1.874457001686096191e-01
2.235645502805709839e-01
2.232531756162643433e-01
2.239153832197189331e-01
2.411994934082031250e-01
2.388090193271636963e-01
2.025217264890670776e-01
2.101300805807113647e-01
2.464530169963836670e-01
2.167125195264816284e-01
1.822251230478286743e-01
2.115662992000579834e-01
2.248382568359375000e-01
2.227796763181686401e-01
1.736726909875869751e-01
2.223224490880966187e-01
2.407229691743850708e-01
2.335239797830581665e-01
1.917790919542312622e-01
2.031688392162322998e-01
2.224314510822296143e-01
2.210190147161483765e-01
2.422822266817092896e-01
1.900600194931030273e-01
2.077231705188751221e-01
2.531919777393341064e-01
1.257861852645874023e-01
2.483404874801635742e-01
2.203828692436218262e-01
2.376965135335922241e-01
2.123883962631225586e-01
2.310344874858856201e-01
2.324109822511672974e-01
2.311012297868728638e-01
2.319595962762832642e-01
2.006007879972457886e-01
2.059982419013977051e-01
2.349938750267028809e-01
1.802257895469665527e-01
2.484298199415206909e-01
2.028251439332962036e-01
2.184460759162902832e-01
1.746468991041183472e-01
2.498153001070022583e-01
2.296029925346374512e-01
2.025900781154632568e-01
2.287271618843078613e-01
2.171631157398223877e-01
2.114796489477157593e-01
2.338901907205581665e-01
2.055523544549942017e-01
2.174376845359802246e-01
2.475744783878326416e-01
2.118732929229736328e-01
2.230398207902908325e-01
2.383663356304168701e-01
1.510406136512756348e-01
1.457732766866683960e-01
2.131052762269973755e-01
2.322858870029449463e-01
1.555044502019882202e-01
2.141603380441665649e-01
2.096067070960998535e-01
1.982578337192535400e-01
1.955197751522064209e-01
2.300812900066375732e-01
2.195767611265182495e-01
2.305985540151596069e-01
2.007836550474166870e-01
2.525556087493896484e-01
2.100362777709960938e-01
2.083277106285095215e-01
2.166793197393417358e-01
2.427522093057632446e-01
2.398014962673187256e-01
1.984475702047348022e-01
2.193521112203598022e-01
1.965435445308685303e-01
2.070992439985275269e-01
2.125866562128067017e-01
2.208173424005508423e-01
2.232300341129302979e-01
2.086317390203475952e-01
2.523638606071472168e-01
2.071014940738677979e-01
2.726159095764160156e-01
2.096518576145172119e-01
2.286579757928848267e-01
2.142826765775680542e-01
2.379110157489776611e-01
2.134460955858230591e-01
2.374375760555267334e-01
2.480735629796981812e-01
2.239383459091186523e-01
2.357428669929504395e-01
2.088636457920074463e-01
2.734126746654510498e-01
1.904651671648025513e-01
2.155746966600418091e-01
2.437546849250793457e-01
2.292716503143310547e-01
2.481542974710464478e-01
2.102283537387847900e-01
2.378617525100708008e-01
2.084838002920150757e-01
2.106351703405380249e-01
2.049719393253326416e-01
2.234905064105987549e-01
2.439782619476318359e-01
1.873366832733154297e-01
2.639274895191192627e-01
1.576380729675292969e-01
2.229815870523452759e-01
2.169799208641052246e-01
2.376978248357772827e-01
2.050702869892120361e-01
1.778896898031234741e-01
1.384319067001342773e-01
2.074066847562789917e-01
2.396670430898666382e-01
1.960003972053527832e-01
2.373165935277938843e-01
2.043971866369247437e-01
2.067118585109710693e-01
2.471371889114379883e-01
2.146142572164535522e-01
2.289615571498870850e-01
2.509693801403045654e-01
2.338027507066726685e-01
1.727906912565231323e-01
2.325252294540405273e-01
2.294571697711944580e-01
2.144951969385147095e-01
2.022818624973297119e-01
1.951103359460830688e-01
2.475049048662185669e-01
1.247976794838905334e-01
2.080289125442504883e-01
2.398352026939392090e-01
2.447393387556076050e-01
2.214736789464950562e-01
2.398782968521118164e-01
1.459146291017532349e-01
2.425466924905776978e-01
1.250553429126739502e-01
2.402146607637405396e-01
1.248615309596061707e-01
2.252410799264907837e-01
2.165645658969879150e-01
1.972698867321014404e-01
2.343423962593078613e-01
2.408367991447448730e-01
1.961489319801330566e-01
2.129578143358230591e-01
2.359407991170883179e-01
2.202127128839492798e-01
1.997583210468292236e-01
2.123866230249404907e-01
2.355495989322662354e-01
2.474169880151748657e-01
1.983763724565505981e-01
2.186749279499053955e-01
2.350908219814300537e-01
2.273153662681579590e-01
2.456856667995452881e-01
2.275458723306655884e-01
2.247916907072067261e-01
2.086339592933654785e-01
2.266313880681991577e-01
2.543791234493255615e-01
2.106724232435226440e-01
1.974429041147232056e-01
2.408523112535476685e-01
1.414174735546112061e-01
1.913213133811950684e-01
2.203474193811416626e-01
2.026800960302352905e-01
2.257910519838333130e-01
2.453576773405075073e-01
2.222324162721633911e-01
1.659929007291793823e-01
2.487845867872238159e-01
2.267685979604721069e-01
2.109032273292541504e-01
1.762766391038894653e-01
1.775872409343719482e-01
2.202712893486022949e-01
2.316786646842956543e-01
2.276112586259841919e-01
1.666652560234069824e-01
2.196524292230606079e-01
2.182469218969345093e-01
2.106610536575317383e-01
2.269009649753570557e-01
2.461655288934707642e-01
2.054721117019653320e-01
2.230882495641708374e-01
1.980420351028442383e-01
2.489690929651260376e-01
2.241837382316589355e-01
2.221577912569046021e-01
2.125699222087860107e-01
1.973743736743927002e-01
2.338530123233795166e-01
4.865254163742065430e-01
2.146178632974624634e-01
2.279311567544937134e-01
1.927386969327926636e-01
2.287125736474990845e-01
2.060014903545379639e-01
2.340760082006454468e-01
2.112778872251510620e-01
2.139585763216018677e-01
1.797456443309783936e-01
2.188171595335006714e-01
1.787379086017608643e-01
2.379864752292633057e-01
2.351865917444229126e-01
2.125793695449829102e-01
1.831947118043899536e-01
2.200894653797149658e-01
2.206437587738037109e-01
2.156556248664855957e-01
2.208303511142730713e-01
2.341220974922180176e-01
2.330050021409988403e-01
2.137037813663482666e-01
1.503222584724426270e-01
1.907825171947479248e-01
1.824559122323989868e-01
2.240110933780670166e-01
1.760417222976684570e-01
2.409407794475555420e-01
2.406349033117294312e-01
2.167187631130218506e-01
2.361135035753250122e-01
2.262077331542968750e-01
2.550646066665649414e-01
2.626857161521911621e-01
2.180131226778030396e-01
2.278025895357131958e-01
2.240130007266998291e-01
2.233100235462188721e-01
2.085053175687789917e-01
2.084506899118423462e-01
2.015151083469390869e-01
1.780647784471511841e-01
1.752862632274627686e-01
2.187509983777999878e-01
2.329443395137786865e-01
1.251313984394073486e-01
2.324005961418151855e-01
1.952397078275680542e-01
2.140860110521316528e-01
1.708672046661376953e-01
2.129510343074798584e-01
2.243950814008712769e-01
1.991440951824188232e-01
2.222404628992080688e-01
1.715885847806930542e-01
2.228665500879287720e-01
2.225367128849029541e-01
2.417358756065368652e-01
1.735401749610900879e-01
2.221108675003051758e-01
1.960987150669097900e-01
2.163500785827636719e-01
2.141000181436538696e-01
2.269625514745712280e-01
2.607711851596832275e-01
2.341376990079879761e-01
2.242542505264282227e-01
2.284689396619796753e-01
1.894443929195404053e-01
2.260463535785675049e-01
2.166147083044052124e-01
2.361182570457458496e-01
2.414312362670898438e-01
1.910185366868972778e-01
2.152567207813262939e-01
2.266435623168945312e-01
2.654144465923309326e-01
2.050141841173171997e-01
2.103428691625595093e-01
1.905111521482467651e-01
2.331321537494659424e-01
1.690442711114883423e-01
2.315528392791748047e-01
2.159589231014251709e-01
2.390037178993225098e-01
2.177456915378570557e-01
2.193999886512756348e-01
1.938454955816268921e-01
2.273969948291778564e-01
2.470177710056304932e-01
2.269577234983444214e-01
2.208848446607589722e-01
2.219699472188949585e-01
2.583478391170501709e-01
1.836036145687103271e-01
2.611247599124908447e-01
2.018261700868606567e-01
2.164633423089981079e-01
1.717364490032196045e-01
2.014640867710113525e-01
2.054857909679412842e-01
2.124159783124923706e-01
2.271327972412109375e-01
2.187885344028472900e-01
2.188196778297424316e-01
2.074034661054611206e-01
2.039595544338226318e-01
2.330362647771835327e-01
2.581378221511840820e-01
2.227604240179061890e-01
2.231256514787673950e-01
2.298181802034378052e-01
2.422198653221130371e-01
2.507117092609405518e-01
2.276042401790618896e-01
1.677582412958145142e-01
3.001036942005157471e-01
1.829230636358261108e-01
1.974788606166839600e-01
1.934640258550643921e-01
2.240879386663436890e-01
1.992575973272323608e-01
2.353349924087524414e-01
2.538031339645385742e-01
1.172068864107131958e-01
2.373794615268707275e-01
2.284868359565734863e-01
2.320153564214706421e-01
1.895298063755035400e-01
2.016753107309341431e-01
2.319055050611495972e-01
1.781178712844848633e-01
2.241211086511611938e-01
2.789462804794311523e-01
2.470778524875640869e-01
2.000311017036437988e-01
2.124348878860473633e-01
2.253639996051788330e-01
2.087246030569076538e-01
2.251551747322082520e-01
2.318268716335296631e-01
