2.453704923391342163e-02
2.251067198812961578e-02
3.315678983926773071e-02
2.627599425613880157e-02
1.700901426374912262e-02
3.264934197068214417e-02
2.601055800914764404e-02
3.771157190203666687e-02
2.227386832237243652e-02
3.545944392681121826e-02
2.365674264729022980e-02
2.231693826615810394e-02
3.262702375650405884e-02
2.809843234717845917e-02
2.539383620023727417e-02
2.437543123960494995e-02
3.370464220643043518e-02
3.406831249594688416e-02
2.772745303809642792e-02
1.761047355830669403e-02
3.447481244802474976e-02
3.897539153695106506e-02
2.745606750249862671e-02
3.565724566578865051e-02
2.708024345338344574e-02
3.089075721800327301e-02
3.679243102669715881e-02
2.140059508383274078e-02
4.096731916069984436e-02
2.055908553302288055e-02
4.556699842214584351e-02
3.900087624788284302e-02
2.998212911188602448e-02
2.041694894433021545e-02
4.493438079953193665e-02
3.452996164560317993e-02
2.098367176949977875e-02
2.183703705668449402e-02
2.840266376733779907e-02
2.724566496908664703e-02
4.094037413597106934e-02
5.169378966093063354e-02
1.572435535490512848e-02
6.100213900208473206e-02
2.164976298809051514e-02
3.063712269067764282e-02
3.934659063816070557e-02
4.331136494874954224e-02
2.492253668606281281e-02
1.919160783290863037e-02
2.572614327073097229e-02
4.275000095367431641e-02
2.524187602102756500e-02
3.273449465632438660e-02
2.598134055733680725e-02
2.189473994076251984e-02
3.346106037497520447e-02
3.159362450242042542e-02
2.867084555327892303e-02
3.967984020709991455e-02
2.938904426991939545e-02
3.288801014423370361e-02
2.397326380014419556e-02
2.693904936313629150e-02
3.299554437398910522e-02
1.734794862568378448e-02
2.248855121433734894e-02
2.641055919229984283e-02
2.859954722225666046e-02
2.879084460437297821e-02
3.270436823368072510e-02
3.413065522909164429e-02
2.072475850582122803e-02
3.827884048223495483e-02
2.537296153604984283e-02
3.877722471952438354e-02
2.590779587626457214e-02
2.056786045432090759e-02
5.878724902868270874e-02
2.363614924252033234e-02
1.789868623018264771e-02
2.230067178606987000e-02
1.703036203980445862e-02
2.435110136866569519e-02
2.425207570195198059e-02
2.964322455227375031e-02
2.086159586906433105e-02
3.310641273856163025e-02
3.433034941554069519e-02
2.193845249712467194e-02
3.005421347916126251e-02
3.351298719644546509e-02
2.713539265096187592e-02
2.534923702478408813e-02
4.393412172794342041e-02
2.355531416833400726e-02
1.748363859951496124e-02
2.980739064514636993e-02
3.470490127801895142e-02
1.812644861638545990e-02
3.359708189964294434e-02
1.689096540212631226e-02
5.411367118358612061e-02
2.877777442336082458e-02
2.387171611189842224e-02
2.068796381354331970e-02
2.091731876134872437e-02
2.615265734493732452e-02
5.076871439814567566e-02
3.606136888265609741e-02
2.619697526097297668e-02
2.688641846179962158e-02
3.412164375185966492e-02
2.241621911525726318e-02
2.431217394769191742e-02
2.763778343796730042e-02
7.141299545764923096e-02
2.495592087507247925e-02
5.899355933070182800e-02
2.646420337259769440e-02
4.150922596454620361e-02
4.583172872662544250e-02
2.274137362837791443e-02
4.259924963116645813e-02
4.173917323350906372e-02
2.176916226744651794e-02
2.045465447008609772e-02
3.514778614044189453e-02
3.539235517382621765e-02
2.157018519937992096e-02
4.046038910746574402e-02
3.694400563836097717e-02
1.944434829056262970e-02
3.671017661690711975e-02
2.376341447234153748e-02
1.910242252051830292e-02
2.573332935571670532e-02
4.677545279264450073e-02
2.078146301209926605e-02
3.538399562239646912e-02
4.540728777647018433e-02
2.436835877597332001e-02
3.196293860673904419e-02
2.772164717316627502e-02
2.257716096937656403e-02
1.810779236257076263e-02
3.444280847907066345e-02
1.998948864638805389e-02
2.812168560922145844e-02
2.304414287209510803e-02
2.237964980304241180e-02
1.746848784387111664e-02
3.365636616945266724e-02
3.194246813654899597e-02
3.093498758971691132e-02
3.022928908467292786e-02
1.874995045363903046e-02
3.787379711866378784e-02
2.040385641157627106e-02
3.186103701591491699e-02
2.672094479203224182e-02
1.792806014418601990e-02
2.988385036587715149e-02
2.670623920857906342e-02
3.578121215105056763e-02
1.898039318621158600e-02
1.876857690513134003e-02
4.444661736488342285e-02
3.848507627844810486e-02
2.729590982198715210e-02
3.015081956982612610e-02
2.697313949465751648e-02
2.688087336719036102e-02
2.305834926664829254e-02
3.655160963535308838e-02
3.202155604958534241e-02
2.821802347898483276e-02
8.427347987890243530e-02
2.891340665519237518e-02
2.805682271718978882e-02
2.618167549371719360e-02
4.226481541991233826e-02
2.276417985558509827e-02
1.834702678024768829e-02
4.578816145658493042e-02
3.033854998648166656e-02
2.868458442389965057e-02
2.262345328927040100e-02
2.651754207909107208e-02
3.044921346008777618e-02
2.919683605432510376e-02
3.728719428181648254e-02
3.047984093427658081e-02
2.386588230729103088e-02
2.133720740675926208e-02
3.397218510508537292e-02
2.914614230394363403e-02
2.102799154818058014e-02
3.599328920245170593e-02
3.412844240665435791e-02
2.637238427996635437e-02
3.802939876914024353e-02
2.253442630171775818e-02
3.832070901989936829e-02
5.614819750189781189e-02
2.628267556428909302e-02
1.794087886810302734e-02
1.626351289451122284e-02
3.411556035280227661e-02
3.141660243272781372e-02
3.820506855845451355e-02
2.232949621975421906e-02
1.964204758405685425e-02
3.228037059307098389e-02
3.219401091337203979e-02
5.364761874079704285e-02
5.232940614223480225e-02
1.944089867174625397e-02
2.006090432405471802e-02
4.374692589044570923e-02
3.365105390548706055e-02
3.166124597191810608e-02
2.148638851940631866e-02
4.826616495847702026e-02
2.558368630707263947e-02
2.392184361815452576e-02
2.815628051757812500e-02
4.298945516347885132e-02
1.734128035604953766e-02
2.413416281342506409e-02
2.515093050897121429e-02
2.317802608013153076e-02
2.381469681859016418e-02
3.491788730025291443e-02
3.995466232299804688e-02
2.076935954391956329e-02
2.603473886847496033e-02
2.628045715391635895e-02
3.005847707390785217e-02
2.451126277446746826e-02
2.424799464643001556e-02
2.478236891329288483e-02
1.850157044827938080e-02
3.525085747241973877e-02
2.830973267555236816e-02
3.882592916488647461e-02
3.127556666731834412e-02
2.290784940123558044e-02
3.771668300032615662e-02
2.645612321794033051e-02
3.175442665815353394e-02
3.136573731899261475e-02
2.681811898946762085e-02
2.523488737642765045e-02
2.400070242583751678e-02
2.975980937480926514e-02
