7.093461696058511734e-03
1.439944468438625336e-02
1.011025719344615936e-02
6.658961065113544464e-03
6.930671632289886475e-03
1.216084510087966919e-02
7.870869711041450500e-03
5.581054370850324631e-03
8.781753480434417725e-03
1.894342340528964996e-02
8.104973472654819489e-03
1.108024269342422485e-02
8.002458140254020691e-03
8.760238066315650940e-03
6.081461440771818161e-03
1.114492397755384445e-02
7.185448426753282547e-03
6.549551151692867279e-03
1.040932070463895798e-02
1.181846018880605698e-02
7.993175648152828217e-03
5.613921210169792175e-03
7.604065816849470139e-03
9.538825601339340210e-03
8.024362847208976746e-03
9.727013297379016876e-03
6.919348612427711487e-03
7.599879521876573563e-03
9.214650839567184448e-03
7.517404854297637939e-03
6.322882138192653656e-03
1.499922759830951691e-02
1.299878116697072983e-02
6.198430899530649185e-03
6.651141215115785599e-03
1.066600531339645386e-02
1.321247871965169907e-02
8.284203708171844482e-03
5.883467383682727814e-03
5.819236394017934799e-03
1.344964094460010529e-02
7.073967251926660538e-03
5.554265342652797699e-03
7.821336388587951660e-03
6.609697826206684113e-03
8.245740085840225220e-03
7.147409953176975250e-03
6.866071373224258423e-03
1.313490234315395355e-02
6.925457157194614410e-03
8.955124765634536743e-03
7.722109090536832809e-03
6.624658126384019852e-03
2.673917450010776520e-02
6.792585831135511398e-03
7.496253121644258499e-03
5.960238166153430939e-03
7.680600509047508240e-03
9.143266826868057251e-03
1.087515708059072495e-02
7.137733045965433121e-03
9.809627197682857513e-03
8.069309405982494354e-03
7.263130508363246918e-03
6.332484539598226547e-03
5.430198274552822113e-03
1.574056036770343781e-02
1.577213406562805176e-02
7.124608848243951797e-03
1.057134196162223816e-02
6.135236471891403198e-03
9.406558237969875336e-03
8.229772560298442841e-03
9.584494866430759430e-03
1.176842022687196732e-02
1.327001210302114487e-02
6.640612613409757614e-03
1.727041229605674744e-02
7.720177993178367615e-03
8.341773413121700287e-03
1.038228999823331833e-02
7.105634082108736038e-03
8.387116715312004089e-03
1.370209176093339920e-02
7.085051387548446655e-03
8.421584963798522949e-03
1.085679605603218079e-02
6.815073080360889435e-03
8.860649541020393372e-03
6.327621173113584518e-03
6.309601012617349625e-03
1.703898422420024872e-02
7.191507611423730850e-03
9.813924320042133331e-03
7.075451780110597610e-03
1.738559268414974213e-02
8.980234153568744659e-03
6.129167973995208740e-03
1.718884706497192383e-02
8.907412178814411163e-03
8.783221244812011719e-03
9.132341481745243073e-03
6.799017544835805893e-03
6.225728895515203476e-03
5.898399278521537781e-03
7.033665664494037628e-03
8.721687830984592438e-03
1.082001253962516785e-02
7.158508524298667908e-03
1.830400526523590088e-02
1.001031976193189621e-02
8.034168742597103119e-03
7.522176951169967651e-03
1.069210749119520187e-02
7.648278027772903442e-03
6.873300764709711075e-03
8.659787476062774658e-03
6.139575503766536713e-03
1.017794758081436157e-02
1.183257438242435455e-02
1.106945425271987915e-02
1.790010184049606323e-02
9.095943532884120941e-03
5.321992095559835434e-03
8.669253438711166382e-03
6.662570405751466751e-03
1.741857267916202545e-02
9.139439091086387634e-03
1.314971596002578735e-02
8.318839594721794128e-03
7.684732787311077118e-03
6.776432972401380539e-03
6.576792337000370026e-03
1.316474005579948425e-02
6.995646748691797256e-03
6.529096979647874832e-03
6.610378157347440720e-03
8.026465773582458496e-03
9.330950677394866943e-03
6.319269537925720215e-03
6.901591550558805466e-03
1.237004529684782028e-02
9.863831102848052979e-03
6.631992291659116745e-03
1.399075239896774292e-02
1.306092645972967148e-02
8.617921732366085052e-03
9.307038970291614532e-03
9.958967566490173340e-03
1.004402898252010345e-02
7.442563772201538086e-03
8.459090255200862885e-03
1.036038063466548920e-02
9.388032369315624237e-03
1.230984088033437729e-02
6.423803977668285370e-03
5.804189946502447128e-03
6.128104869276285172e-03
6.980717182159423828e-03
1.061953138560056686e-02
6.916547194123268127e-03
7.664216216653585434e-03
9.246033616364002228e-03
1.383778266608715057e-02
9.505666792392730713e-03
9.045590646564960480e-03
7.194499485194683075e-03
1.398326829075813293e-02
6.344965193420648575e-03
9.873728267848491669e-03
7.633905857801437378e-03
1.020442042499780655e-02
7.856544107198715210e-03
7.946993224322795868e-03
8.903040550649166107e-03
6.755715236067771912e-03
8.572832681238651276e-03
8.294261060655117035e-03
7.741400040686130524e-03
7.639717776328325272e-03
8.012257516384124756e-03
7.878459990024566650e-03
1.152700837701559067e-02
8.134954608976840973e-03
5.933030508458614349e-03
5.426928400993347168e-03
1.390130352228879929e-02
7.265042047947645187e-03
7.735547609627246857e-03
1.469024363905191422e-02
2.683215029537677765e-02
2.037761732935905457e-02
5.354496650397777557e-03
7.972334511578083038e-03
1.022717170417308807e-02
1.061354298144578934e-02
8.047540672123432159e-03
1.003118790686130524e-02
5.245856940746307373e-03
8.801596239209175110e-03
6.074587348848581314e-03
7.236810866743326187e-03
8.039271458983421326e-03
9.032288566231727600e-03
8.020803332328796387e-03
5.895306356251239777e-03
6.388993933796882629e-03
5.724055226892232895e-03
6.188614293932914734e-03
6.243005860596895218e-03
6.247174460440874100e-03
8.426658809185028076e-03
1.076551433652639389e-02
7.732045836746692657e-03
6.066737696528434753e-03
9.121446870267391205e-03
5.756387487053871155e-03
6.959089078009128571e-03
8.115262724459171295e-03
6.999750621616840363e-03
5.529973190277814865e-03
7.729780394583940506e-03
8.382373489439487457e-03
5.674114450812339783e-03
9.154526516795158386e-03
6.771818734705448151e-03
1.147137675434350967e-02
8.509227074682712555e-03
9.284714236855506897e-03
6.015648134052753448e-03
5.879301112145185471e-03
8.059995248913764954e-03
7.156306877732276917e-03
8.025295101106166840e-03
8.132827468216419220e-03
1.153863128274679184e-02
7.269816938787698746e-03
1.103348284959793091e-02
8.326298557221889496e-03
7.109811529517173767e-03
7.694829721003770828e-03
5.836385302245616913e-03
1.402847375720739365e-02
9.391611441969871521e-03
1.089263334870338440e-02
1.063333265483379364e-02
7.496758364140987396e-03
1.349640823900699615e-02
1.101079024374485016e-02
9.534852579236030579e-03
1.226007658988237381e-02
7.137708365917205811e-03
1.466737594455480576e-02
8.704950101673603058e-03
5.595226772129535675e-03
8.997444994747638702e-03
