2.213561832904815674e-01
1.721387356519699097e-01
2.175643742084503174e-01
1.959031522274017334e-01
1.742273718118667603e-01
2.177385687828063965e-01
1.804775744676589966e-01
2.150970846414566040e-01
1.562811583280563354e-01
1.343266069889068604e-01
1.278805285692214966e-01
1.864320486783981323e-01
1.403986811637878418e-01
1.346863657236099243e-01
2.264132499694824219e-01
2.030424922704696655e-01
2.184502184391021729e-01
1.453829258680343628e-01
1.637604981660842896e-01
2.063616216182708740e-01
1.385101079940795898e-01
1.763870120048522949e-01
1.670641005039215088e-01
1.951712369918823242e-01
2.158106267452239990e-01
1.879381537437438965e-01
1.612000316381454468e-01
1.774175316095352173e-01
1.354529261589050293e-01
2.028113007545471191e-01
1.215604841709136963e-01
2.156613022089004517e-01
2.119497656822204590e-01
1.581998616456985474e-01
1.621572375297546387e-01
2.311208248138427734e-01
1.989804208278656006e-01
1.646728664636611938e-01
1.606507748365402222e-01
1.608064174652099609e-01
2.214394807815551758e-01
1.908720135688781738e-01
1.610538959503173828e-01
2.305108606815338135e-01
1.726748645305633545e-01
1.898735612630844116e-01
1.829525381326675415e-01
2.176446914672851562e-01
1.987018287181854248e-01
1.904020309448242188e-01
1.905985176563262939e-01
2.066744118928909302e-01
2.097787261009216309e-01
1.184314191341400146e-01
2.160778492689132690e-01
1.448711454868316650e-01
2.168340831995010376e-01
1.576308906078338623e-01
1.103972420096397400e-01
2.229972034692764282e-01
2.038482576608657837e-01
2.066470533609390259e-01
1.992209851741790771e-01
1.961883753538131714e-01
1.972978264093399048e-01
1.898064613342285156e-01
1.507054120302200317e-01
1.286596655845642090e-01
1.824349910020828247e-01
2.101649791002273560e-01
1.911244690418243408e-01
1.703474223613739014e-01
1.391104757785797119e-01
1.661086678504943848e-01
1.217803806066513062e-01
2.001419663429260254e-01
2.231165021657943726e-01
1.789959222078323364e-01
1.083214730024337769e-01
1.759788691997528076e-01
2.181164473295211792e-01
1.710457354784011841e-01
1.994635313749313354e-01
1.270109564065933228e-01
1.416929066181182861e-01
1.998555213212966919e-01
1.814980506896972656e-01
1.847376078367233276e-01
1.651091277599334717e-01
2.536986172199249268e-01
2.221764028072357178e-01
2.201983481645584106e-01
1.587241888046264648e-01
2.056891769170761108e-01
1.707535237073898315e-01
1.236875131726264954e-01
2.065306156873703003e-01
2.274656742811203003e-01
1.513096094131469727e-01
1.368429064750671387e-01
2.161381691694259644e-01
2.135548591613769531e-01
1.752520650625228882e-01
2.128986120223999023e-01
1.749492287635803223e-01
1.589116156101226807e-01
1.497705876827239990e-01
1.622876077890396118e-01
1.934989690780639648e-01
2.038728296756744385e-01
1.689860820770263672e-01
2.221853435039520264e-01
2.064827978610992432e-01
1.721111834049224854e-01
1.345926225185394287e-01
2.135844975709915161e-01
1.893218904733657837e-01
2.136178016662597656e-01
2.058966904878616333e-01
1.385646462440490723e-01
2.208700180053710938e-01
1.665659397840499878e-01
1.613070368766784668e-01
2.015748769044876099e-01
1.985619515180587769e-01
2.145028114318847656e-01
2.137564420700073242e-01
1.231316849589347839e-01
