4.553290829062461853e-02
1.137317530810832977e-02
5.433961749076843262e-02
-1.034502387046813965e-01
-3.932214342057704926e-03
-7.567084580659866333e-02
-1.421771049499511719e-01
2.479331381618976593e-02
-7.660721242427825928e-02
-7.104549556970596313e-02
-4.642923548817634583e-02
-4.797662049531936646e-02
-5.418932065367698669e-02
2.899604663252830505e-02
-1.238499954342842102e-01
-9.884879738092422485e-02
-5.084083229303359985e-02
-9.010229259729385376e-02
-4.052653163671493530e-02
-7.836155593395233154e-02
-1.533031612634658813e-01
-7.207038253545761108e-02
-8.728840947151184082e-02
-1.498739421367645264e-01
-9.731194376945495605e-02
-1.232730597257614136e-01
-4.947218671441078186e-02
-7.899787276983261108e-02
6.520546227693557739e-02
-3.838417306542396545e-02
-3.927785903215408325e-02
-1.157499998807907104e-01
-9.715689718723297119e-02
-7.940455526113510132e-02
-1.820647418498992920e-01
-8.609342575073242188e-02
-1.689350046217441559e-02
-5.369484052062034607e-02
-1.305357962846755981e-01
-6.326734274625778198e-02
-2.541876770555973053e-02
-8.546622097492218018e-02
4.787122085690498352e-02
-5.563191324472427368e-02
-6.134792417287826538e-02
-6.709976494312286377e-02
-4.747194051742553711e-02
3.692319616675376892e-02
-1.245872154831886292e-01
-7.894705981016159058e-02
-1.112374886870384216e-01
7.600701600313186646e-02
-1.155661717057228088e-01
-1.098492741584777832e-01
-6.379871070384979248e-02
-1.068734005093574524e-01
-4.349118471145629883e-02
-1.172048673033714294e-01
-6.132823228836059570e-02
-1.543142050504684448e-01
-1.707989275455474854e-01
-1.784465610980987549e-01
-6.904232501983642578e-02
-3.987629711627960205e-02
-9.319488704204559326e-02
4.189792647957801819e-02
-1.154377683997154236e-01
-1.171344220638275146e-01
-9.228208661079406738e-02
-6.390562653541564941e-02
-1.086597368121147156e-01
-1.061103045940399170e-01
-8.572632074356079102e-02
-9.485209733247756958e-02
-1.137026250362396240e-01
-4.765734076499938965e-02
-7.146524637937545776e-02
7.609752565622329712e-02
-1.130351573228836060e-01
5.114148184657096863e-02
-9.531560540199279785e-02
-8.514567464590072632e-02
-6.696021556854248047e-02
1.117382347583770752e-01
-7.115782704204320908e-03
-7.631927728652954102e-02
-9.385620057582855225e-02
-6.837911158800125122e-02
-7.621454447507858276e-02
-4.082014411687850952e-02
-9.505588561296463013e-02
6.437918543815612793e-02
-6.951699405908584595e-02
-2.688423916697502136e-02
2.006140723824501038e-02
1.715842336416244507e-01
9.149179607629776001e-02
8.356244652532041073e-04
-4.940977320075035095e-02
-8.533816039562225342e-02
-5.135319381952285767e-02
-1.249189823865890503e-01
-6.988407671451568604e-02
-6.534237414598464966e-02
-5.699064955115318298e-02
-1.052218452095985413e-01
-7.926531881093978882e-02
-7.280510663986206055e-02
-8.191537111997604370e-02
-2.859339118003845215e-02
-1.100785136222839355e-01
-1.125873848795890808e-01
-9.537351876497268677e-02
-1.217748969793319702e-01
-2.357893995940685272e-02
-1.533412784337997437e-01
-1.140251308679580688e-01
-7.627060264348983765e-02
-4.012991860508918762e-02
-1.015256121754646301e-01
-2.600803226232528687e-02
-7.636153697967529297e-02
-9.385801851749420166e-03
6.324348971247673035e-03
-1.228406466543674469e-02
-9.235745668411254883e-02
-9.169401973485946655e-02
-8.429308980703353882e-02
-1.458755284547805786e-01
-1.109878942370414734e-01
-1.098420768976211548e-01
-1.222217455506324768e-01
-8.202711492776870728e-02
-8.683617413043975830e-02
-2.355724200606346130e-02
-1.878562383353710175e-02
-1.085910499095916748e-01
-3.091609105467796326e-04
-1.302554309368133545e-01
-4.084252193570137024e-02
-3.326026722788810730e-02
-5.773548409342765808e-02
1.650264672935009003e-02
-1.303596943616867065e-01
-8.549782447516918182e-03
1.555258873850107193e-03
-6.819682568311691284e-02
1.562871970236301422e-02
-1.162233054637908936e-01
-4.778226092457771301e-02
-4.026546701788902283e-02
-8.308669924736022949e-02
-1.351089924573898315e-01
-1.108806282281875610e-01
-8.968403935432434082e-02
-1.120883747935295105e-01
-1.021972000598907471e-01
-1.640255302190780640e-01
-8.268442004919052124e-02
-9.511091560125350952e-02
1.403745412826538086e-01
-7.727748155593872070e-02
-6.892180442810058594e-02
-1.048597395420074463e-01
-1.353175565600395203e-02
-5.453540384769439697e-02
-3.774856030941009521e-02
-5.448747053742408752e-02
-1.115587651729583740e-01
-3.492713719606399536e-02
-9.621006436645984650e-03
-1.126697286963462830e-01
-5.008088797330856323e-02
-8.974204212427139282e-02
-1.693965308368206024e-02
-1.017351001501083374e-01
1.593045741319656372e-01
-7.423114031553268433e-02
-1.001396104693412781e-01
-7.080363482236862183e-02
-8.350406587123870850e-02
-1.478008925914764404e-01
-1.207942664623260498e-01
-7.528910040855407715e-02
4.387713968753814697e-02
-1.303378045558929443e-01
-3.919398039579391479e-02
-3.897771239280700684e-02
-8.790529519319534302e-02
-1.050445511937141418e-01
-1.419672220945358276e-01
1.232240442186594009e-02
-5.362619087100028992e-02
-1.471824347972869873e-01
-1.299211382865905762e-01
3.103742562234401703e-02
-6.418649107217788696e-02
-9.520909935235977173e-02
-2.083143144845962524e-01
-6.725401431322097778e-02
-1.080511882901191711e-01
-1.043155416846275330e-01
-3.524869680404663086e-02
-7.458694279193878174e-02
-1.174334734678268433e-01
-7.537780702114105225e-02
-1.023082733154296875e-01
-9.710785746574401855e-02
-6.012574955821037292e-02
-1.340779662132263184e-01
-1.156089678406715393e-01
-3.165598213672637939e-02
-1.022264882922172546e-01
-1.405714303255081177e-01
-1.640797853469848633e-01
-1.076341345906257629e-01
-6.313399225473403931e-02
-3.707492724061012268e-02
-1.356959193944931030e-01
-3.438657149672508240e-02
-9.196179360151290894e-02
-6.241940706968307495e-02
-2.321159467101097107e-02
-1.843801289796829224e-01
-1.186007708311080933e-01
-6.802789866924285889e-02
-3.224911913275718689e-02
-4.906605184078216553e-02
-1.180063039064407349e-01
1.063722968101501465e-01
-1.022045537829399109e-01
-1.092111915349960327e-01
-4.033287242054939270e-02
-5.833835527300834656e-02
-5.460144206881523132e-02
1.479755789041519165e-01
-1.122342497110366821e-01
8.642475306987762451e-02
-1.407473385334014893e-01
2.185618318617343903e-02
-5.510328710079193115e-02
-1.319581121206283569e-01
-1.211837902665138245e-01
-8.515007793903350830e-02
-1.310001611709594727e-01
8.370731025934219360e-02
9.765940718352794647e-03
-1.357734203338623047e-01
-8.118643611669540405e-02
-8.537317812442779541e-02
-7.339385151863098145e-02
-5.905978381633758545e-02
-9.967312216758728027e-02
-9.214480221271514893e-02
-1.200446560978889465e-01
-1.236512660980224609e-01
