2.458887756802141666e-04
-6.672299653291702271e-02
8.155996911227703094e-03
-1.156905200332403183e-02
9.191845310851931572e-04
-3.941654227674007416e-03
6.824419688200578094e-05
-1.027849793899804354e-04
6.292045873124152422e-05
1.015590410679578781e-02
-1.382681191898882389e-03
8.551439270377159119e-03
-9.678596979938447475e-04
-5.054169971430155783e-09
-1.392180216498672962e-03
9.768389863893389702e-04
-4.228670150041580200e-03
-4.305830807425081730e-04
8.858047076500952244e-04
-5.792859569191932678e-02
3.419639775529503822e-03
-6.957778241485357285e-04
-2.284178510308265686e-03
4.361562430858612061e-02
2.648953115567564964e-03
4.751661326736211777e-03
-1.120623899623751640e-03
-3.114503051619976759e-04
2.656002296134829521e-03
5.671210959553718567e-02
-6.848977645859122276e-04
-5.330929532647132874e-03
-1.451920717954635620e-02
-5.239818710833787918e-04
-3.560668975114822388e-02
8.842183649539947510e-02
1.790299778804183006e-03
4.488234873861074448e-03
1.605472760275006294e-03
-3.052226384170353413e-04
2.979593584313988686e-03
-1.230674795806407928e-03
7.896579802036285400e-03
5.952768493443727493e-03
9.802732616662979126e-03
-1.436556107364594936e-03
3.591116401366889477e-04
-9.735799976624548435e-04
-9.173776954412460327e-03
7.629785977769643068e-05
-3.361070121172815561e-04
-4.831873593502677977e-05
3.683565650135278702e-03
-2.153121167793869972e-03
-2.154894755221903324e-04
-8.756130114306870382e-07
3.418449312448501587e-02
-3.500411752611398697e-03
1.190997473895549774e-02
-1.055140746757388115e-03
5.296463496051728725e-04
6.059722509235143661e-04
-8.404773660004138947e-03
-1.679161447100341320e-03
