1.350158918648958206e-02
1.280701626092195511e-02
1.540041062980890274e-02
1.851635985076427460e-02
1.400175504386425018e-02
1.750682480633258820e-02
1.502519659698009491e-02
1.180447731167078018e-02
1.303717866539955139e-02
1.790132373571395874e-02
1.037401985377073288e-02
1.100778952240943909e-02
1.598585397005081177e-02
1.219175010919570923e-02
1.445403136312961578e-02
1.443082559853792191e-02
2.414995245635509491e-02
1.264275889843702316e-02
1.104668248444795609e-02
9.045931510627269745e-03
1.222741045057773590e-02
2.017294988036155701e-02
1.570286601781845093e-02
1.317232940346002579e-02
1.164446957409381866e-02
1.016059704124927521e-02
1.606987603008747101e-02
1.191700529307126999e-02
1.183273550122976303e-02
1.347193121910095215e-02
1.954344473779201508e-02
1.245865505188703537e-02
1.032162923365831375e-02
9.984703734517097473e-03
1.604288816452026367e-02
1.355885248631238937e-02
1.164811756461858749e-02
1.368693634867668152e-02
1.155540719628334045e-02
1.206755824387073517e-02
1.074160542339086533e-02
1.727391593158245087e-02
9.794046171009540558e-03
1.320956833660602570e-02
9.787559509277343750e-03
1.267474237829446793e-02
1.132396142929792404e-02
1.282383315265178680e-02
1.224300824105739594e-02
1.067343913018703461e-02
9.799346327781677246e-03
1.378861628472805023e-02
1.136208791285753250e-02
1.597446948289871216e-02
1.327795814722776413e-02
1.476758811622858047e-02
1.317513175308704376e-02
1.143817137926816940e-02
1.116857212036848068e-02
1.224051415920257568e-02
8.819431066513061523e-03
1.089518517255783081e-02
1.277576200664043427e-02
1.235320046544075012e-02
1.660160161554813385e-02
1.047644857317209244e-02
1.306481566280126572e-02
1.142467278987169266e-02
1.468953490257263184e-02
1.143793016672134399e-02
1.205999590456485748e-02
2.183959260582923889e-02
1.138139702379703522e-02
1.538472529500722885e-02
1.053258031606674194e-02
1.246595196425914764e-02
1.167934760451316833e-02
1.081899087876081467e-02
1.334140542894601822e-02
1.327943429350852966e-02
1.380589045584201813e-02
1.519930362701416016e-02
1.115758065134286880e-02
1.244720537215471268e-02
1.388943381607532501e-02
1.525449473410844803e-02
1.410228479653596878e-02
1.327426545321941376e-02
1.457666605710983276e-02
1.324881240725517273e-02
1.546797715127468109e-02
1.352472323924303055e-02
1.522369403392076492e-02
1.236078143119812012e-02
2.140906006097793579e-01
1.756317168474197388e-02
1.171489432454109192e-02
1.526081655174493790e-02
1.001867558807134628e-02
1.065067946910858154e-02
1.316497754305601120e-02
1.323032565414905548e-02
1.312159188091754913e-02
1.270996220409870148e-02
1.510591339319944382e-02
1.499518938362598419e-02
1.302070729434490204e-02
1.310783810913562775e-02
1.400336343795061111e-02
1.341860275715589523e-02
1.229527406394481659e-02
1.072209142148494720e-02
1.131000183522701263e-02
1.171207334846258163e-02
1.109854504466056824e-02
1.108942739665508270e-02
1.506814826279878616e-02
1.233566086739301682e-02
1.326496526598930359e-02
1.395437028259038925e-02
1.379230897873640060e-02
1.154898013919591904e-02
1.180991251021623611e-02
1.025687064975500107e-02
1.391259673982858658e-02
1.616947539150714874e-02
1.366086956113576889e-02
1.065061334520578384e-02
1.345004420727491379e-02
1.005623489618301392e-02
1.042756624519824982e-02
1.411683671176433563e-02
1.104528829455375671e-02
1.016400102525949478e-02
1.240584533661603928e-02
1.077754702419042587e-02
1.242612395435571671e-02
1.411694753915071487e-02
1.791355200111865997e-02
1.365935243666172028e-02
1.245039608329534531e-02
1.208123285323381424e-02
1.206451188772916794e-02
1.072795875370502472e-02
1.000661868602037430e-02
1.464294549077749252e-02
9.671133942902088165e-03
1.295291446149349213e-02
1.271503139287233353e-02
1.779462955892086029e-02
1.093148440122604370e-02
1.085064560174942017e-02
1.181908231228590012e-02
1.221913006156682968e-02
1.336916629225015640e-02
9.898583404719829559e-03
1.243313122540712357e-02
1.261494867503643036e-02
1.033745426684617996e-02
1.291480567306280136e-02
9.288168512284755707e-03
1.429949421435594559e-02
1.442315056920051575e-02
1.013681851327419281e-02
1.059706136584281921e-02
1.471622008830308914e-02
1.337596029043197632e-02
1.194720808416604996e-02
1.465670391917228699e-02
1.180319953709840775e-02
1.054820418357849121e-02
1.196604780852794647e-02
1.220907270908355713e-02
1.531775575131177902e-02
1.351858954876661301e-02
1.355273183435201645e-02
1.397459581494331360e-02
1.166887953877449036e-02
1.375685911625623703e-02
1.301325671374797821e-02
1.126395352184772491e-02
1.299938093870878220e-02
1.407838147133588791e-02
1.160999387502670288e-02
1.172383129596710205e-02
1.037638820707798004e-02
1.108410954475402832e-02
1.173277664929628372e-02
1.138893421739339828e-02
1.116131618618965149e-02
1.537629216909408569e-02
1.216702908277511597e-02
1.207285933196544647e-02
1.073393877595663071e-02
1.251959614455699921e-02
1.068172231316566467e-02
1.375955343246459961e-02
1.109693478792905807e-02
1.093856152147054672e-02
1.155963633209466934e-02
9.031972847878932953e-03
1.459579821676015854e-02
1.176958344876766205e-02
1.048142649233341217e-02
1.136898063123226166e-02
1.259020343422889709e-02
1.039532292634248734e-02
1.322236191481351852e-02
1.315310876816511154e-02
1.188385486602783203e-02
1.328605785965919495e-02
1.311743073165416718e-02
1.429744344204664230e-02
9.745790623128414154e-03
1.697085425257682800e-02
1.102109439671039581e-02
1.022978685796260834e-02
1.159230526536703110e-02
1.216827332973480225e-02
1.076875533908605576e-02
1.169641688466072083e-02
1.496269088238477707e-02
1.980923488736152649e-02
1.066028047353029251e-02
1.140649616718292236e-02
1.385480538010597229e-02
1.115347910672426224e-02
9.920112788677215576e-03
1.359510514885187149e-02
1.130278874188661575e-02
1.356318872421979904e-02
1.226887013763189316e-02
1.263927016407251358e-02
1.298537570983171463e-02
1.233555004000663757e-02
1.342600863426923752e-02
1.274019852280616760e-02
1.055252924561500549e-02
1.152559835463762283e-02
1.140201557427644730e-02
1.062037143856287003e-02
1.454718038439750671e-02
1.559434365481138229e-02
1.134059671312570572e-02
1.173426024615764618e-02
1.044353563338518143e-02
1.093827933073043823e-02
1.702554337680339813e-02
9.820297360420227051e-03
1.351296436041593552e-02
1.112205814570188522e-02
1.862550526857376099e-02
2.023276127874851227e-02
1.335859484970569611e-02
1.205899659544229507e-02
1.435454841703176498e-02
1.214513089507818222e-02
1.148580573499202728e-02
1.264603342860937119e-02
1.379163097590208054e-02
1.360090356320142746e-02
1.252827420830726624e-02
1.283814664930105209e-02
1.236250810325145721e-02
1.516905520111322403e-02
1.012115366756916046e-02
1.166949700564146042e-02
1.168592646718025208e-02
1.508105918765068054e-02
1.252672728151082993e-02
1.227678451687097549e-02
1.053658500313758850e-02
1.269195694476366043e-02
1.177349034696817398e-02
1.255514472723007202e-02
1.100585609674453735e-02
1.588792540132999420e-02
1.059775799512863159e-02
1.051054708659648895e-02
1.395531836897134781e-02
1.231728587299585342e-02
1.943312957882881165e-02
1.512471213936805725e-02
1.632902026176452637e-02
1.339158788323402405e-02
1.204031333327293396e-02
1.169063895940780640e-02
1.027528475970029831e-02
1.117359288036823273e-02
1.242397073656320572e-02
1.287475228309631348e-02
1.165024936199188232e-02
1.744339242577552795e-02
1.507631037384271622e-02
1.188606116920709610e-02
1.166098751127719879e-02
9.480952285230159760e-03
1.216819602996110916e-02
1.401882991194725037e-02
1.472534704953432083e-02
1.343821641057729721e-02
1.239367481321096420e-02
1.271147560328245163e-02
1.311283372342586517e-02
1.224313210695981979e-02
1.082069147378206253e-02
1.261098496615886688e-02
1.194776967167854309e-02
1.349318772554397583e-02
1.706350967288017273e-02
1.217965595424175262e-02
1.266153249889612198e-02
1.412145700305700302e-02
1.522123906761407852e-02
1.132916286587715149e-02
1.147730089724063873e-02
1.081669423729181290e-02
1.050295587629079819e-02
2.613712474703788757e-02
1.039776671677827835e-02
1.395304594188928604e-02
1.041879784315824509e-02
1.493483409285545349e-02
1.297873444855213165e-02
1.140878722071647644e-02
9.866003878414630890e-03
1.337255537509918213e-02
1.539569720625877380e-02
1.535282377153635025e-02
1.456646248698234558e-02
9.874698705971240997e-03
1.596649549901485443e-02
1.920040324330329895e-02
1.394212245941162109e-02
1.293478719890117645e-02
1.211647037416696548e-02
1.482097432017326355e-02
1.774966716766357422e-02
1.545629557222127914e-02
1.061009615659713745e-02
1.233716029673814774e-02
1.437655091285705566e-02
9.844240732491016388e-03
1.239266339689493179e-02
1.194884907454252243e-02
1.428704336285591125e-02
1.260080933570861816e-02
1.203375216573476791e-02
2.359203435480594635e-02
1.681362092494964600e-02
1.283998135477304459e-02
1.294644642621278763e-02
1.218436285853385925e-02
1.144374441355466843e-02
1.484877057373523712e-02
1.540199387818574905e-02
1.394521351903676987e-02
1.588395796716213226e-02
1.142400223761796951e-02
1.317338645458221436e-02
1.369987428188323975e-02
1.390821114182472229e-02
1.128021720796823502e-02
1.500401459634304047e-02
1.281560771167278290e-02
1.074491068720817566e-02
1.522976066917181015e-02
1.136482972651720047e-02
1.195018179714679718e-02
1.339342445135116577e-02
1.018111314624547958e-02
1.214867830276489258e-02
1.194360293447971344e-02
1.341413985937833786e-02
1.420415844768285751e-02
1.581504009664058685e-02
1.521406974643468857e-02
1.182604394853115082e-02
9.902046062052249908e-03
1.114877220243215561e-02
1.732831262052059174e-02
1.103838346898555756e-02
1.679432950913906097e-02
1.718241907656192780e-02
1.672257110476493835e-02
1.262708846479654312e-02
1.179795246571302414e-02
1.132572256028652191e-02
1.459170039743185043e-02
1.766601577401161194e-02
1.789684034883975983e-02
1.068542990833520889e-02
1.252425834536552429e-02
1.489280629903078079e-02
1.544236764311790466e-02
1.178507879376411438e-02
1.171733811497688293e-02
1.666414551436901093e-02
1.317345723509788513e-02
1.430959254503250122e-02
1.231160573661327362e-02
1.397313363850116730e-02
1.324582006782293320e-02
1.188454031944274902e-02
1.266413368284702301e-02
1.333343517035245895e-02
1.351786684244871140e-02
1.306961756199598312e-02
1.343561615794897079e-02
1.010543759912252426e-02
1.756024919450283051e-02
1.567835360765457153e-02
1.063559483736753464e-02
1.934785582125186920e-02
1.354276482015848160e-02
1.062916126102209091e-02
1.295182388275861740e-02
1.298876013606786728e-02
1.193166989833116531e-02
1.392317283898591995e-02
1.334656495600938797e-02
1.148057449609041214e-02
1.207337621599435806e-02
1.066322810947895050e-02
1.108594704419374466e-02
1.290912553668022156e-02
1.256867777556180954e-02
1.734080724418163300e-02
1.620790734887123108e-02
1.407621055841445923e-02
1.371037866920232773e-02
1.442147698253393173e-02
1.282694283872842789e-02
1.686229743063449860e-02
1.318002771586179733e-02
1.874661073088645935e-02
1.234721951186656952e-02
1.237833872437477112e-02
1.358299702405929565e-02
1.062410976737737656e-02
1.890093088150024414e-02
1.096006482839584351e-02
1.111894752830266953e-02
1.896659098565578461e-02
1.239397004246711731e-02
1.845294050872325897e-02
1.179718691855669022e-02
1.242073066532611847e-02
2.420499362051486969e-02
1.328560523688793182e-02
1.624417491257190704e-02
1.228121761232614517e-02
8.457134477794170380e-03
1.277117710560560226e-02
1.147192530333995819e-02
1.994068734347820282e-02
1.769519411027431488e-02
1.286447234451770782e-02
1.258970145136117935e-02
1.499574165791273117e-02
1.323343999683856964e-02
1.245936006307601929e-02
1.068552862852811813e-02
1.167749799787998199e-02
1.722796075046062469e-02
1.510683540254831314e-02
1.532083004713058472e-02
1.614008285105228424e-02
1.583793200552463531e-02
1.817205734550952911e-02
1.322953030467033386e-02
1.072630379348993301e-02
1.520826388150453568e-02
1.100497972220182419e-02
1.620087586343288422e-02
1.428596116602420807e-02
1.189162489026784897e-02
1.025522314012050629e-02
1.504071243107318878e-02
9.033922106027603149e-03
1.394444052129983902e-02
1.122069451957941055e-02
1.053282059729099274e-02
1.123312301933765411e-02
1.240930613130331039e-02
1.775495894253253937e-02
1.229078974574804306e-02
1.132629998028278351e-02
1.043568551540374756e-02
1.530340686440467834e-02
1.213048677891492844e-02
1.509667001664638519e-02
1.422034297138452530e-02
1.285778731107711792e-02
9.841841645538806915e-03
1.346533652395009995e-02
1.143736578524112701e-02
1.060624048113822937e-02
1.431511435657739639e-02
1.250710617750883102e-02
1.115910802036523819e-02
1.645761169493198395e-02
1.469174306839704514e-02
1.668918319046497345e-02
1.122126635164022446e-02
1.328278798609972000e-02
1.046666689217090607e-02
1.306614652276039124e-02
1.199617329984903336e-02
1.247183885425329208e-02
1.840501092374324799e-02
1.142579223960638046e-02
