2.248704731464385986e-01
1.925338953733444214e-01
1.456619203090667725e-01
2.465766221284866333e-01
2.248423248529434204e-01
2.264094501733779907e-01
1.833769977092742920e-01
1.698612272739410400e-01
1.916418969631195068e-01
2.087283283472061157e-01
2.821070551872253418e-01
1.885515898466110229e-01
1.893040388822555542e-01
2.142229825258255005e-01
1.779119670391082764e-01
1.907253414392471313e-01
1.472351402044296265e-01
2.304468154907226562e-01
2.074811309576034546e-01
2.326061725616455078e-01
2.907131314277648926e-01
1.999594867229461670e-01
1.991373151540756226e-01
1.982936710119247437e-01
1.848711669445037842e-01
1.864514350891113281e-01
1.912830770015716553e-01
2.083700001239776611e-01
2.242118567228317261e-01
1.907060444355010986e-01
2.041217833757400513e-01
1.485198736190795898e-01
2.167976051568984985e-01
2.857539653778076172e-01
2.050577551126480103e-01
2.691083252429962158e-01
2.394122034311294556e-01
2.259283065795898438e-01
1.847134679555892944e-01
1.548475474119186401e-01
2.462259382009506226e-01
2.430274486541748047e-01
2.605012059211730957e-01
1.886375993490219116e-01
1.899418979883193970e-01
1.852619796991348267e-01
1.895704269409179688e-01
2.061163336038589478e-01
1.745434403419494629e-01
2.504505813121795654e-01
1.547376364469528198e-01
1.989343911409378052e-01
1.629084944725036621e-01
2.077140808105468750e-01
2.306297719478607178e-01
1.964739114046096802e-01
1.765735000371932983e-01
2.595561444759368896e-01
2.209143191576004028e-01
1.635214686393737793e-01
2.007223069667816162e-01
2.240796089172363281e-01
1.531004905700683594e-01
2.026933878660202026e-01
1.780370473861694336e-01
1.609262377023696899e-01
2.262440025806427002e-01
1.849170774221420288e-01
1.499694287776947021e-01
2.041134387254714966e-01
1.680790781974792480e-01
1.448300182819366455e-01
2.371517121791839600e-01
2.724097073078155518e-01
2.122515439987182617e-01
1.836915612220764160e-01
1.884943544864654541e-01
2.116010636091232300e-01
1.979115456342697144e-01
1.482073813676834106e-01
2.074660956859588623e-01
1.949837058782577515e-01
1.617658287286758423e-01
2.236877679824829102e-01
2.048519104719161987e-01
1.528650820255279541e-01
2.330946624279022217e-01
2.128518372774124146e-01
2.181189060211181641e-01
1.865590512752532959e-01
2.668099999427795410e-01
1.957531273365020752e-01
2.223401963710784912e-01
1.585101783275604248e-01
1.601852774620056152e-01
1.935220062732696533e-01
2.472228854894638062e-01
2.190959155559539795e-01
1.996426135301589966e-01
1.801862716674804688e-01
2.226161509752273560e-01
2.440662980079650879e-01
1.485698074102401733e-01
1.764106154441833496e-01
1.763913631439208984e-01
1.997455358505249023e-01
2.209793329238891602e-01
2.333261519670486450e-01
1.666455864906311035e-01
2.179098129272460938e-01
1.985063552856445312e-01
1.715241223573684692e-01
1.806488782167434692e-01
2.031092941761016846e-01
2.108280658721923828e-01
2.497653067111968994e-01
1.628300994634628296e-01
2.023085504770278931e-01
1.595450192689895630e-01
2.038877159357070923e-01
2.069980800151824951e-01
2.018661201000213623e-01
2.314320206642150879e-01
1.813104301691055298e-01
1.791403889656066895e-01
1.618022620677947998e-01
2.178465723991394043e-01
1.765462756156921387e-01
