-3.061550483107566833e-02
-9.233221411705017090e-02
-4.137539863586425781e-02
-6.534786522388458252e-02
-1.027943268418312073e-01
-9.855686128139495850e-02
-1.361142564564943314e-02
-2.505480078980326653e-03
-1.152466312050819397e-01
-2.913164533674716949e-02
-6.567206978797912598e-02
-3.409994244575500488e-01
-6.874858587980270386e-02
-5.012797191739082336e-02
-5.414710938930511475e-02
-4.822115972638130188e-02
-6.852357089519500732e-02
4.146098718047142029e-02
-5.914982408285140991e-02
-6.719501316547393799e-02
-2.735347114503383636e-02
-1.125923469662666321e-01
-9.887672029435634613e-03
-3.057789616286754608e-02
-1.327415555715560913e-01
-5.472839623689651489e-02
-4.796989634633064270e-02
-2.646500617265701294e-02
-4.484272003173828125e-02
-2.581082284450531006e-02
-7.609690725803375244e-02
-1.035863235592842102e-01
9.656489640474319458e-02
-7.708332687616348267e-02
5.661132279783487320e-03
-2.556627802550792694e-02
-1.544649153947830200e-01
1.035570651292800903e-01
2.600522339344024658e-01
-1.232990920543670654e-01
-6.177747994661331177e-02
6.856697052717208862e-02
-5.299541726708412170e-02
2.474574930965900421e-02
-4.090845957398414612e-02
-8.139999210834503174e-02
-8.075424283742904663e-02
-4.341074079275131226e-02
-1.313013210892677307e-02
-8.991394191980361938e-02
-2.043502219021320343e-02
-7.297011464834213257e-02
-1.489034295082092285e-02
-7.851661741733551025e-02
-7.593707740306854248e-02
-1.011368036270141602e-01
-6.130513176321983337e-02
-1.065571978688240051e-01
3.532737959176301956e-03
2.213114127516746521e-02
-8.811495453119277954e-02
-3.640704229474067688e-02
-5.224138870835304260e-02
-7.282359153032302856e-02
