6.148864049464464188e-03
1.093824580311775208e-02
7.959880866110324860e-03
1.171843800693750381e-02
7.105621974915266037e-03
7.583044469356536865e-03
1.634015887975692749e-02
1.092482917010784149e-02
1.438594702631235123e-02
8.064793422818183899e-03
7.511343341320753098e-03
9.271739982068538666e-03
8.165396749973297119e-03
9.046703577041625977e-03
9.741449728608131409e-03
8.133401162922382355e-03
6.701808422803878784e-03
1.015410758554935455e-02
1.332126278430223465e-02
1.099289301782846451e-02
8.915214799344539642e-03
1.014294382184743881e-02
1.402024086564779282e-02
9.803451597690582275e-03
9.543412365019321442e-03
8.033247664570808411e-03
7.830203510820865631e-03
1.246824860572814941e-02
8.360876701772212982e-03
1.278126705437898636e-02
1.005645003169775009e-02
8.782242424786090851e-03
9.405755437910556793e-03
6.228748243302106857e-03
1.077123731374740601e-02
1.087448745965957642e-02
1.411451585590839386e-02
8.002850227057933807e-03
7.937908172607421875e-03
7.501248735934495926e-03
9.131107479333877563e-03
1.054446958005428314e-02
1.319281011819839478e-02
7.200644351541996002e-03
7.433649618178606033e-03
7.796899415552616119e-03
7.128578610718250275e-03
1.119856722652912140e-02
8.187911473214626312e-03
6.308953743427991867e-03
8.778587915003299713e-03
1.048486772924661636e-02
6.478657480329275131e-03
1.001679711043834686e-02
6.888852454721927643e-03
6.295416969805955887e-03
1.136945933103561401e-02
7.430350407958030701e-03
8.061252534389495850e-03
7.701192516833543777e-03
8.233307860791683197e-03
8.839115500450134277e-03
1.018378604203462601e-02
7.356106769293546677e-03
1.054024230688810349e-02
1.548119448125362396e-02
1.051438041031360626e-02
9.841111488640308380e-03
7.959998212754726410e-03
1.153166592121124268e-02
6.447776686400175095e-03
5.995273590087890625e-03
5.712981335818767548e-03
1.084911171346902847e-02
1.020432170480489731e-02
9.748549200594425201e-03
6.323706358671188354e-03
7.681909948587417603e-03
8.863341994583606720e-03
1.152505725622177124e-02
1.156248524785041809e-02
7.424816489219665527e-03
1.307335309684276581e-02
9.849089197814464569e-03
1.298661343753337860e-02
8.071714080870151520e-03
1.309272553771734238e-02
8.634266443550586700e-03
3.096339479088783264e-02
9.333354420959949493e-03
8.155721239745616913e-03
1.080171857029199600e-02
7.696124725043773651e-03
9.091019630432128906e-03
9.647578932344913483e-03
1.136905327439308167e-02
7.594280410557985306e-03
7.440756540745496750e-03
1.123727764934301376e-02
1.022137608379125595e-02
7.272391580045223236e-03
7.329694926738739014e-03
6.804606877267360687e-03
5.344620440155267715e-03
8.992442861199378967e-03
2.259443514049053192e-02
1.094295643270015717e-02
4.589290544390678406e-02
7.501256186515092850e-03
1.497087255120277405e-02
1.056678127497434616e-02
5.896669346839189529e-03
1.202340330928564072e-02
1.273683551698923111e-02
7.950198836624622345e-03
1.570242084562778473e-02
9.243499487638473511e-03
8.467471227049827576e-03
1.064194273203611374e-02
1.193959265947341919e-02
6.875703111290931702e-03
9.129581972956657410e-03
8.342977613210678101e-03
7.492902223020792007e-03
7.343432400375604630e-03
8.296590298414230347e-03
8.106638677418231964e-03
2.048864029347896576e-02
6.226952653378248215e-03
9.321647696197032928e-03
6.002802867442369461e-03
1.119146961718797684e-02
9.550993330776691437e-03
1.050520967692136765e-02
8.557049557566642761e-03
1.855079829692840576e-02
6.778992712497711182e-03
7.508234586566686630e-03
8.040620945394039154e-03
1.054654270410537720e-02
8.624373935163021088e-03
7.410170510411262512e-03
8.169886656105518341e-03
6.620300468057394028e-03
1.494455244392156601e-02
8.116051554679870605e-03
1.000366546213626862e-02
1.019151881337165833e-02
1.022641733288764954e-02
8.524020202457904816e-03
1.165765244513750076e-02
6.141390185803174973e-03
7.117685861885547638e-03
8.026863448321819305e-03
1.215406879782676697e-02
1.108636707067489624e-02
6.771277170628309250e-03
8.977274410426616669e-03
9.125577285885810852e-03
2.332536689937114716e-02
1.653526350855827332e-02
1.183456461876630783e-02
6.044479552656412125e-03
8.844910189509391785e-03
6.764178629964590073e-03
9.626618586480617523e-03
9.584655053913593292e-03
7.263928186148405075e-03
8.390250615775585175e-03
1.714182645082473755e-02
1.191356033086776733e-02
7.449684664607048035e-03
3.258839622139930725e-02
7.841935381293296814e-03
9.210096672177314758e-03
8.542822673916816711e-03
8.806998841464519501e-03
1.294186431914567947e-02
1.177057903259992599e-02
8.081805892288684845e-03
7.375816814601421356e-03
7.889350876212120056e-03
9.658672846853733063e-03
1.093985233455896378e-02
1.216588355600833893e-02
1.454938668757677078e-02
1.020064763724803925e-02
6.847851444035768509e-03
9.391763247549533844e-03
5.370221100747585297e-03
1.453016139566898346e-02
9.263268671929836273e-03
1.303284429013729095e-02
1.167710311710834503e-02
5.866402760148048401e-03
1.358355302363634109e-02
1.176933199167251587e-02
8.204126730561256409e-03
8.147699758410453796e-03
8.626100607216358185e-03
9.591691195964813232e-03
1.085778046399354935e-02
7.172286510467529297e-03
6.437036208808422089e-03
1.008684653788805008e-02
1.720806583762168884e-02
5.859937518835067749e-03
7.850009016692638397e-03
1.075358781963586807e-02
1.781263016164302826e-02
9.154892526566982269e-03
8.799906820058822632e-03
1.065307203680276871e-02
5.859035998582839966e-03
6.813358515501022339e-03
7.009094115346670151e-03
1.119568198919296265e-02
7.429257966578006744e-03
7.673340849578380585e-03
6.341790780425071716e-03
7.043923716992139816e-03
8.798073977231979370e-03
7.617740891873836517e-03
1.577507518231868744e-02
7.305234670639038086e-03
9.437015280127525330e-03
7.829164154827594757e-03
1.630195043981075287e-02
1.138775702565908432e-02
1.042509358376264572e-02
8.685120381414890289e-03
6.127130240201950073e-03
1.103944610804319382e-02
9.885960258543491364e-03
1.109004113823175430e-02
7.817278616130352020e-03
1.087392028421163559e-02
9.460862725973129272e-03
6.379641592502593994e-03
9.920467622578144073e-03
7.106024771928787231e-03
1.038267742842435837e-02
8.513557724654674530e-03
7.432593032717704773e-03
9.020823054015636444e-03
1.567632146179676056e-02
8.786401711404323578e-03
1.829690486192703247e-02
1.137291453778743744e-02
7.088148035109043121e-03
9.743362665176391602e-03
8.582537993788719177e-03
3.660956025123596191e-02
9.277465753257274628e-03
8.298381231725215912e-03
7.417095359414815903e-03
