-4.251759871840476990e-02
-5.830103158950805664e-02
8.426634594798088074e-03
-1.422120332717895508e-01
-1.029372215270996094e-01
-5.642826482653617859e-02
4.139219596982002258e-02
6.391280330717563629e-03
-1.388727277517318726e-01
-5.003831163048744202e-02
-4.025814682245254517e-02
-3.103361651301383972e-02
2.581990696489810944e-02
-4.268707334995269775e-02
-4.240522906184196472e-02
-4.939378425478935242e-02
-6.811552494764328003e-02
-2.330767735838890076e-02
8.620253647677600384e-04
-4.245614260435104370e-02
-8.850480616092681885e-02
-1.189573481678962708e-01
-8.119305223226547241e-02
-1.626614332199096680e-01
-1.438698321580886841e-01
-3.374345600605010986e-02
-1.417787000536918640e-02
-1.240039989352226257e-01
-5.549799650907516479e-02
-1.004394367337226868e-01
-8.866605162620544434e-02
-1.089731380343437195e-01
-2.611742354929447174e-02
2.051905728876590729e-02
9.441601112484931946e-03
1.655535548925399780e-01
3.337379172444343567e-02
3.354956209659576416e-02
-6.532720476388931274e-02
-5.212379246950149536e-02
-8.889202773571014404e-02
-8.591568470001220703e-02
8.094044774770736694e-02
1.571389380842447281e-03
-3.182297199964523315e-02
1.126527087762951851e-03
-8.440840244293212891e-02
3.442148445174098015e-03
-3.196624293923377991e-02
-5.257608368992805481e-02
-1.294567286968231201e-01
5.411673337221145630e-02
-2.476554922759532928e-02
-3.375534340739250183e-02
-9.615720063447952271e-02
-5.300405248999595642e-02
-7.503238320350646973e-02
-1.070785373449325562e-01
-5.951454490423202515e-02
-7.839828729629516602e-02
-7.127135246992111206e-02
-1.039685532450675964e-01
-7.353901863098144531e-02
3.078982979059219360e-02
-6.251552700996398926e-02
3.194877132773399353e-02
-3.292283043265342712e-02
-9.812763333320617676e-02
-7.525663077831268311e-02
-1.224024817347526550e-01
-9.229457378387451172e-02
-1.480152308940887451e-01
-4.464225471019744873e-02
-1.491249948740005493e-01
-1.193727627396583557e-01
5.001683533191680908e-02
-9.603561484254896641e-04
-1.786364801228046417e-02
-5.609511211514472961e-02
-3.879601880908012390e-02
-7.997324317693710327e-02
-8.182344585657119751e-02
1.211000680923461914e-01
1.734767705202102661e-01
3.784806281328201294e-02
-6.445240229368209839e-02
-1.614742279052734375e-01
-1.233098581433296204e-01
-9.058917313814163208e-02
-1.201783716678619385e-01
-7.284491322934627533e-03
3.092672303318977356e-02
3.091253526508808136e-02
-2.228489331901073456e-02
-7.053892314434051514e-02
1.439172402024269104e-02
-8.121688663959503174e-02
-9.191406518220901489e-02
-6.198686896823346615e-04
-6.372009962797164917e-02
-6.809633225202560425e-02
-6.585442274808883667e-02
-9.131672233343124390e-02
-1.253266334533691406e-01
-8.175500482320785522e-02
-5.461447313427925110e-02
-6.797824800014495850e-02
-1.014634147286415100e-01
-6.702397018671035767e-02
-1.408195868134498596e-02
-4.232527222484350204e-03
-8.390977978706359863e-02
-5.990124866366386414e-02
-5.602554418146610260e-03
-1.479428559541702271e-01
-5.214666947722434998e-02
-1.482410132884979248e-01
3.819437697529792786e-02
-5.326819047331809998e-02
6.952184438705444336e-02
-5.333556979894638062e-02
-1.100402325391769409e-01
-3.549039363861083984e-02
-1.098198443651199341e-01
1.286718156188726425e-02
-4.168565198779106140e-02
-8.437518775463104248e-02
3.766692578792572021e-01
-2.055449038743972778e-02
-4.029159992933273315e-02
-1.032640188932418823e-01
-3.366931527853012085e-02
-4.478065297007560730e-02
-7.637890428304672241e-02
-1.458413749933242798e-01
9.526442736387252808e-03
-2.455616742372512817e-02
-3.083174815401434898e-03
-5.695143342018127441e-02
-2.304526790976524353e-02
-6.603100150823593140e-02
-1.164796669036149979e-02
-9.571839123964309692e-02
1.255166530609130859e-02
5.727986246347427368e-02
-9.278376400470733643e-02
1.416494604200124741e-02
-1.229410767555236816e-01
-5.279206112027168274e-02
-9.344415366649627686e-02
-1.609390787780284882e-02
-1.205867603421211243e-01
-6.706259399652481079e-02
-4.189995303750038147e-02
-7.987025380134582520e-02
-1.231486275792121887e-01
-3.486164659261703491e-02
-9.696276485919952393e-02
-1.199429556727409363e-01
-7.107023149728775024e-02
4.868729412555694580e-02
4.929907619953155518e-02
-7.307788729667663574e-02
-5.407096445560455322e-02
-5.093555152416229248e-02
-2.844403497874736786e-02
-6.844630837440490723e-02
-6.973922252655029297e-02
-3.150893002748489380e-02
4.915049672126770020e-02
-1.064374074339866638e-01
-5.458001792430877686e-02
-6.958809494972229004e-02
-9.124460071325302124e-02
-1.397270709276199341e-01
-8.371244370937347412e-02
-6.751797348260879517e-02
-2.483882382512092590e-02
2.567761810496449471e-03
-8.119604736566543579e-02
-2.152876928448677063e-02
-1.071023494005203247e-01
-8.008389919996261597e-02
-1.321966946125030518e-01
-1.198219656944274902e-01
-1.124613657593727112e-01
-1.066499054431915283e-01
-4.087958857417106628e-02
-4.549620300531387329e-02
-3.439721465110778809e-02
1.693007797002792358e-01
-6.776370108127593994e-02
-8.777114748954772949e-02
-1.112775877118110657e-01
-5.802299827337265015e-02
-5.853817332535982132e-03
1.233083009719848633e-02
-4.536233469843864441e-02
-9.081164002418518066e-02
-7.847142219543457031e-02
-4.925168678164482117e-02
-8.655405044555664062e-02
1.347584463655948639e-02
-4.677460715174674988e-02
-1.571431457996368408e-01
-7.045580446720123291e-02
-6.260405480861663818e-02
-5.276755616068840027e-02
-9.892591089010238647e-02
6.831156462430953979e-02
-1.609200984239578247e-02
-8.264848031103610992e-03
-1.196678429841995239e-01
-1.651792787015438080e-02
-9.024958312511444092e-02
-1.177344843745231628e-01
-1.002649217844009399e-01
-3.005506843328475952e-02
-9.342693537473678589e-02
-6.261412799358367920e-02
-9.637538343667984009e-02
1.484977453947067261e-02
-9.283151477575302124e-02
-3.751723840832710266e-02
-9.200795739889144897e-02
-4.392719268798828125e-02
-5.705820396542549133e-02
6.771693937480449677e-03
-1.297098249197006226e-01
1.034434288740158081e-01
-4.052876681089401245e-02
-4.120811447501182556e-02
-9.198195487260818481e-02
-1.518175154924392700e-01
-6.986003369092941284e-02
4.685160517692565918e-02
-1.260011494159698486e-01
-6.890374422073364258e-02
-6.826753169298171997e-02
-7.103509455919265747e-02
-6.725590676069259644e-02
-2.252628281712532043e-02
-8.948781341314315796e-02
-6.741598248481750488e-03
-1.237857863306999207e-01
4.366335272789001465e-02
-5.746372044086456299e-02
-2.658127620816230774e-02
-5.640046671032905579e-02
7.616080809384584427e-03
-1.806571334600448608e-02
-1.408455818891525269e-01
-1.028813868761062622e-01
-7.853124290704727173e-02
-4.891208931803703308e-02
-7.945205271244049072e-02
