-3.620641306042671204e-03
-2.958253398537635803e-02
-1.687867194414138794e-02
-6.104571279138326645e-03
-1.383363083004951477e-02
-3.156895563006401062e-02
9.026269981404766440e-05
-1.970319636166095734e-02
-1.703302934765815735e-02
-1.559424214065074921e-02
4.621877451427280903e-04
-1.721524604363366961e-04
-7.111910264939069748e-03
-4.007497057318687439e-02
-3.628891427069902420e-03
-3.559422120451927185e-02
-3.572735935449600220e-02
-1.665636897087097168e-02
5.107372533529996872e-03
-2.257823757827281952e-02
-5.595967173576354980e-03
-1.341257058084011078e-02
-9.559584781527519226e-03
-6.727559957653284073e-03
-7.740476168692111969e-03
-2.234567888081073761e-02
-1.142467185854911804e-02
6.780334748327732086e-03
-2.513222210109233856e-02
1.334822969511151314e-03
-2.845817012712359428e-03
-2.103591250488534570e-04
4.640682600438594818e-03
-2.184665203094482422e-02
-1.585711434017866850e-04
-1.273093838244676590e-02
4.491653293371200562e-03
-2.176755852997303009e-02
-4.467455297708511353e-02
-1.970062777400016785e-02
-1.637457497417926788e-02
-1.170682441443204880e-02
-1.325354352593421936e-02
-5.398195702582597733e-03
-1.938305050134658813e-02
-1.250370964407920837e-02
-7.962333038449287415e-03
2.434319257736206055e-02
-1.082792226225137711e-02
-9.791371412575244904e-03
-1.982060074806213379e-02
-3.114604018628597260e-02
3.594127669930458069e-02
-1.882712170481681824e-02
-3.030760399997234344e-02
-2.233335748314857483e-02
-2.028699964284896851e-02
-1.391665078699588776e-03
-7.305915933102369308e-03
-1.135235838592052460e-02
2.551862969994544983e-03
-1.516500487923622131e-02
-1.362905558198690414e-02
-2.112697623670101166e-02
-1.143353432416915894e-02
-1.111942529678344727e-02
-1.773248612880706787e-02
-8.291982114315032959e-03
-1.447800314053893089e-03
-1.375641580671072006e-02
-5.900494754314422607e-03
-4.724095389246940613e-02
-1.414603786543011665e-03
-2.932089846581220627e-03
-5.704992450773715973e-03
-8.935467340052127838e-03
8.250485407188534737e-04
-2.849777787923812866e-02
-1.414632704108953476e-02
-1.012720447033643723e-02
7.036934141069650650e-03
1.141405198723077774e-02
-7.942246273159980774e-03
-1.635123044252395630e-02
-2.517686970531940460e-02
-5.643635056912899017e-03
-5.726704373955726624e-03
-2.929420024156570435e-02
-4.941736813634634018e-03
-4.439334385097026825e-03
-1.406112592667341232e-02
1.019853982143104076e-03
-1.420755218714475632e-02
-1.997992023825645447e-02
-2.122735604643821716e-02
-1.100360881537199020e-02
-1.982994005084037781e-02
-3.865283727645874023e-02
-4.315566271543502808e-03
-1.380918361246585846e-02
3.929332364350557327e-03
-2.329814061522483826e-02
-1.951694115996360779e-02
-1.960665360093116760e-02
-9.858638048171997070e-03
-1.587228663265705109e-02
-2.466406114399433136e-02
-9.290170855820178986e-03
-1.356795802712440491e-02
-2.077199146151542664e-02
-2.696144394576549530e-02
-2.310877665877342224e-02
-1.274991128593683243e-02
1.291946768760681152e-01
-3.680883673951029778e-03
-1.469893660396337509e-02
-1.059206016361713409e-02
-3.897304832935333252e-02
-6.850557401776313782e-03
6.718655116856098175e-03
-2.443667687475681305e-02
-1.549502555280923843e-02
-1.598042994737625122e-02
-2.153936028480529785e-02
-1.021659187972545624e-02
-1.172299310564994812e-02
-1.136459130793809891e-02
-2.043937146663665771e-02
-1.174459047615528107e-02
-1.853894069790840149e-02
-2.718870900571346283e-02
-2.460985258221626282e-02
-1.341825351119041443e-02
-2.831083722412586212e-02
-1.800223998725414276e-02
-1.332629937678575516e-02
-1.136785838752985001e-02
1.158369984477758408e-02
7.131094462238252163e-04
-3.525577113032341003e-02
-2.017093636095523834e-02
-1.881703175604343414e-02
-1.596534065902233124e-02
-2.224106155335903168e-02
-7.530267350375652313e-03
-1.313026156276464462e-02
-1.504650898277759552e-02
7.403604220598936081e-03
-1.090188138186931610e-02
-2.501062676310539246e-02
-5.644572433084249496e-03
-2.713739499449729919e-02
-1.836854964494705200e-02
-1.666455715894699097e-02
1.264885906130075455e-02
-3.739238530397415161e-02
-1.050973962992429733e-02
-2.805016003549098969e-02
1.064820215106010437e-03
-2.542265690863132477e-02
-1.092430204153060913e-02
1.078681438229978085e-03
-3.820664808154106140e-02
-1.807010732591152191e-02
-6.641076877713203430e-03
-1.992804557085037231e-02
-1.500769867561757565e-03
-2.462962083518505096e-02
-1.306142006069421768e-02
6.751197855919599533e-03
-1.093230955302715302e-02
-4.156616516411304474e-03
-2.012142911553382874e-02
-1.659316383302211761e-02
-3.755358234047889709e-02
-1.222109515219926834e-02
2.159157767891883850e-03
-5.708619952201843262e-03
-1.304538547992706299e-02
-2.825299836695194244e-02
-3.113975515589118004e-03
-1.358852442353963852e-02
-1.385232899338006973e-02
-1.878577470779418945e-02
-1.002950128167867661e-02
-2.450945414602756500e-02
-1.996758580207824707e-02
-9.125792421400547028e-03
-1.563100703060626984e-02
-2.619104273617267609e-02
-2.270791446790099144e-03
-2.200573310256004333e-02
-9.315570816397666931e-03
1.796870492398738861e-03
-2.906784974038600922e-02
-1.663700491189956665e-02
8.975390344858169556e-03
-1.646739989519119263e-02
-2.749086543917655945e-02
8.113496005535125732e-04
-6.408479996025562286e-03
-1.746095903217792511e-02
-1.416810415685176849e-02
-1.059045270085334778e-02
-1.835781149566173553e-02
-1.834174431860446930e-02
-6.347906775772571564e-03
-6.882408168166875839e-03
-2.296083793044090271e-02
-6.047461647540330887e-03
-1.767340674996376038e-02
-1.637927256524562836e-02
-2.987277926877140999e-03
-2.453609183430671692e-02
-1.176306512206792831e-02
-1.895319856703281403e-02
9.760229848325252533e-03
9.505209513008594513e-03
-2.073177881538867950e-02
-8.122856728732585907e-03
-1.021691970527172089e-02
-2.572340145707130432e-02
-1.329973526298999786e-02
-1.744043268263339996e-02
-1.255449652671813965e-02
-9.312593378126621246e-03
-2.574284747242927551e-02
-7.422148250043392181e-03
-8.939403109252452850e-03
-2.983915852382779121e-03
-1.248686574399471283e-02
-2.390113659203052521e-02
-8.328046649694442749e-03
1.400455366820096970e-02
-2.021821402013301849e-02
-1.531205372884869576e-03
2.064862288534641266e-03
-2.032033354043960571e-02
-3.229940542951226234e-03
2.102335682138800621e-03
-5.297968164086341858e-03
-7.501509506255388260e-03
-1.209880411624908447e-02
-1.703853835351765156e-03
1.717211306095123291e-02
5.061704665422439575e-03
-2.513707801699638367e-02
-1.429417449980974197e-02
-1.835932396352291107e-02
1.590500585734844208e-02
1.092261075973510742e-02
-1.740968972444534302e-02
-4.662775318138301373e-04
1.256237737834453583e-02
-1.167496852576732635e-02
1.745150657370686531e-03
-1.855587959289550781e-02
-3.276389557868242264e-03
-4.254436120390892029e-03
-7.096246816217899323e-03
2.813448663800954819e-03
-6.467774044722318649e-03
-2.039489336311817169e-03
1.304270699620246887e-03
-3.145771101117134094e-02
-1.207942329347133636e-02
-3.561118384823203087e-03
-5.498418118804693222e-03
1.473194826394319534e-02
-1.398080377839505672e-03
-1.423554867506027222e-02
-3.533542528748512268e-02
-3.255907073616981506e-02
-8.487218059599399567e-03
-3.166079521179199219e-02
-1.150068477727472782e-03
-6.484401877969503403e-03
-9.141766466200351715e-03
-2.135307341814041138e-02
-1.680976711213588715e-02
-2.670173905789852142e-02
-3.564138431102037430e-03
7.949305698275566101e-03
-5.354203749448060989e-03
-1.925655640661716461e-02
-2.266700193285942078e-02
-1.011596643365919590e-03
-3.472432726994156837e-03
-1.143672876060009003e-02
-1.311743352562189102e-02
-1.998919434845447540e-02
-1.549422554671764374e-02
-1.879773661494255066e-02
-3.362704440951347351e-02
-2.663166821002960205e-02
-3.809563815593719482e-02
-1.691827178001403809e-02
-1.093067601323127747e-02
-1.463142875581979752e-02
-1.133186090737581253e-02
-1.935642771422863007e-02
-2.218903275206685066e-03
-6.522657815366983414e-03
3.549243090674281120e-03
-1.237335614860057831e-02
-2.192651294171810150e-02
-1.459230761975049973e-02
-2.558893710374832153e-02
-2.440988272428512573e-02
4.358081787358969450e-04
7.962470501661300659e-02
-1.730084791779518127e-02
-7.955254986882209778e-03
5.378019995987415314e-03
-8.038884261623024940e-04
9.696845663711428642e-04
1.894663902930915356e-03
-3.004393167793750763e-02
-2.266438119113445282e-02
-2.597070299088954926e-02
-2.702281437814235687e-02
1.353857293725013733e-02
-6.791973952203989029e-03
-4.187895450741052628e-03
-1.353815663605928421e-02
-1.574642769992351532e-02
5.435385974124073982e-04
-2.691637538373470306e-02
-1.762411370873451233e-02
-1.858260110020637512e-02
-3.920195624232292175e-03
-9.785356931388378143e-03
8.579032495617866516e-03
-2.075089141726493835e-02
-4.238981287926435471e-03
-8.707921952009201050e-03
-2.760212682187557220e-02
-1.433562953025102615e-02
-1.192270778119564056e-02
-2.593849599361419678e-02
-1.457098964601755142e-02
-2.338964492082595825e-02
-1.172937825322151184e-02
2.928700530901551247e-03
-1.122672297060489655e-02
5.462733563035726547e-03
2.192330546677112579e-02
4.103574901819229126e-03
1.214883010834455490e-02
-1.570496521890163422e-02
-3.676429390907287598e-02
4.255436360836029053e-03
-3.660778282210230827e-03
-3.702427819371223450e-02
-1.332201156765222549e-02
8.550811908207833767e-04
1.953167654573917389e-02
-1.374296005815267563e-02
-1.149744354188442230e-02
-1.447250135242938995e-02
-8.447260595858097076e-03
-1.553798443637788296e-03
-1.517593674361705780e-02
1.630660146474838257e-03
-8.181543089449405670e-04
5.888653104193508625e-04
-1.770018413662910461e-02
1.579756964929401875e-03
-3.244584798812866211e-02
-1.537728309631347656e-02
-2.656252309679985046e-02
7.462476380169391632e-03
-1.242576108779758215e-04
-2.156189829111099243e-02
-1.233936566859483719e-02
-1.436246093362569809e-03
-2.144942432641983032e-02
-1.573714427649974823e-02
2.379754371941089630e-02
-2.583143860101699829e-02
-1.676949555985629559e-03
-1.776623725891113281e-02
-1.505469623953104019e-02
-1.486443076282739639e-02
-9.557053446769714355e-03
-2.147072367370128632e-02
-4.248147830367088318e-03
-2.008416131138801575e-02
-1.411450747400522232e-02
-4.761656280606985092e-03
-3.473548963665962219e-02
-1.536359265446662903e-02
-2.953440696001052856e-02
-2.925486303865909576e-02
8.944864384829998016e-04
-9.169867262244224548e-03
-4.263767972588539124e-03
5.819944781251251698e-04
5.588723346590995789e-02
-6.696834694594144821e-03
-4.239907488226890564e-03
-1.256124675273895264e-02
-5.112952366471290588e-02
-5.281897727400064468e-03
-4.059217125177383423e-02
-1.043958496302366257e-02
-2.869670279324054718e-02
-2.704907953739166260e-02
1.946985838003456593e-03
-3.721787780523300171e-02
-1.502989791333675385e-02
-2.448606304824352264e-03
-3.034011228010058403e-03
9.455778636038303375e-03
3.471385687589645386e-03
-1.363292895257472992e-02
-2.888299338519573212e-02
-1.472929492592811584e-02
-1.421939022839069366e-02
-3.023584838956594467e-03
-1.204372290521860123e-02
-1.202439330518245697e-02
5.503878346644341946e-04
-1.265003811568021774e-02
-1.291754283010959625e-02
-1.596308313310146332e-02
-4.310670774430036545e-03
-2.225215360522270203e-02
-7.608960848301649094e-03
8.792373538017272949e-02
-1.331237889826297760e-02
-1.904514990746974945e-02
-1.296700350940227509e-02
-7.535691838711500168e-03
-1.758614741265773773e-02
-1.114528067409992218e-02
1.112175360321998596e-02
1.515449862927198410e-02
-5.827803164720535278e-03
-2.079329080879688263e-02
1.149398740381002426e-03
-2.017327584326267242e-02
1.210102140903472900e-01
-6.037357263267040253e-03
-1.029633358120918274e-02
-2.219357341527938843e-02
1.624457910656929016e-02
-1.642148382961750031e-02
-2.514106966555118561e-02
-1.034635119140148163e-03
-2.375712990760803223e-02
-1.066541764885187149e-02
-1.590635627508163452e-02
-7.584407925605773926e-03
-8.462801575660705566e-03
-5.559985525906085968e-03
-1.764049194753170013e-02
-2.123787999153137207e-02
-2.691285451874136925e-03
8.065985143184661865e-02
-7.354180328547954559e-03
-3.097991272807121277e-02
-1.791038736701011658e-02
-2.837627381086349487e-02
-6.724383274558931589e-05
-2.015825361013412476e-02
-1.724291406571865082e-02
-1.364166848361492157e-03
-1.064040604978799820e-02
-1.225561252795159817e-03
-1.985865272581577301e-02
-2.444583922624588013e-02
-1.835215603932738304e-03
-9.172423742711544037e-03
-1.625433005392551422e-02
-2.081867679953575134e-02
2.254850268363952637e-01
-5.999764893203973770e-03
-2.953776903450489044e-02
-1.260090526193380356e-02
-1.613792032003402710e-03
-2.849422581493854523e-02
1.189292874187231064e-02
-1.068809721618890762e-02
1.140648871660232544e-02
-2.078545093536376953e-02
-2.427440695464611053e-02
-1.541111804544925690e-02
-5.923184100538492203e-03
-8.447252213954925537e-03
-1.092622894793748856e-02
-1.495936606079339981e-02
1.135609298944473267e-02
-1.327591855078935623e-02
2.914648503065109253e-03
-1.958505250513553619e-02
-2.854970656335353851e-02
-1.472655218094587326e-03
-2.643339708447456360e-02
-1.520492881536483765e-02
-2.444993145763874054e-02
-4.072143230587244034e-03
-2.978948410600423813e-03
-2.252059802412986755e-02
-2.272625826299190521e-02
-1.641275547444820404e-02
-1.835995167493820190e-02
-3.035198524594306946e-02
-1.178168971091508865e-02
-1.938254199922084808e-02
-5.215090233832597733e-03
-4.506855271756649017e-03
6.464933976531028748e-03
-2.738207206130027771e-02
2.679569879546761513e-03
-2.552108839154243469e-03
-3.403178974986076355e-02
-1.342694833874702454e-02
-1.504575368016958237e-02
-3.078913781791925430e-03
-6.538575980812311172e-03
-1.081214752048254013e-02
-2.080002054572105408e-02
-1.932271197438240051e-02
-1.731198653578758240e-02
-2.490247972309589386e-02
-2.945283427834510803e-02
-4.983035381883382797e-03
-2.667632512748241425e-02
-1.948114670813083649e-02
-5.276688840240240097e-03
-1.550927013158798218e-02
-1.952653937041759491e-02
-2.176292240619659424e-02
-2.306804619729518890e-02
-1.960834953933954239e-03
-1.227935869246721268e-02
-9.244672954082489014e-03
-2.606797404587268829e-02
-2.565820887684822083e-02
-3.899291157722473145e-02
2.666608663275837898e-03
-2.323049120604991913e-03
-2.465484850108623505e-02
-2.144219167530536652e-02
-4.976359196007251740e-03
3.740460844710469246e-03
-2.797069959342479706e-02
-7.590470369905233383e-03
-1.024547126144170761e-02
-4.659924597945064306e-04
1.356702763587236404e-03
-6.302869878709316254e-03
-1.159403566271066666e-02
2.993097528815269470e-03
-7.229169830679893494e-03
-2.042432501912117004e-02
-1.555739250034093857e-02
-6.508013029815629125e-05
-1.532740797847509384e-02
-3.412485495209693909e-02
-2.220354788005352020e-02
-7.912704721093177795e-03
-1.939241215586662292e-02
-3.371005877852439880e-02
-3.237589448690414429e-02
-1.763442344963550568e-02
3.350467886775732040e-03
1.102916300296783447e-01
-1.171496510505676270e-02
-1.153955236077308655e-02
-2.019209787249565125e-02
-3.179126186296343803e-03
4.333727061748504639e-03
-1.722326874732971191e-02
-5.423154216259717941e-03
2.477044984698295593e-02
-1.857193931937217712e-02
-2.127357199788093567e-02
-8.393920958042144775e-03
-1.300535257905721664e-02
-1.245347410440444946e-02
3.299887757748365402e-04
-1.015286613255739212e-02
9.606807143427431583e-04
-2.065144851803779602e-02
-8.472957648336887360e-03
-6.037681829184293747e-03
-2.998722344636917114e-02
1.144080050289630890e-02
-1.058037299662828445e-02
2.789893653243780136e-03
-2.185467071831226349e-02
-1.719562336802482605e-02
-4.380669910460710526e-03
-2.646877430379390717e-02
-1.617624796926975250e-02
-2.721688523888587952e-02
-1.145969610661268234e-02
-6.775755435228347778e-03
-2.774632163345813751e-02
3.906322643160820007e-03
-6.154852919280529022e-03
-1.086948998272418976e-02
-9.487395174801349640e-03
-2.590622985735535622e-03
5.209541413933038712e-03
-9.347931481897830963e-03
4.923625383526086807e-03
3.646351862698793411e-03
-2.077462337911128998e-02
-9.896873496472835541e-03
-1.437159627676010132e-02
6.675820332020521164e-03
-1.004597358405590057e-02
-1.594359427690505981e-02
-1.228973176330327988e-02
-1.879605464637279510e-02
-1.076460815966129303e-02
-5.290048941969871521e-02
-1.434536743909120560e-02
-3.328962251543998718e-02
-2.238435484468936920e-02
-4.220379050821065903e-03
1.726038195192813873e-02
-8.499530144035816193e-03
1.181795820593833923e-02
-3.075237572193145752e-02
7.439455948770046234e-03
-2.536432584747672081e-03
-1.240386813879013062e-02
-1.535121258348226547e-02
-8.801168762147426605e-03
3.947572549805045128e-04
7.050319574773311615e-03
-8.355028112418949604e-04
-8.272398263216018677e-03
-2.764646895229816437e-02
-2.320459671318531036e-02
-4.996065981686115265e-03
-3.586709033697843552e-03
-1.822435669600963593e-02
9.207363240420818329e-03
-8.881211280822753906e-03
-2.472958527505397797e-02
-1.020255126059055328e-02
2.797566354274749756e-02
-2.585582993924617767e-02
1.169952750205993652e-02
-1.117127714678645134e-03
-1.975525729358196259e-02
-3.479829290881752968e-03
-1.922960206866264343e-02
-2.610917016863822937e-02
-1.801976189017295837e-02
1.379253249615430832e-02
-1.329419668763875961e-02
5.284891929477453232e-03
-2.642930112779140472e-02
-1.420387253165245056e-02
1.842531142756342888e-03
-5.500603467226028442e-03
-1.167397666722536087e-02
-4.009414091706275940e-02
-2.132438868284225464e-02
5.094421561807394028e-03
-2.251678146421909332e-02
-1.313985604792833328e-02
-9.495250880718231201e-03
-1.320421881973743439e-02
-3.540400788187980652e-02
-1.076980866491794586e-02
-9.623151272535324097e-03
-5.780290812253952026e-04
-3.325052931904792786e-02
-2.397720329463481903e-02
-2.613355219364166260e-02
2.192055806517601013e-02
-1.528556365519762039e-02
2.022343315184116364e-02
-1.784185320138931274e-02
-1.157284132204949856e-03
-1.890410669147968292e-02
-2.559020183980464935e-02
-2.925607841461896896e-03
-1.286399457603693008e-02
2.043730206787586212e-02
-2.486819587647914886e-02
-1.612709835171699524e-02
-1.424635411240160465e-03
-1.878930628299713135e-02
-1.106731500476598740e-02
-7.083473261445760727e-03
-1.473758928477764130e-02
-2.092252671718597412e-02
-1.185034401714801788e-02
-1.422594208270311356e-02
-2.496409229934215546e-02
-4.033077042549848557e-03
-5.745652597397565842e-03
-6.254864856600761414e-04
1.862190105020999908e-02
4.855843726545572281e-03
-3.336223214864730835e-02
-1.242078617215156555e-01
-1.828007586300373077e-02
-5.340200848877429962e-03
4.049015231430530548e-03
-1.519366446882486343e-02
-4.973995601176284254e-05
-3.977467864751815796e-02
2.113553229719400406e-03
-2.256923727691173553e-02
5.394905456341803074e-04
-3.178174793720245361e-02
2.598287304863333702e-03
-8.103244937956333160e-03
-1.348182931542396545e-02
-1.329537713900208473e-03
-1.524116937071084976e-02
-1.768327876925468445e-02
-1.003363355994224548e-02
-1.466232631355524063e-02
-5.956960376352071762e-03
-2.151029929518699646e-02
-4.886604379862546921e-03
-2.133961766958236694e-02
5.184291861951351166e-03
-1.738519594073295593e-02
1.307951360940933228e-01
-5.008080042898654938e-03
-2.422829717397689819e-02
-2.492386288940906525e-02
-1.143963076174259186e-03
-8.888803422451019287e-03
2.646879851818084717e-02
-2.490209229290485382e-02
-1.674289815127849579e-02
-1.110739447176456451e-02
-1.946091093122959137e-02
-1.467849034816026688e-02
-1.531433034688234329e-02
1.657425239682197571e-02
-1.360977999866008759e-02
-1.988946646451950073e-02
3.953466191887855530e-03
-3.046501614153385162e-02
-2.389726974070072174e-02
-5.442086141556501389e-03
9.671230800449848175e-03
-2.616018429398536682e-02
2.467120066285133362e-03
-1.450372766703367233e-02
-1.450404804199934006e-02
-8.247043937444686890e-03
-1.321931369602680206e-02
-7.675856351852416992e-03
-2.483063191175460815e-02
-2.571377530694007874e-02
4.072035662829875946e-03
-1.701542362570762634e-02
-1.234283018857240677e-02
3.112868871539831161e-03
-1.231660787016153336e-02
-3.162931278347969055e-02
-4.973882809281349182e-03
-2.062501385807991028e-02
-1.566876843571662903e-02
-4.761835094541311264e-03
-2.746942453086376190e-02
4.805097356438636780e-03
-2.014318294823169708e-02
-3.202663967385888100e-03
-3.619677852839231491e-03
5.435304716229438782e-03
2.207509707659482956e-03
-5.484510678797960281e-03
-9.523867815732955933e-02
-1.809292472898960114e-02
-1.715134945698082447e-03
-1.629330962896347046e-02
-3.225500136613845825e-02
-8.286744356155395508e-03
-1.923043653368949890e-02
-1.276549138128757477e-02
-2.016668906435370445e-03
-2.213149331510066986e-02
-2.134485635906457901e-03
-1.293885149061679840e-02
-5.109376739710569382e-03
1.023545628413558006e-03
-6.466380320489406586e-03
-2.573595009744167328e-02
-1.045756507664918900e-02
-1.490548718720674515e-02
-9.272210299968719482e-03
-1.710926368832588196e-02
-2.034827694296836853e-02
1.540996134281158447e-01
-1.006502378731966019e-02
-2.430293895304203033e-02
-7.046990096569061279e-03
-6.104740314185619354e-03
2.263633068650960922e-03
-2.330405078828334808e-02
-2.880940400063991547e-02
-1.644854433834552765e-02
-1.302504912018775940e-02
-2.907438669353723526e-03
-2.165128663182258606e-02
-1.116610132157802582e-02
-9.155801497399806976e-03
-2.191785350441932678e-02
-2.109255176037549973e-03
-1.155581790953874588e-02
-1.182037033140659332e-02
-1.923628896474838257e-02
-1.076884847134351730e-02
5.457617342472076416e-03
9.044206817634403706e-04
1.792175578884780407e-03
-1.995186135172843933e-02
-6.477190181612968445e-03
-2.284009940922260284e-02
3.330893814563751221e-03
-1.700754649937152863e-02
-1.466407626867294312e-02
-9.511550888419151306e-03
-1.427241228520870209e-02
9.814354591071605682e-03
-9.593951515853404999e-03
-1.349552185274660587e-03
-4.329606425017118454e-03
-1.067515742033720016e-02
2.717450028285384178e-03
-1.968391612172126770e-02
-9.767291136085987091e-03
-2.538184262812137604e-02
-1.689550094306468964e-02
-3.109855204820632935e-02
-2.129624783992767334e-02
-2.154979668557643890e-02
-3.893047198653221130e-02
-1.335716899484395981e-02
-2.082190103828907013e-02
-1.155885634943842888e-03
-8.323916234076023102e-03
-1.923415623605251312e-02
-9.363046847283840179e-03
-2.546550706028938293e-02
-8.831609971821308136e-03
-2.475184015929698944e-02
-2.264194935560226440e-02
8.806439116597175598e-03
-3.123899549245834351e-02
-8.460583165287971497e-03
-3.243542090058326721e-02
-1.608903706073760986e-02
-4.823509138077497482e-03
-1.326528377830982208e-02
-1.209820061922073364e-02
-1.086649857461452484e-02
-3.474741009995341301e-03
-1.064056344330310822e-02
-1.857393234968185425e-02
-2.470658905804157257e-02
-1.699152030050754547e-02
-2.626991644501686096e-02
-1.344138011336326599e-02
-2.519847126677632332e-03
-8.103440515697002411e-03
1.442676689475774765e-02
-2.084308490157127380e-02
-5.522833205759525299e-03
-2.207202278077602386e-02
1.695682411082088947e-03
-6.358742248266935349e-03
6.874499376863241196e-03
-1.842561364173889160e-02
1.544133265269920230e-04
-3.594268113374710083e-02
-1.701528206467628479e-02
-3.341086953878402710e-02
-1.071301382035017014e-02
-3.111228346824645996e-02
-5.620587617158889771e-04
-6.367471069097518921e-03
-2.566218003630638123e-02
-1.706760190427303314e-02
-1.840162836015224457e-02
-1.719686761498451233e-02
-2.005602000281214714e-03
-5.028893705457448959e-03
-9.220444597303867340e-03
-3.961547277867794037e-03
5.812228773720562458e-04
8.512419648468494415e-03
-9.745580144226551056e-03
-1.159166079014539719e-02
2.850252669304609299e-03
1.118010655045509338e-02
-4.440338537096977234e-02
-2.153299376368522644e-02
-3.951102495193481445e-03
-2.458130754530429840e-02
-2.534165792167186737e-02
-1.456773187965154648e-02
-9.859019890427589417e-03
-2.683853916823863983e-02
-1.513001229614019394e-02
-7.174701895564794540e-03
-2.047239616513252258e-02
-1.039559207856655121e-02
-1.879671216011047363e-02
5.102917086333036423e-03
-7.056706119328737259e-03
7.756800856441259384e-03
-1.303960382938385010e-02
-6.026564631611108780e-03
-9.108914062380790710e-03
-2.278822287917137146e-02
-3.273820132017135620e-02
-3.101808018982410431e-02
1.328705903142690659e-02
4.657759517431259155e-02
-1.229201350361108780e-02
-2.517765387892723083e-02
-2.472605556249618530e-04
-9.044389240443706512e-03
-1.224920805543661118e-02
-2.413096092641353607e-02
-1.381052844226360321e-02
2.470351941883563995e-02
6.884181872010231018e-03
-1.854351162910461426e-02
-1.056563667953014374e-02
-2.740077301859855652e-02
-1.178006827831268311e-02
-1.255453564226627350e-02
-7.324597390834242105e-05
-2.054088562726974487e-02
-3.666477743536233902e-03
-1.015718374401330948e-02
-1.884696632623672485e-02
-1.949116773903369904e-02
2.481439895927906036e-02
-5.467438139021396637e-03
-6.606620736420154572e-03
1.950705307535827160e-03
-5.001681391149759293e-03
-5.592761095613241196e-03
-3.312684828415513039e-03
-9.146033786237239838e-03
-2.359267510473728180e-02
-7.269622292369604111e-03
-3.761266125366091728e-03
-1.802449487149715424e-02
-2.047163201496005058e-03
4.805287346243858337e-03
-1.745940069667994976e-03
4.035178571939468384e-03
-8.859202265739440918e-03
-7.431611418724060059e-03
-1.868820935487747192e-02
-3.799148835241794586e-03
-1.278686244040727615e-02
-1.924352534115314484e-02
-2.982880687341094017e-03
-1.974111236631870270e-02
-2.704321220517158508e-02
-3.767742589116096497e-02
-1.877679117023944855e-02
1.568425213918089867e-03
-1.445709262043237686e-02
-8.021654561161994934e-03
-2.887351252138614655e-02
-1.145634707063436508e-02
9.312781039625406265e-04
-1.540044602006673813e-02
-2.458817139267921448e-02
-1.175869069993495941e-02
-1.962003111839294434e-02
1.826927252113819122e-02
-8.401233702898025513e-03
-8.727944456040859222e-03
-2.752974815666675568e-02
-9.713079780340194702e-04
-3.948533535003662109e-02
-1.052337605506181717e-02
1.970728626474738121e-03
-1.444398984313011169e-02
-2.056997828185558319e-02
-1.795060746371746063e-02
-3.240954503417015076e-02
-2.294767461717128754e-02
1.015418767929077148e-02
-2.119282633066177368e-02
1.032086834311485291e-02
-1.964512839913368225e-02
-9.412780404090881348e-03
9.845987893640995026e-03
-2.046557888388633728e-02
-2.174890972673892975e-02
-1.434836350381374359e-02
-2.023742906749248505e-02
-7.657701615244150162e-03
-2.335315011441707611e-02
-2.232419513165950775e-02
-1.397683471441268921e-02
-1.584294810891151428e-02
-1.824488304555416107e-02
-4.389947745949029922e-03
-4.088915139436721802e-02
-4.043100867420434952e-03
-1.235857885330915451e-02
1.018739189021289349e-03
8.768002153374254704e-04
-1.858581230044364929e-02
-8.271994069218635559e-03
-1.164227724075317383e-02
1.698703621514141560e-03
3.906203666701912880e-03
1.009839959442615509e-02
-2.821689471602439880e-02
-1.617236249148845673e-02
-1.806613244116306305e-02
-4.500647075474262238e-03
-2.294655516743659973e-02
-1.514602359384298325e-02
-2.713241428136825562e-02
-9.546447545289993286e-03
-1.408038660883903503e-02
-1.177697628736495972e-02
-6.385659333318471909e-03
-4.049438051879405975e-03
-2.197571285068988800e-02
-9.154450148344039917e-03
5.642367061227560043e-03
-7.488268427550792694e-03
-7.944758981466293335e-03
-1.077565178275108337e-02
7.122273091226816177e-03
-6.419395096600055695e-03
-1.978684589266777039e-02
8.739773184061050415e-03
-1.108365878462791443e-02
-2.711713872849941254e-02
9.791457559913396835e-04
-4.981803148984909058e-02
-9.498096071183681488e-03
-2.600132115185260773e-02
-1.764587871730327606e-02
-2.764659468084573746e-03
-1.653284579515457153e-02
-1.966990716755390167e-02
-2.349131368100643158e-02
-1.777113787829875946e-02
-7.300090976059436798e-03
-2.223860099911689758e-02
-1.704656868241727352e-03
-1.622642949223518372e-02
-1.447622105479240417e-02
-2.218437567353248596e-02
-1.452417112886905670e-02
5.703581497073173523e-02
-2.028825879096984863e-02
-7.857013493776321411e-03
-6.430428475141525269e-03
-9.092344902455806732e-03
-2.468634396791458130e-02
-2.545162849128246307e-02
-2.214602567255496979e-02
5.045731551945209503e-03
-3.322033584117889404e-02
-8.004619739949703217e-03
-3.123151510953903198e-02
-2.425032295286655426e-02
-7.419588509947061539e-03
4.242295399308204651e-02
-3.158519417047500610e-02
-4.258459375705569983e-04
-1.197142247110605240e-02
6.014918908476829529e-03
-5.169588606804609299e-03
-2.091552130877971649e-03
-1.085642911493778229e-02
-7.152590434998273849e-03
-1.437269337475299835e-02
-2.793509745970368385e-03
-1.319965114817023277e-03
-9.121627546846866608e-03
-1.354468334466218948e-02
-3.473380580544471741e-02
-2.423438802361488342e-02
-7.012499962002038956e-03
-2.946341782808303833e-02
-2.260876633226871490e-02
-1.228565350174903870e-02
-8.930115029215812683e-03
-2.397702541202306747e-03
-1.354332640767097473e-02
-1.630463823676109314e-02
-1.996262185275554657e-02
-4.071481525897979736e-03
-1.141831651329994202e-02
-1.699541695415973663e-03
-2.671948261559009552e-02
1.043966389261186123e-03
-3.345499560236930847e-02
-2.061291411519050598e-02
-5.115158855915069580e-03
-3.531935438513755798e-02
-1.323653105646371841e-02
-1.607507094740867615e-02
-3.456313908100128174e-02
-2.799816243350505829e-02
-6.519427988678216934e-04
2.455021440982818604e-02
7.066308520734310150e-03
-1.284678094089031219e-02
-1.490330509841442108e-02
-2.945163287222385406e-03
-1.159410737454891205e-02
1.341028232127428055e-02
-4.166127368807792664e-02
-2.698223851621150970e-02
-2.878976240754127502e-02
-3.522652434185147285e-03
-2.540783723816275597e-03
-2.312090620398521423e-02
-2.260208316147327423e-02
-1.410764548927545547e-02
-3.086384013295173645e-02
-8.993512950837612152e-03
1.292508211918175220e-03
-1.578859169967472553e-03
9.204148082062602043e-04
-1.383965834975242615e-02
3.290724242106080055e-03
-1.485319435596466064e-02
-1.647697016596794128e-02
-2.032721415162086487e-02
-4.992120433598756790e-03
2.824625233188271523e-03
-2.679134719073772430e-02
-2.010375633835792542e-02
1.247438974678516388e-02
-1.872665062546730042e-02
-2.814765647053718567e-02
-1.296579092741012573e-02
-2.860513329505920410e-02
-1.179357711225748062e-02
-3.742756554856896400e-03
-6.609017960727214813e-03
-1.721793599426746368e-02
-2.786050364375114441e-02
-2.543917298316955566e-02
-2.961194328963756561e-02
-4.106308799237012863e-03
-2.311633154749870300e-02
-3.939873725175857544e-02
-1.844595558941364288e-02
2.915021264925599098e-03
5.493792239576578140e-03
-2.086436003446578979e-02
-2.891071490012109280e-04
-6.436534691601991653e-03
-5.707229021936655045e-03
-2.613669633865356445e-02
2.843415178358554840e-02
-2.491565980017185211e-02
-8.007199503481388092e-03
-1.267775427550077438e-02
5.319618619978427887e-03
-1.521611399948596954e-02
-1.099898200482130051e-02
-2.470782585442066193e-02
-1.573782600462436676e-02
-1.851840689778327942e-02
-1.651422120630741119e-02
-1.746292598545551300e-02
3.135119751095771790e-02
-6.664402317255735397e-03
-1.285405922681093216e-02
1.607928425073623657e-03
-8.185699582099914551e-03
-2.257262729108333588e-02
1.934614614583551884e-03
-2.926367521286010742e-02
5.749447736889123917e-03
-1.779679581522941589e-02
-1.899887807667255402e-02
-1.206936687231063843e-02
1.146064233034849167e-02
-1.040861755609512329e-02
-1.564618386328220367e-02
-2.843741327524185181e-02
-1.549639925360679626e-02
-6.728764623403549194e-03
-1.313813775777816772e-02
-8.283462375402450562e-03
-2.012738212943077087e-02
-3.355115279555320740e-02
-6.979750469326972961e-03
-2.976225316524505615e-02
-8.652886375784873962e-03
-3.919087350368499756e-03
-1.235659979283809662e-02
-1.335138734430074692e-02
-2.960513159632682800e-02
-3.095236839726567268e-03
-1.557988673448562622e-02
-1.848992519080638885e-02
2.413589041680097580e-03
-1.793538592755794525e-02
-1.649600639939308167e-02
-3.365113632753491402e-03
-2.863033674657344818e-02
-4.130638262722641230e-04
-3.785237297415733337e-02
6.524260621517896652e-03
-2.146809734404087067e-02
1.596552878618240356e-02
-6.877094507217407227e-03
-7.870743982493877411e-03
-1.230107061564922333e-02
-2.442988939583301544e-02
-8.108146488666534424e-03
-2.168435230851173401e-02
-2.220549806952476501e-02
-9.842450730502605438e-03
-9.765904396772384644e-03
-1.637664251029491425e-02
-1.506118290126323700e-02
-1.874211803078651428e-02
-1.591526903212070465e-02
-4.085320979356765747e-03
-7.271016947925090790e-03
-1.281614135950803757e-02
-2.400643564760684967e-02
-1.845560222864151001e-02
-2.030486427247524261e-02
-4.152612760663032532e-03
-3.769298270344734192e-02
-1.586535759270191193e-02
-1.724468171596527100e-02
-2.144020423293113708e-02
-1.496941875666379929e-02
-8.728843182325363159e-03
-1.388405356556177139e-02
-1.080831978470087051e-02
-5.629929248243570328e-03
-1.190970838069915771e-02
-1.546385232359170914e-03
9.228370152413845062e-03
-2.064601331949234009e-02
1.067345868796110153e-02
-7.999414578080177307e-03
-1.528909057378768921e-02
4.307962488383054733e-03
-1.720296777784824371e-02
1.459257006645202637e-01
-1.456570066511631012e-02
-4.965960979461669922e-03
-2.260964550077915192e-02
-2.100465819239616394e-02
-1.436523348093032837e-02
-1.590756513178348541e-02
-1.008872175589203835e-03
-2.993006072938442230e-02
-2.268550172448158264e-02
-8.709624409675598145e-03
-2.242138423025608063e-02
-2.124591916799545288e-02
-2.122395206242799759e-03
-1.574665866792201996e-02
-5.507174413651227951e-03
-1.013690698891878128e-02
-2.560687018558382988e-03
-1.318518351763486862e-02
-4.534945357590913773e-03
-1.882673613727092743e-02
-4.252465069293975830e-02
-2.390966750681400299e-02
9.579259902238845825e-03
-1.153277140110731125e-02
-1.053486630553379655e-04
-1.334661152213811874e-03
-2.967379428446292877e-02
-3.160101547837257385e-02
-2.146591246128082275e-02
-1.064095646142959595e-03
4.418062046170234680e-03
-7.451290264725685120e-03
-9.752880781888961792e-03
-3.019973263144493103e-02
1.597102917730808258e-02
-3.132089227437973022e-02
-1.436073146760463715e-02
-3.385532274842262268e-02
-2.409222908318042755e-02
-2.565706148743629456e-02
-7.856470765545964241e-04
-1.121298875659704208e-02
7.095212582498788834e-03
2.626265864819288254e-03
-1.135697122663259506e-02
-2.568832784891128540e-02
-4.412192478775978088e-02
-2.812764141708612442e-03
1.775290584191679955e-03
-7.144276052713394165e-03
2.636614721268415451e-03
-2.964912727475166321e-02
-2.296974509954452515e-02
-1.431377232074737549e-02
-6.585198920220136642e-03
-7.003373932093381882e-03
-9.096781723201274872e-03
-3.696350380778312683e-02
-2.232852019369602203e-02
-1.127153076231479645e-02
-4.019057005643844604e-02
-1.180648710578680038e-02
-3.081119619309902191e-02
-1.325409393757581711e-02
-1.002160552889108658e-02
-1.828072033822536469e-02
-3.750628605484962463e-02
-1.180184166878461838e-02
-1.155124325305223465e-02
-2.353367768228054047e-02
-1.127038989216089249e-02
-1.448288909159600735e-03
-1.206817757338285446e-02
-2.602110616862773895e-03
-3.544002026319503784e-02
1.317477319389581680e-02
-1.544348895549774170e-02
-1.387724094092845917e-02
-2.574281767010688782e-02
-1.871802657842636108e-02
-4.055166617035865784e-03
-1.386781968176364899e-02
-7.794538978487253189e-03
-9.011541493237018585e-03
-2.490156143903732300e-02
-2.915489487349987030e-02
-9.146675467491149902e-03
-2.363865263760089874e-02
-3.254104172810912132e-03
-2.708946354687213898e-02
9.271039161831140518e-04
-2.159909717738628387e-02
-1.095070131123065948e-02
-1.923533901572227478e-02
-1.180670969188213348e-02
-7.370033301413059235e-03
-1.146483328193426132e-02
4.688024520874023438e-02
-3.424758836627006531e-02
-2.692272886633872986e-02
-2.043043263256549835e-03
-2.687049098312854767e-02
-1.040339469909667969e-02
-1.324436534196138382e-02
-1.688040792942047119e-02
5.502294283360242844e-03
2.358124824240803719e-03
-1.748771965503692627e-02
-9.305540472269058228e-03
-1.723517104983329773e-02
5.777465645223855972e-03
-4.817316308617591858e-03
-1.510158926248550415e-02
-1.638926751911640167e-02
-4.369409289211034775e-03
-2.789250388741493225e-02
-1.574585027992725372e-02
1.419649086892604828e-02
-1.337144896388053894e-02
-1.726575568318367004e-02
-2.339102327823638916e-02
-1.171748246997594833e-02
-1.234725932590663433e-03
-8.914420381188392639e-03
-4.215762019157409668e-03
-2.922138012945652008e-02
-1.568915508687496185e-02
-7.901549339294433594e-03
-3.564475476741790771e-02
-1.959613710641860962e-02
6.271862424910068512e-03
-1.597542688250541687e-02
-1.324495673179626465e-02
3.340190974995493889e-03
-1.697332714684307575e-03
1.307566557079553604e-02
-2.472868748009204865e-02
-5.924437660723924637e-03
6.756157148629426956e-03
-2.271936833858489990e-02
-2.391352877020835876e-02
-1.948023214936256409e-02
-2.302460186183452606e-02
-1.545851770788431168e-02
-1.643548347055912018e-02
-1.036700606346130371e-02
-1.248087175190448761e-02
-2.703444473445415497e-02
1.067765895277261734e-02
1.303631346672773361e-03
-5.033671855926513672e-03
-8.453120477497577667e-03
-9.651207365095615387e-03
-3.614986315369606018e-02
-2.208557538688182831e-02
-3.531052172183990479e-02
-1.951683498919010162e-02
3.391565056517720222e-03
-1.506229676306247711e-02
-1.825168728828430176e-02
-2.007207088172435760e-02
5.828263703733682632e-03
-7.483176887035369873e-04
-4.004915244877338409e-03
-2.159575745463371277e-02
-1.985056512057781219e-02
7.372598629444837570e-03
-4.895849619060754776e-03
-1.350229978561401367e-02
-8.871385827660560608e-03
-1.324697397649288177e-02
-2.736063208431005478e-03
-1.168650854378938675e-02
-1.193851325660943985e-02
4.728513595182448626e-04
-2.757492288947105408e-02
-8.439231663942337036e-03
-1.576452143490314484e-02
-2.264077402651309967e-02
-1.862175203859806061e-02
-1.250429265201091766e-02
-1.703911647200584412e-02
-3.405602276325225830e-02
7.788842543959617615e-03
-1.933301985263824463e-02
-2.489557303488254547e-02
-2.929089777171611786e-02
-8.941788226366043091e-03
-3.053943067789077759e-02
-3.073156066238880157e-02
-9.437561035156250000e-03
-1.467350590974092484e-02
-2.569523453712463379e-02
-2.356225438416004181e-02
5.676625878550112247e-04
-1.388900447636842728e-02
3.335284767672419548e-03
-2.005571499466896057e-02
7.994883693754673004e-03
-1.860551536083221436e-02
-9.276404976844787598e-03
-2.794819138944149017e-02
-1.850981451570987701e-02
-1.539348810911178589e-02
-1.598533801734447479e-02
-4.264122247695922852e-02
-2.884441055357456207e-02
-2.558502741158008575e-02
-1.299356669187545776e-02
-1.266659586690366268e-03
-1.096925698220729828e-02
-2.965753525495529175e-02
-8.974604308605194092e-03
2.763491822406649590e-03
-1.210771501064300537e-02
-2.575405873358249664e-02
-1.567884348332881927e-02
-1.845091767609119415e-02
-1.738224364817142487e-02
-3.462664783000946045e-02
-9.711987338960170746e-03
-1.028860732913017273e-02
-1.737267524003982544e-02
2.915865974500775337e-03
-2.372606471180915833e-02
-7.614906877279281616e-03
-1.641695038415491581e-03
-3.591499477624893188e-02
-1.760759949684143066e-02
-1.017638389021158218e-02
-8.972840383648872375e-03
2.582471817731857300e-02
-2.569306641817092896e-03
-2.492400631308555603e-02
-2.641053637489676476e-03
-3.814886137843132019e-02
8.702873019501566887e-04
-1.407319400459527969e-02
-1.210739370435476303e-03
-1.194333285093307495e-02
-2.067319117486476898e-02
-1.326611614786088467e-03
-1.193364802747964859e-02
-3.655018517747521400e-03
-1.787279732525348663e-02
-7.654856424778699875e-03
-2.740801498293876648e-02
-1.192912459373474121e-02
-2.020601369440555573e-02
8.476321399211883545e-02
-7.831552065908908844e-03
1.788128633052110672e-03
-3.867385908961296082e-02
-4.922824911773204803e-03
-2.261575125157833099e-02
1.365968491882085800e-02
1.741084828972816467e-02
-8.167188614606857300e-03
1.949561177752912045e-03
-6.013157544657588005e-04
-5.280817393213510513e-03
-2.422317862510681152e-02
-1.227756775915622711e-02
-1.464515365660190582e-02
-4.264440387487411499e-03
-8.158286102116107941e-03
-8.878184482455253601e-03
-7.653149776160717010e-03
-7.609329186379909515e-03
-1.413998473435640335e-02
-1.593585871160030365e-02
1.456285640597343445e-02
4.842319176532328129e-04
5.128305638208985329e-04
-1.640173047780990601e-02
-4.718520212918519974e-03
-1.999767124652862549e-02
6.552792154252529144e-03
-9.984830394387245178e-03
-1.905229315161705017e-02
-1.292101666331291199e-02
-7.231587544083595276e-03
-5.055647809058427811e-03
-1.333718840032815933e-02
-2.629988268017768860e-02
-2.629501046612858772e-03
1.443966291844844818e-02
-7.123636081814765930e-03
-1.861952617764472961e-02
1.017117314040660858e-02
-8.416988886892795563e-03
-9.311784990131855011e-03
-1.786223985254764557e-02
-7.448957767337560654e-03
-4.049933515489101410e-03
-3.044828958809375763e-02
-2.434393204748630524e-02
9.759216569364070892e-03
-3.289563953876495361e-02
4.075692500919103622e-03
-4.845602379646152258e-04
-1.320918090641498566e-02
-7.633217610418796539e-03
-1.788620464503765106e-02
-1.684619486331939697e-02
-1.825052313506603241e-02
-7.086362224072217941e-03
-1.843069493770599365e-02
-2.492070011794567108e-02
-3.155873715877532959e-02
9.661310352385044098e-03
2.322709187865257263e-03
7.888867519795894623e-03
-1.039408892393112183e-02
-9.921302087604999542e-03
-2.753155678510665894e-02
-1.875080168247222900e-02
-1.018437091261148453e-02
-2.280608750879764557e-02
-1.115162763744592667e-02
-2.883982146158814430e-03
-2.135141380131244659e-02
-1.200703252106904984e-02
-1.073905359953641891e-02
1.372995879501104355e-02
-3.128432855010032654e-02
-1.373521424829959869e-02
9.350287728011608124e-03
-3.006174787878990173e-02
4.713595844805240631e-03
-1.832970790565013885e-02
-3.991166874766349792e-02
8.474309928715229034e-03
2.995801158249378204e-03
4.805278405547142029e-02
1.532952208071947098e-02
-5.241156090050935745e-03
7.310838438570499420e-03
-3.281263634562492371e-02
-1.450239797122776508e-03
-2.684035897254943848e-02
-2.317446470260620117e-02
-1.447842456400394440e-03
-1.414353307336568832e-02
-7.270148955285549164e-03
-7.227386347949504852e-03
-2.839410677552223206e-02
-3.200563415884971619e-02
-1.149441581219434738e-02
4.786212521139532328e-04
-2.681753598153591156e-02
-5.190095398575067520e-03
-2.692985814064741135e-03
-2.636723918840289116e-03
1.067486405372619629e-02
1.772212795913219452e-03
-1.905704662203788757e-02
-2.207323163747787476e-02
-3.260489925742149353e-02
-1.171531248837709427e-02
-2.417225576937198639e-02
-6.112948060035705566e-03
-8.294541388750076294e-03
-1.364173367619514465e-02
7.534085307270288467e-03
-9.772322140634059906e-03
-2.016855962574481964e-02
-1.954584196209907532e-02
-5.598300136625766754e-03
-1.522679347544908524e-03
-6.143745034933090210e-03
-1.597511582076549530e-02
-1.990368962287902832e-02
-1.207595411688089371e-02
-1.203809957951307297e-02
-1.421898137778043747e-02
-1.387574058026075363e-02
-3.413967788219451904e-02
-2.118721976876258850e-02
-3.378629311919212341e-02
-3.319262713193893433e-02
-8.217340218834578991e-04
-8.072114724200218916e-05
-1.860048249363899231e-02
-1.028518937528133392e-02
8.455833420157432556e-03
-2.333954535424709320e-02
-2.825212478637695312e-02
-1.188762392848730087e-02
-2.541636116802692413e-02
-4.018690437078475952e-02
-1.818475499749183655e-02
-8.764888159930706024e-03
-1.301441248506307602e-02
8.931902237236499786e-03
-1.550537627190351486e-02
-1.502792723476886749e-02
-1.590794511139392853e-02
-8.015667088329792023e-03
-5.356500856578350067e-03
-1.369727309793233871e-02
-9.513403289020061493e-03
-2.096972428262233734e-02
5.934913642704486847e-03
-8.639319799840450287e-03
-5.194224789738655090e-02
-1.125914789736270905e-02
-5.869542714208364487e-03
-2.549242228269577026e-02
-1.050257869064807892e-02
-1.004511141218245029e-03
-1.789302751421928406e-02
-3.376255929470062256e-02
-6.279513239860534668e-03
-7.755020633339881897e-03
-9.940351359546184540e-03
-1.600618660449981689e-02
-2.223434299230575562e-02
-1.048282906413078308e-02
-1.851026527583599091e-02
-6.432109046727418900e-03
-1.652398519217967987e-02
-3.986084368079900742e-03
-1.781714893877506256e-02
-2.329300343990325928e-02
-2.075904794037342072e-02
-2.740135230123996735e-02
-2.025425806641578674e-02
6.124872714281082153e-02
-1.228400040417909622e-02
-3.549796296283602715e-03
-1.661618612706661224e-02
-7.284688763320446014e-03
1.029996294528245926e-02
9.122134186327457428e-03
-2.409014105796813965e-02
-3.325502574443817139e-02
-3.500293008983135223e-03
1.026980765163898468e-02
-2.135731838643550873e-02
-4.135101567953824997e-03
-1.996237412095069885e-02
-2.216265164315700531e-02
-1.741755194962024689e-02
-3.273711353540420532e-02
-8.707958273589611053e-03
-2.631067112088203430e-02
-2.153733558952808380e-02
-7.763480301946401596e-03
-6.928027607500553131e-03
-1.673031784594058990e-02
-1.356880087405443192e-02
-1.323892362415790558e-02
-4.134450107812881470e-03
-3.628211328759789467e-03
2.646875800564885139e-03
-1.364872697740793228e-02
-6.951735354959964752e-03
-1.855890825390815735e-02
-2.235970646142959595e-02
-2.722870558500289917e-02
-8.510868996381759644e-03
-6.621615961194038391e-03
-1.945428630278911442e-05
-5.256029777228832245e-03
-3.964642994105815887e-03
-1.941545493900775909e-02
-2.947795949876308441e-02
-1.103003788739442825e-02
1.636008918285369873e-02
-4.732093587517738342e-02
-1.034058630466461182e-02
-1.151235029101371765e-02
9.802422486245632172e-03
-4.005268681794404984e-03
-1.581339724361896515e-02
-1.940279453992843628e-02
-1.325795520097017288e-02
-2.351813390851020813e-02
-6.883583031594753265e-03
-8.088672766461968422e-04
-1.103535853326320648e-02
5.012838169932365417e-03
-9.158564731478691101e-03
-1.494029164314270020e-02
1.597258611582219601e-03
-7.909771054983139038e-03
-2.600868977606296539e-02
-4.605484381318092346e-02
-1.884626923128962517e-03
-1.006440073251724243e-02
-1.949376985430717468e-02
-2.232593484222888947e-02
-1.027324423193931580e-02
-1.854913868010044098e-02
-1.361367572098970413e-02
1.676288316957652569e-03
-6.655781995505094528e-03
-1.174116134643554688e-02
-1.378277689218521118e-02
-4.030885919928550720e-02
-2.068288065493106842e-02
-1.893969811499118805e-02
-2.962336502969264984e-02
-1.903199590742588043e-02
-1.947250589728355408e-02
-2.450814703479409218e-03
-1.799546740949153900e-02
-1.796550303697586060e-02
3.167156595736742020e-03
-2.250133082270622253e-02
-1.730844005942344666e-02
-7.858941331505775452e-03
1.263676211237907410e-03
3.566762898117303848e-03
-2.705120481550693512e-03
4.139522556215524673e-03
-6.713625043630599976e-03
-2.808801084756851196e-02
-1.293424144387245178e-02
-2.719838917255401611e-02
1.229373086243867874e-02
-2.571403793990612030e-02
5.176921258680522442e-04
-5.887237493880093098e-04
-2.984899329021573067e-03
-2.174372225999832153e-02
-1.221651863306760788e-02
-4.829538986086845398e-03
-1.305806636810302734e-02
-2.353101223707199097e-02
-3.887158120051026344e-03
-3.340383619070053101e-02
-2.015684032812714577e-03
6.263019051402807236e-03
-9.642161428928375244e-03
-4.568894952535629272e-02
-2.293021418154239655e-02
-3.487991169095039368e-02
-2.312370017170906067e-02
-2.170651452615857124e-03
-1.074184756726026535e-02
-2.289689145982265472e-02
3.955439850687980652e-02
-2.398489043116569519e-02
-7.423997391015291214e-03
-1.910044811666011810e-02
-6.396342068910598755e-04
-1.917114481329917908e-02
8.948968723416328430e-03
-1.573920808732509613e-02
-2.498340047895908356e-02
-1.864090748131275177e-02
-7.612030021846294403e-03
-6.284680217504501343e-03
-1.556833274662494659e-02
3.167769685387611389e-02
-9.132846258580684662e-03
-1.063576084561645985e-03
-1.311461161822080612e-02
-1.151684019714593887e-02
-3.691557794809341431e-02
2.159111434593796730e-03
-9.456910192966461182e-03
-2.583117410540580750e-02
-3.236246109008789062e-02
-1.343854703009128571e-02
-1.463501714169979095e-03
-1.447164686396718025e-03
-5.192026961594820023e-03
-2.269595861434936523e-02
-2.628372516483068466e-03
-8.339211344718933105e-03
-3.910753410309553146e-03
2.299772389233112335e-02
-1.749762147665023804e-02
7.653369102627038956e-03
-4.067029803991317749e-02
-2.047582343220710754e-02
-2.799317799508571625e-02
-3.138473629951477051e-02
-2.370551042258739471e-02
-5.879184231162071228e-03
-2.415892109274864197e-02
-1.454335916787385941e-02
-2.446014061570167542e-02
-9.125842712819576263e-03
-6.278632208704948425e-03
-9.122909046709537506e-03
-1.419850904494524002e-02
-3.175972402095794678e-02
2.876882441341876984e-03
-1.542129088193178177e-02
-1.803336106240749359e-02
-1.333922334015369415e-02
-1.677464134991168976e-02
-1.114494632929563522e-03
-7.854720577597618103e-03
5.247258581221103668e-03
-2.245863899588584900e-02
7.383515476249158382e-04
-1.582996547222137451e-02
-8.650757372379302979e-03
-1.808278262615203857e-02
-2.599229104816913605e-03
-1.217375230044126511e-02
-2.054686471819877625e-02
-1.423173584043979645e-02
-2.274953760206699371e-02
6.862259935587644577e-03
-1.511305291205644608e-02
-3.477572277188301086e-02
-8.690997958183288574e-03
-4.215660970658063889e-03
-1.115964632481336594e-02
-1.069065835326910019e-02
-3.327799495309591293e-03
-1.960578747093677521e-02
-1.039243955165147781e-02
-2.200791798532009125e-02
-1.256271544843912125e-02
6.657436024397611618e-04
-2.456657402217388153e-02
-2.712739631533622742e-03
-1.803102716803550720e-02
-1.748394593596458435e-02
8.328611031174659729e-03
-2.527631260454654694e-02
-4.253113176673650742e-03
-5.741958972066640854e-03
1.860210613813251257e-04
-2.686529047787189484e-02
-1.107969507575035095e-02
1.294411253184080124e-02
-1.254204660654067993e-02
-1.957985386252403259e-02
-1.070423517376184464e-02
-1.289239525794982910e-02
-6.149641703814268112e-03
1.505980384536087513e-03
-7.930356077849864960e-03
-2.379232645034790039e-02
-1.962960325181484222e-02
-2.993352478370070457e-03
-2.864275011233985424e-04
-2.092604339122772217e-02
-9.617688134312629700e-03
-4.018038976937532425e-03
-1.498467847704887390e-02
-2.416498586535453796e-02
8.302524685859680176e-03
-1.781152375042438507e-02
-1.371895149350166321e-02
7.314065005630254745e-03
7.301310542970895767e-03
-4.389246751088649035e-04
-1.045700162649154663e-02
3.310361353214830160e-04
-1.049195323139429092e-02
-1.201781909912824631e-02
-1.408769376575946808e-02
-1.067831926047801971e-02
7.227006554603576660e-02
-1.690804027020931244e-03
-1.597259379923343658e-02
-2.182780392467975616e-02
-8.779853582382202148e-03
-5.896631628274917603e-04
-1.211533905006945133e-03
-2.048018202185630798e-02
-6.094589829444885254e-03
-2.775897458195686340e-02
-1.596321724355220795e-02
-2.224876917898654938e-02
-2.159846015274524689e-02
-2.553505823016166687e-03
9.239343926310539246e-03
-1.745762676000595093e-02
-3.326427657157182693e-03
3.926307894289493561e-03
-2.795808576047420502e-02
-7.493724580854177475e-03
1.086116768419742584e-02
-1.119341887533664703e-02
-1.094512827694416046e-02
-5.445493850857019424e-03
-8.354820311069488525e-03
-1.523842383176088333e-02
-1.503487490117549896e-02
2.772836387157440186e-02
-3.175843041390180588e-03
8.824719116091728210e-03
-3.489605709910392761e-02
-9.561586193740367889e-04
-4.949447233229875565e-03
1.447951048612594604e-01
-2.062171325087547302e-02
-1.989837363362312317e-02
-9.296804666519165039e-03
1.471653813496232033e-03
-2.139075286686420441e-02
-2.960948273539543152e-02
9.852063842117786407e-03
-2.635856531560420990e-02
-1.227984670549631119e-02
4.516480024904012680e-03
-2.044459991157054901e-02
-7.271536625921726227e-03
-1.980652287602424622e-02
-1.700183190405368805e-02
-1.963559538125991821e-02
-2.972936257719993591e-02
-3.191418945789337158e-03
-9.634182788431644440e-03
-1.899271458387374878e-02
-7.678947877138853073e-03
-2.851162850856781006e-02
-2.473654039204120636e-02
-1.943782158195972443e-02
-5.170442629605531693e-03
6.277308333665132523e-03
-1.246761810034513474e-02
-4.034883459098637104e-04
-8.292536251246929169e-03
-2.051418460905551910e-02
1.010394282639026642e-02
-2.215776592493057251e-02
-3.651395963970571756e-04
-3.587088780477643013e-03
-4.385340434964746237e-04
-1.817363873124122620e-02
-1.785851642489433289e-02
-2.133665233850479126e-02
-1.321437023580074310e-02
-2.367928437888622284e-02
-1.329863816499710083e-02
-9.635830298066139221e-03
-1.600521802902221680e-02
-2.053981088101863861e-02
-5.582690238952636719e-03
-1.439168956130743027e-02
-7.222073152661323547e-03
-2.384587936103343964e-02
-1.551050809212028980e-04
-4.281062632799148560e-02
-3.511881455779075623e-02
-1.037812326103448868e-02
-9.930079802870750427e-03
2.304609399288892746e-03
1.392750442028045654e-02
-1.987643539905548096e-02
-1.955084130167961121e-02
-7.667156867682933807e-03
1.017968449741601944e-02
-2.305621281266212463e-02
-4.285522177815437317e-02
5.553692206740379333e-02
-1.665331795811653137e-02
-1.301208697259426117e-02
-3.976213280111551285e-03
-2.830816619098186493e-02
-1.100844610482454300e-02
-1.831757090985774994e-02
-7.448554039001464844e-03
9.991263039410114288e-03
-2.391558140516281128e-02
-1.033079810440540314e-02
-2.505491673946380615e-02
9.003363084048032761e-04
-1.248801033943891525e-02
-2.952501736581325531e-02
-4.473336972296237946e-03
1.074980758130550385e-02
-2.506012283265590668e-02
-2.077958174049854279e-02
-1.615892350673675537e-02
-2.787820994853973389e-02
-1.702729426324367523e-02
-2.726685442030429840e-02
-5.876153707504272461e-03
-1.830681227147579193e-02
2.267212048172950745e-02
-2.711137011647224426e-02
-2.360512875020503998e-02
-1.822259463369846344e-02
-9.533216245472431183e-03
