-1.366474181413650513e-01
-1.624567657709121704e-01
1.174332760274410248e-02
-9.984921663999557495e-02
-5.974307656288146973e-02
4.673513025045394897e-02
-3.019286086782813072e-03
-9.403105825185775757e-02
-1.024026796221733093e-01
-3.552168235182762146e-02
-2.673640251159667969e-01
-4.165722057223320007e-02
-7.319460809230804443e-02
-3.819882497191429138e-02
-2.124830633401870728e-01
-1.560806334018707275e-01
-1.190408244729042053e-01
-1.049466803669929504e-01
1.535333413630723953e-02
1.101205591112375259e-02
-1.778548806905746460e-01
-1.548787113279104233e-02
-3.899892047047615051e-02
-1.649418026208877563e-01
-3.823648765683174133e-02
1.724230684340000153e-02
-2.909513376653194427e-02
-1.918389648199081421e-02
-7.307434082031250000e-02
-1.195490583777427673e-01
-4.840231500566005707e-03
3.978479187935590744e-03
-4.863366484642028809e-02
-2.058973014354705811e-01
-6.781804561614990234e-02
-2.585186064243316650e-01
3.864039608743041754e-04
-1.168298870325088501e-01
-5.162252858281135559e-02
-7.969986647367477417e-02
-8.406730741262435913e-02
-1.401843577623367310e-01
-8.292587846517562866e-02
4.390788078308105469e-01
-7.637255638837814331e-02
4.945018887519836426e-02
-1.549872569739818573e-02
-8.778287470340728760e-02
-5.445258691906929016e-02
-1.655283570289611816e-01
-4.023249784950166941e-04
-3.684499859809875488e-02
4.270391166210174561e-02
-2.157281190156936646e-01
-1.725459247827529907e-01
-4.258876293897628784e-02
1.378127634525299072e-01
-1.570731401443481445e-01
1.056232489645481110e-02
-1.383892446756362915e-01
-1.107559278607368469e-01
-1.267315596342086792e-01
3.395016863942146301e-02
-1.154396310448646545e-02
-5.416758358478546143e-02
-4.296880215406417847e-02
7.911538332700729370e-02
9.446299518458545208e-04
-3.108184598386287689e-02
-1.065685525536537170e-01
1.033309027552604675e-01
4.043295606970787048e-02
-6.993185728788375854e-02
-4.086757078766822815e-02
-1.870764535851776600e-03
-1.803172938525676727e-02
-8.586564101278781891e-03
-6.039190292358398438e-02
-4.397400841116905212e-02
2.447480894625186920e-02
-5.932970717549324036e-02
1.406710408627986908e-02
-3.712158650159835815e-02
-1.301172673702239990e-01
-7.147365808486938477e-02
4.584582895040512085e-02
-1.313215196132659912e-01
2.013964392244815826e-02
-5.826723948121070862e-02
6.508104503154754639e-02
-2.320619374513626099e-01
-1.982954330742359161e-02
-6.903154402971267700e-02
-5.970024690032005310e-02
-2.263569738715887070e-03
-9.693709760904312134e-02
5.762066692113876343e-03
-1.481891516596078873e-02
3.926896303892135620e-02
2.001052498817443848e-01
-6.712516397237777710e-02
-1.146377772092819214e-01
-6.167065352201461792e-03
-8.551640063524246216e-02
-6.071491912007331848e-02
-6.781780160963535309e-03
-6.308208405971527100e-02
-4.839468002319335938e-02
1.063774675130844116e-01
-4.156569391489028931e-02
-4.024380445480346680e-02
-4.161262884736061096e-02
-4.218052327632904053e-02
-1.932578831911087036e-01
-1.654238700866699219e-01
-1.988776326179504395e-01
-6.956490874290466309e-02
-8.587244153022766113e-02
3.671503439545631409e-02
-3.050033189356327057e-02
-2.593574114143848419e-03
6.249132007360458374e-02
-1.346002370119094849e-01
-8.310789614915847778e-02
-5.670390091836452484e-03
-3.896803036332130432e-02
2.347507700324058533e-02
-4.820576310157775879e-02
