1.838682073866948485e-04
1.136721111834049225e-03
1.050986000336706638e-03
1.867120154201984406e-04
8.051778422668576241e-04
4.297853156458586454e-04
6.694475305266678333e-04
1.103789662010967731e-03
7.419348112307488918e-04
5.528037436306476593e-04
4.801015602424740791e-04
7.384965429082512856e-04
8.367428090423345566e-04
5.440046661533415318e-04
4.515200562309473753e-04
6.768223829567432404e-04
1.818928285501897335e-04
6.666331901215016842e-04
4.527572309598326683e-04
1.201363629661500454e-03
8.578698616474866867e-04
5.067859892733395100e-04
5.324640078470110893e-04
7.906473474577069283e-04
9.160305489785969257e-04
2.927338355220854282e-04
3.679323417600244284e-04
5.921376869082450867e-04
6.568158278241753578e-04
2.826098643708974123e-04
6.464144098572432995e-04
7.015731534920632839e-04
7.820776081643998623e-04
6.153596332296729088e-04
4.713463131338357925e-04
8.082599961198866367e-04
9.245114633813500404e-04
3.581608762033283710e-04
2.032679767580702901e-04
9.478222928009927273e-04
5.892319022677838802e-04
4.690539499279111624e-04
5.413232138380408287e-04
1.774839940480887890e-03
1.207621302455663681e-03
4.877863393630832434e-04
2.627785434015095234e-04
7.938212365843355656e-04
5.302504869177937508e-04
3.512153634801506996e-04
3.110098768956959248e-04
1.467764377593994141e-04
1.365719712339341640e-03
8.672307594679296017e-04
7.991297752596437931e-04
1.678612607065588236e-04
4.547476710285991430e-04
8.722493657842278481e-04
5.146579351276159286e-04
9.690459119156002998e-04
1.041631796397268772e-03
7.473668083548545837e-04
3.067535872105509043e-04
8.466079598292708397e-04
4.267989133950322866e-04
9.274671319872140884e-04
6.951127434149384499e-04
3.873822279274463654e-04
5.153884994797408581e-04
9.950563544407486916e-04
2.144611353287473321e-04
1.346086646663025022e-04
2.151871740352362394e-04
2.196132118115201592e-04
1.063117175363004208e-03
2.427442668704316020e-04
9.278363431803882122e-04
1.483274623751640320e-03
4.438228497747331858e-04
2.334991586394608021e-04
3.636894107330590487e-04
8.469768799841403961e-04
2.775108150672167540e-04
5.902922130189836025e-04
4.366761713754385710e-04
1.045254408381879330e-03
5.582949961535632610e-04
2.329233800992369652e-03
5.946730962023139000e-04
4.300827567931264639e-04
2.647250075824558735e-04
4.499185015447437763e-04
3.879832220263779163e-04
2.990190405398607254e-04
3.364456642884761095e-04
1.323389005847275257e-03
3.867949708364903927e-04
3.874970425385981798e-04
2.627532696351408958e-03
6.201801588758826256e-04
2.769384009297937155e-04
1.643611467443406582e-03
1.284657395444810390e-03
2.659784804563969374e-04
5.064700380899012089e-04
3.756295191124081612e-04
1.337998080998659134e-03
6.137400632724165916e-04
4.386788059491664171e-04
7.357805734500288963e-04
9.785514557734131813e-04
1.070241909474134445e-03
8.711466798558831215e-04
2.545960887800902128e-04
6.124876672402024269e-04
3.063178155571222305e-04
9.945721831172704697e-04
4.647547029890120029e-04
2.833060862030833960e-04
5.704092909581959248e-04
1.694631995633244514e-03
4.151057510171085596e-04
8.884958224371075630e-04
1.408764801453799009e-04
2.689861576072871685e-04
8.613361860625445843e-04
6.564179784618318081e-04
7.011400302872061729e-04
2.876606886275112629e-04
7.990695303305983543e-04
4.305641341488808393e-04
3.486122586764395237e-04
1.974365732166916132e-04
4.456839815247803926e-04
2.439315430819988251e-04
1.815581228584051132e-03
6.840056157670915127e-04
3.192068834323436022e-04
1.485054526710882783e-04
6.444437312893569469e-04
7.295192917808890343e-04
5.389200523495674133e-04
1.143440487794578075e-03
9.462721645832061768e-04
3.921783529222011566e-03
9.256906923837959766e-04
1.198512036353349686e-03
3.829980734735727310e-03
5.649743252433836460e-04
2.712023560889065266e-04
2.954249503090977669e-04
5.478893872350454330e-04
6.662529194727540016e-04
2.340664359508082271e-04
4.791174724232405424e-04
9.051659726537764072e-04
1.160793239250779152e-03
1.100463909097015858e-03
4.628460155799984932e-04
7.382094627246260643e-04
7.893532747402787209e-04
9.215009631589055061e-04
2.269139658892527223e-04
3.946780634578317404e-04
3.390850615687668324e-04
6.095353746786713600e-04
2.953640359919518232e-04
1.229881774634122849e-03
4.641427367459982634e-04
3.738540108315646648e-04
3.342146519571542740e-04
2.081060374621301889e-04
1.886304351501166821e-03
6.567726377397775650e-04
7.979964721016585827e-04
4.689500783570110798e-04
8.293885039165616035e-04
8.243334596045315266e-04
3.179618506692349911e-04
3.538328455761075020e-04
2.492978528607636690e-04
6.958903395570814610e-04
1.412884565070271492e-03
3.218556230422109365e-04
3.720165404956787825e-04
4.152652691118419170e-04
3.741454565897583961e-04
7.891926215961575508e-04
9.271300514228641987e-04
1.086778705939650536e-03
5.090441554784774780e-04
9.454334503971040249e-04
4.727557534351944923e-04
5.584604223258793354e-04
9.416990214958786964e-04
2.235475840279832482e-04
8.430893067270517349e-04
2.476033987477421761e-04
6.790875922888517380e-04
1.072811312042176723e-03
5.572370719164609909e-04
1.263541751541197300e-03
4.394596326164901257e-04
2.385427360422909260e-04
3.747678129002451897e-04
1.244766754098236561e-03
2.232697588624432683e-04
4.942333325743675232e-04
8.039219537749886513e-04
1.245785038918256760e-03
8.993299561552703381e-04
7.808776572346687317e-04
3.986591182183474302e-04
1.236189738847315311e-03
5.124759627506136894e-04
7.173185003921389580e-04
1.013102591969072819e-03
7.541666855104267597e-04
7.336053531616926193e-04
7.612003828398883343e-04
2.831757301464676857e-04
9.308080771006643772e-04
5.002461839467287064e-04
1.014579436741769314e-03
5.014312337152659893e-04
9.894811082631349564e-04
8.386418921872973442e-04
1.469807582907378674e-03
3.512299444992095232e-04
1.056202338077127934e-03
6.434982060454785824e-04
6.242304225452244282e-04
6.435100222006440163e-04
1.518843229860067368e-03
4.273568920325487852e-04
2.038316102698445320e-03
1.668556360527873039e-03
3.397215914446860552e-04
1.518548233434557915e-03
7.378999143838882446e-04
8.935749065130949020e-04
3.357294772285968065e-04
6.031475495547056198e-04
1.190454931929707527e-03
3.463686443865299225e-04
1.065262942574918270e-03
2.824229304678738117e-04
2.582097367849200964e-04
2.311062708031386137e-04
7.532093441113829613e-04
8.348304545506834984e-04
8.696563309058547020e-04
1.115287304855883121e-03
1.746051013469696045e-03
6.449208594858646393e-04
2.057678939308971167e-04
2.892352058552205563e-04
7.124025141820311546e-04
1.566022867336869240e-03
8.098268299363553524e-04
6.945705972611904144e-04
6.980478065088391304e-04
7.334603578783571720e-04
6.642904481850564480e-04
1.111192046664655209e-03
5.740392953157424927e-04
5.183063331060111523e-04
3.789651091210544109e-04
8.228203514590859413e-04
1.342817093245685101e-03
6.156646413728594780e-04
5.143617163412272930e-04
5.960111157037317753e-04
8.502844721078872681e-04
7.748997886665165424e-04
5.859755910933017731e-04
3.045140183530747890e-04
3.963036288041621447e-04
1.430821255780756474e-03
4.433818976394832134e-04
9.529074304737150669e-04
4.601609543897211552e-04
3.706741263158619404e-04
1.880432682810351253e-04
8.769575506448745728e-04
8.462234400212764740e-04
8.197948336601257324e-04
1.599242445081472397e-03
8.284043869934976101e-04
2.979006094392389059e-04
6.909630610607564449e-04
1.159889041446149349e-03
1.351204846287146211e-04
8.297999156638979912e-04
6.519475136883556843e-04
8.748091640882194042e-04
7.265455788001418114e-04
2.768935228232294321e-04
3.250802692491561174e-04
5.849711014889180660e-04
1.002510776743292809e-03
9.217202896252274513e-04
1.337532303296029568e-03
3.050290979444980621e-04
3.944726486224681139e-04
1.090580597519874573e-03
1.177138299681246281e-03
3.008258936461061239e-04
2.129602245986461639e-03
8.531885687261819839e-04
3.570137487258762121e-04
1.481953077018260956e-03
2.574969839770346880e-04
1.392765785567462444e-03
3.857936244457960129e-04
1.250001951120793819e-03
4.616152029484510422e-03
1.038916409015655518e-03
6.175605813041329384e-04
7.102552335709333420e-04
1.349839731119573116e-03
8.545257733203470707e-04
1.571174361743032932e-03
1.053040614351630211e-03
7.376114954240620136e-04
5.627059726975858212e-04
8.112054201774299145e-04
1.020842930302023888e-03
7.507972768507897854e-04
7.015492883510887623e-04
2.156309928977862000e-04
6.556670996360480785e-04
1.478042686358094215e-04
3.123099158983677626e-04
6.392429349943995476e-04
6.535914726555347443e-04
6.347784656099975109e-04
2.052849158644676208e-03
6.200700299814343452e-04
1.038885820889845490e-04
6.405118620023131371e-04
4.548826836980879307e-04
1.354081090539693832e-03
1.190081005915999413e-03
5.245440406724810600e-04
8.098633843474090099e-04
9.413607185706496239e-04
4.528943100012838840e-04
9.413499501533806324e-04
9.929356165230274200e-04
7.398615125566720963e-04
1.338663278147578239e-03
3.626835241448134184e-04
7.014746079221367836e-04
1.192004303447902203e-03
1.189054804854094982e-03
8.056144579313695431e-04
4.554702027235180140e-04
2.849915763363242149e-04
2.743605873547494411e-04
1.232959795743227005e-03
2.200629096478223801e-04
3.700096276588737965e-04
1.156204729340970516e-03
2.523589937482029200e-04
1.001716940663754940e-03
6.191329448483884335e-04
1.122255926020443439e-03
5.564134335145354271e-04
2.743879449553787708e-04
2.955864183604717255e-04
6.002750596962869167e-04
6.360516999848186970e-04
1.279751770198345184e-03
2.930409391410648823e-04
6.813618820160627365e-04
2.578299026936292648e-04
6.779817631468176842e-04
1.354861888103187084e-04
7.821366889402270317e-04
8.250864921137690544e-04
6.393678486347198486e-04
8.813082822598516941e-04
1.324507989920675755e-03
8.932142518460750580e-04
3.282696125097572803e-04
9.086893987841904163e-04
5.042221164330840111e-04
1.290598447667434812e-04
7.980103255249559879e-04
3.262782993260771036e-04
2.896820369642227888e-04
9.162639034911990166e-04
7.782190223224461079e-04
7.063166704028844833e-04
1.589018647791817784e-04
4.978396464139223099e-04
2.335088793188333511e-03
1.073774299584329128e-03
3.523948544170707464e-04
8.176310220733284950e-04
4.166081489529460669e-04
6.732636247761547565e-04
2.465315628796815872e-04
5.830195732414722443e-04
3.869177075102925301e-03
1.442622975446283817e-03
2.903768909163773060e-04
4.228556645102798939e-04
3.727177972905337811e-04
5.869866581633687019e-04
4.907880211248993874e-04
5.487840389832854271e-04
5.576287512667477131e-04
5.533383809961378574e-04
4.675795789808034897e-04
1.460211351513862610e-03
6.770837353542447090e-04
9.637598413974046707e-04
1.044386182911694050e-03
4.387148655951023102e-04
2.379336656304076314e-04
1.097906730137765408e-03
5.955239175818860531e-04
4.907586844637989998e-04
1.392429228872060776e-03
1.269230269826948643e-03
9.836561512202024460e-04
1.000949065200984478e-03
4.692285147029906511e-04
1.260677818208932877e-03
5.790024879388511181e-04
7.519649807363748550e-04
4.525929107330739498e-04
1.060748356394469738e-03
1.728337228996679187e-04
1.733782701194286346e-04
1.381822745315730572e-03
9.963798802345991135e-04
1.028943806886672974e-03
7.464492227882146835e-04
1.732018077746033669e-03
2.060283150058239698e-04
6.348884780891239643e-04
1.987657888093963265e-04
1.890157145680859685e-04
2.925209992099553347e-04
4.304433532524853945e-04
2.043202403001487255e-04
2.207042562076821923e-04
3.341704723425209522e-04
1.159817678853869438e-03
7.422883063554763794e-04
6.657814956270158291e-04
5.510174669325351715e-04
1.100616762414574623e-03
4.852990387007594109e-04
4.077832854818552732e-04
1.077996334061026573e-03
1.324393815593793988e-04
1.337445108219981194e-03
8.403050014749169350e-04
7.975702174007892609e-04
9.924626210704445839e-04
2.425165148451924324e-04
6.649697315879166126e-04
4.961528466083109379e-04
1.161533145932480693e-04
5.200064042583107948e-04
5.826104898005723953e-04
6.974348798394203186e-04
9.216243634000420570e-04
5.121913854964077473e-04
2.637630677781999111e-04
3.212539886590093374e-04
2.947247703559696674e-04
5.735870217904448509e-04
5.384789546951651573e-04
3.647385456133633852e-04
4.581277025863528252e-04
3.928997612092643976e-04
2.589396666735410690e-03
1.186899491585791111e-03
7.488008122891187668e-04
5.254023126326501369e-04
9.974435670301318169e-04
4.212802450638264418e-04
2.596663252916187048e-04
5.829503061249852180e-04
7.106902194209396839e-04
5.974899977445602417e-04
2.000503445742651820e-04
1.312828535446897149e-04
8.206377970054745674e-04
3.969171375501900911e-04
4.830330144613981247e-04
2.693408168852329254e-04
4.452755383681505919e-04
2.008291921811178327e-04
4.554610932245850563e-04
5.633790860883891582e-04
4.431162378750741482e-04
8.909679017961025238e-04
4.708763153757900000e-04
7.959799258969724178e-04
2.498271060176193714e-04
3.747783775907009840e-04
6.993627175688743591e-04
6.429502391256392002e-04
3.264791448600590229e-04
3.197632613591849804e-04
3.731959150172770023e-04
5.085068987682461739e-04
9.028400527313351631e-04
4.158318042755126953e-04
6.737508811056613922e-04
1.010070089250802994e-03
6.239629583433270454e-04
5.815258482471108437e-04
9.208363480865955353e-04
1.364265335723757744e-03
7.314748945645987988e-04
1.442708889953792095e-03
6.264125695452094078e-04
4.772400716319680214e-04
4.197568341623991728e-04
1.071380800567567348e-03
8.256447035819292068e-04
4.221238777972757816e-04
1.123551977798342705e-03
4.617654194589704275e-04
1.354314736090600491e-03
4.660631821025162935e-04
1.703217712929472327e-04
1.244639744982123375e-03
6.508565857075154781e-04
2.105293533531948924e-04
6.855082465335726738e-04
1.888081547804176807e-03
5.603240570053458214e-04
1.026144251227378845e-03
2.506689925212413073e-04
8.874863269738852978e-04
9.144122595898807049e-04
1.849666150519624352e-04
5.898889503441751003e-04
7.946845726110041142e-04
1.954416802618652582e-04
1.142040709964931011e-03
5.385980475693941116e-04
1.324432319961488247e-03
7.614963105879724026e-04
5.877231014892458916e-04
6.136336014606058598e-04
4.520419752225279808e-04
1.676895044511184096e-04
2.784961543511599302e-04
4.008239193353801966e-04
1.771542010828852654e-03
8.708643727004528046e-04
4.170604806859046221e-04
5.959607078693807125e-04
4.987227730453014374e-04
6.825255113653838634e-04
2.817156782839447260e-04
7.550619775429368019e-04
2.179123403038829565e-04
3.362758725415915251e-04
8.902397821657359600e-04
3.798400284722447395e-04
4.310478107072412968e-04
2.685925574041903019e-04
9.086305362870916724e-05
8.150921785272657871e-04
1.298556919209659100e-03
7.317213458009064198e-04
6.389858899638056755e-04
1.717703416943550110e-03
4.046173125971108675e-04
6.438295240513980389e-04
6.679571815766394138e-04
6.909600924700498581e-04
7.450047996826469898e-04
5.279248580336570740e-04
1.007010578177869320e-03
5.403291434049606323e-04
8.457018993794918060e-04
7.856688462197780609e-04
8.244922501035034657e-04
1.780802995199337602e-04
2.422742109047248960e-04
2.373507013544440269e-04
2.616625861264765263e-04
2.024086279561743140e-04
9.527665679343044758e-04
7.441264460794627666e-05
2.770475111901760101e-04
5.022948025725781918e-04
6.516379653476178646e-04
9.258650825358927250e-04
6.148749380372464657e-04
3.835159004665911198e-04
2.818957436829805374e-04
6.418063421733677387e-04
4.059844068251550198e-04
1.861957134678959846e-03
2.159768628189340234e-04
7.254736847244203091e-04
3.741000546142458916e-04
6.487589562311768532e-04
3.337995440233498812e-04
4.312731616664677858e-04
2.108250191668048501e-04
8.967957110144197941e-04
4.055580357089638710e-04
1.093281549401581287e-03
7.935575558803975582e-04
2.903993881773203611e-04
7.087793783284723759e-04
2.498543763067573309e-04
5.415655905380845070e-04
9.309789165854454041e-04
1.621860777959227562e-03
1.018761890009045601e-03
2.656460565049201250e-04
3.677443892229348421e-04
3.484882472548633814e-04
6.337310187518596649e-04
8.245636709034442902e-04
6.154470029287040234e-04
6.205445970408618450e-04
5.242409533821046352e-04
7.811935502104461193e-04
4.262453294359147549e-04
4.636720404960215092e-04
3.937795991078019142e-04
1.403449568897485733e-03
3.142368223052471876e-04
2.972143120132386684e-04
5.067720776423811913e-04
5.507449386641383171e-04
9.625979582779109478e-04
7.909800042398273945e-04
4.904160741716623306e-04
3.641686344053596258e-04
8.086132002063095570e-04
4.261713766027241945e-04
8.581983274780213833e-04
1.106254640035331249e-03
5.496369558386504650e-04
2.699934702832251787e-04
5.516284145414829254e-04
1.056655193679034710e-03
8.846247219480574131e-04
3.831793728750199080e-04
2.319096238352358341e-04
1.261506404262036085e-04
6.274729385040700436e-04
8.178005809895694256e-04
8.837611530907452106e-04
5.352239240892231464e-04
4.257576074451208115e-04
1.588961604284122586e-04
7.499234052374958992e-04
4.985372652299702168e-04
4.420128534547984600e-04
9.743584669195115566e-04
8.448077132925391197e-04
7.695218082517385483e-04
5.782527732662856579e-04
3.369399928487837315e-04
9.778497042134404182e-04
9.954049019142985344e-04
7.502429070882499218e-04
1.053091487847268581e-03
8.438766235485672951e-04
6.730537861585617065e-04
3.674035833682864904e-04
2.977621043100953102e-04
9.235118632204830647e-04
4.891644348390400410e-04
8.520316914655268192e-04
4.559376393444836140e-04
4.286838811822235584e-04
5.629279767163097858e-04
1.633135543670505285e-04
6.358128157444298267e-04
6.301166140474379063e-04
1.531386369606480002e-04
6.231398438103497028e-04
3.373682557139545679e-04
5.955988890491425991e-04
1.213907846249639988e-03
7.025557570159435272e-04
1.733403070829808712e-03
4.049731069244444370e-04
4.814047133550047874e-04
5.737130995839834213e-04
6.065721390768885612e-04
1.426281407475471497e-03
7.416307926177978516e-04
6.520384922623634338e-04
4.225347656756639481e-04
8.138064877130091190e-04
6.623485242016613483e-04
4.919202765449881554e-04
1.210181158967316151e-03
1.016449881717562675e-03
1.007466227747499943e-03
2.829146978911012411e-04
7.529769209213554859e-04
4.236180102452635765e-04
4.513413878157734871e-04
6.839152774773538113e-04
8.823677198961377144e-04
2.209823345765471458e-03
1.570869644638150930e-04
4.374434938654303551e-04
7.801263709552586079e-04
5.459667881950736046e-04
5.686958902515470982e-04
8.116113604046404362e-04
8.981282589957118034e-04
8.430264424532651901e-04
3.380183188710361719e-04
3.735242062248289585e-04
5.775516619905829430e-04
2.274829748785123229e-04
1.119499560445547104e-03
2.166112535633146763e-04
9.577802848070859909e-04
1.276346156373620033e-04
3.719736705534160137e-04
1.061328570358455181e-03
8.630021329736337066e-05
7.116381893865764141e-04
5.723141366615891457e-04
3.757772501558065414e-04
7.386269862763583660e-04
1.050100545398890972e-03
1.650525140576064587e-03
4.357841389719396830e-04
1.112248166464269161e-03
6.311145261861383915e-04
4.558106884360313416e-04
3.237094497308135033e-04
7.560762460343539715e-04
1.035931752994656563e-03
7.899024640209972858e-04
2.441683027427643538e-04
1.343089621514081955e-03
3.776153316721320152e-04
7.883105427026748657e-04
4.326646449044346809e-04
1.191927236504852772e-03
7.497746264562010765e-04
3.886494087055325508e-04
1.102273003198206425e-03
5.762399523518979549e-04
4.971691523678600788e-04
2.035277721006423235e-04
1.493698364356532693e-04
9.798910468816757202e-04
2.693279820960015059e-04
4.332195094320923090e-04
4.706698528025299311e-04
4.061654035467654467e-04
7.824582280591130257e-04
7.831660332158207893e-04
7.616451475769281387e-04
4.989973385818302631e-04
4.460469062905758619e-04
2.700363111216574907e-04
2.812305465340614319e-04
1.039528986439108849e-03
3.679312358144670725e-04
8.623112807981669903e-04
1.291191438212990761e-03
2.632940886542201042e-04
4.413855785969644785e-04
4.473335575312376022e-04
1.244427985511720181e-03
4.190238541923463345e-04
7.688188925385475159e-04
1.029511695378459990e-04
9.091523243114352226e-04
3.019180148839950562e-04
2.242207701783627272e-04
6.170374690555036068e-04
1.072727493010461330e-03
6.259225192479789257e-04
6.591255660168826580e-04
2.469129685778170824e-04
2.698356984183192253e-04
3.619595954660326242e-04
1.036869944073259830e-03
5.733897560276091099e-04
2.134990645572543144e-03
6.169213447719812393e-04
5.499054677784442902e-04
5.146367475390434265e-04
7.993570179678499699e-04
5.350622814148664474e-04
1.681924914009869099e-04
6.428477936424314976e-04
4.753819084726274014e-04
3.274375631008297205e-04
4.919182974845170975e-04
4.705316969193518162e-04
6.009417120367288589e-04
8.280978072434663773e-04
3.579907061066478491e-04
1.566968858242034912e-04
3.509510424919426441e-04
3.905791672877967358e-04
1.068462268449366093e-03
5.533688818104565144e-04
1.787708461051806808e-04
7.244070293381810188e-04
2.743753429967910051e-04
4.273829981684684753e-04
4.178498929832130671e-04
1.130543183535337448e-03
4.970825975760817528e-04
2.973229275085031986e-04
2.844551636371761560e-04
3.453831595834344625e-04
1.446324167773127556e-03
5.150426877662539482e-04
1.002331846393644810e-03
5.038307281211018562e-04
7.379089947789907455e-04
7.105120457708835602e-04
3.892622771672904491e-04
1.500291546108201146e-04
6.998670287430286407e-04
3.684421535581350327e-04
1.784995780326426029e-03
3.223388921469449997e-04
1.459979102946817875e-03
1.006822334602475166e-03
2.863061381503939629e-04
5.009218584746122360e-04
3.173283184878528118e-04
3.469492075964808464e-04
8.785661775618791580e-04
5.125144962221384048e-04
3.858717391267418861e-04
1.443384215235710144e-03
4.670226480811834335e-04
9.717999491840600967e-04
1.304697711020708084e-03
1.465108944103121758e-03
3.619760100264102221e-04
1.517790835350751877e-03
3.357713576406240463e-04
2.027132431976497173e-04
5.576958064921200275e-04
4.171466280240565538e-04
8.186178165487945080e-04
3.604876110330224037e-04
3.990194527432322502e-04
1.033794716931879520e-03
1.977633510250598192e-04
3.205258690286427736e-04
1.666568132350221276e-04
8.861867245286703110e-04
8.846749551594257355e-04
4.856015439145267010e-04
1.024633646011352539e-03
1.265533617697656155e-03
2.395055344095453620e-04
2.964362211059778929e-04
1.289503765292465687e-03
4.245913878548890352e-04
5.553192459046840668e-04
1.386780350003391504e-04
5.182684981264173985e-04
7.156559149734675884e-04
7.077202317304909229e-04
5.768266273662447929e-04
9.778214734978973866e-05
5.235524731688201427e-04
5.878451047465205193e-04
9.755591599969193339e-05
6.468138890340924263e-04
1.816559670260176063e-04
6.329909665510058403e-04
3.238643112126737833e-04
1.106545023503713310e-04
9.713660692796111107e-04
3.720823151525110006e-04
6.889393553137779236e-04
7.691709906794130802e-04
3.909292630851268768e-03
1.053928048349916935e-03
1.350995502434670925e-03
6.331476615741848946e-04
6.127691594883799553e-04
4.761431482620537281e-04
3.949434030801057816e-04
5.983127048239111900e-04
4.392670816741883755e-04
2.954991941805928946e-04
4.672464274335652590e-04
3.551342233549803495e-04
8.916441001929342747e-04
5.120738060213625431e-04
8.261619368568062782e-04
7.343411562032997608e-04
5.332428845576941967e-04
6.979851750656962395e-04
4.112555470783263445e-04
8.884787675924599171e-04
4.237978137098252773e-04
7.930834544822573662e-04
1.221118145622313023e-03
4.463457153178751469e-04
5.915012443438172340e-04
1.216273871250450611e-03
4.700627177953720093e-04
3.130920231342315674e-04
3.923852054867893457e-04
6.186299142427742481e-04
9.721652022562921047e-04
7.637969683855772018e-04
1.686006435193121433e-03
3.888081409968435764e-04
3.230382571928203106e-04
7.813848787918686867e-04
7.642834680154919624e-04
7.862583734095096588e-04
1.427633338607847691e-03
6.246714619919657707e-04
2.088199107674881816e-04
6.163416546769440174e-04
2.635291079059243202e-03
8.716218871995806694e-04
1.318372320383787155e-03
6.592145655304193497e-04
1.140777370892465115e-03
1.326644909568130970e-03
1.000827760435640812e-03
1.147227245382964611e-03
4.672646464314311743e-04
1.210408285260200500e-03
7.146252901293337345e-04
2.120279707014560699e-03
7.183635025285184383e-04
8.198347059078514576e-04
1.125691924244165421e-03
2.871051256079226732e-04
3.213067830074578524e-04
5.022844998165965080e-04
8.441265672445297241e-04
6.131388363428413868e-04
5.223795305937528610e-04
6.234486936591565609e-04
5.507893511094152927e-04
4.641503037419170141e-04
5.140575813129544258e-04
1.005713129416108131e-03
4.332513490226119757e-04
6.651909789070487022e-04
1.273232395760715008e-03
1.046628924086689949e-03
2.858140214812010527e-04
1.038242597132921219e-03
1.150554278865456581e-03
9.840362472459673882e-04
8.197143906727433205e-04
4.245257878210395575e-04
5.375851178541779518e-04
3.269560693297535181e-04
1.328050508163869381e-03
8.148881606757640839e-04
7.284110761247575283e-04
8.185393380699679255e-05
1.094299950636923313e-03
1.030611922033131123e-03
2.573124947957694530e-04
9.592622518539428711e-04
1.963353424798697233e-04
7.498046616092324257e-04
4.866889503318816423e-04
7.001993362791836262e-04
4.605400026775896549e-04
6.226444966159760952e-04
3.239837533328682184e-04
1.070538535714149475e-03
1.683715818217024207e-04
9.956718422472476959e-04
9.060454613063484430e-05
1.153391785919666290e-03
1.272586756385862827e-03
3.793810028582811356e-04
1.408593729138374329e-03
7.008216343820095062e-04
4.175908106844872236e-04
1.412101788446307182e-03
4.044383240398019552e-04
7.250468479469418526e-04
8.862246759235858917e-04
7.614520145580172539e-04
8.407246205024421215e-04
7.005584193393588066e-04
8.213694673031568527e-04
6.956243305467069149e-04
5.910826730541884899e-04
6.685221451334655285e-04
1.390690333209931850e-03
4.091773589607328176e-04
5.617468268610537052e-04
7.691258797422051430e-04
7.782183238305151463e-04
1.019469229504466057e-03
1.228548353537917137e-03
1.257368712686002254e-04
6.307212752290070057e-04
1.859570766100659966e-04
1.471083611249923706e-03
7.919623749330639839e-04
5.985423340462148190e-04
2.961324062198400497e-04
