-9.496729820966720581e-02
-4.292833805084228516e-02
-6.484400480985641479e-02
-1.111621633172035217e-01
-1.367903649806976318e-01
-9.839130192995071411e-02
-1.284545212984085083e-01
-3.263930976390838623e-02
-1.889989376068115234e-01
-5.121472850441932678e-02
-1.933260858058929443e-01
-5.640142783522605896e-02
-1.662420034408569336e-01
-1.180607378482818604e-01
-1.059843376278877258e-01
-1.854252628982067108e-02
-9.333813935518264771e-02
-5.816475301980972290e-02
-3.175978362560272217e-02
-1.020964160561561584e-01
-1.559824198484420776e-01
-7.701947540044784546e-02
-1.286185234785079956e-01
-6.588839739561080933e-02
-1.850147843360900879e-01
-6.788110733032226562e-02
-7.621888071298599243e-02
-6.591747701168060303e-02
-7.361303269863128662e-02
-1.341318618506193161e-02
-1.070447489619255066e-01
-6.843736767768859863e-02
-8.957156538963317871e-02
-2.878101542592048645e-03
-1.198005080223083496e-01
-1.194394566118717194e-02
-1.062887609004974365e-01
-6.861858814954757690e-02
-6.120181083679199219e-02
-1.318877488374710083e-01
-1.781193614006042480e-01
-7.653024047613143921e-02
1.661600321531295776e-01
-1.244474723935127258e-01
-8.563172072172164917e-02
-2.696211822330951691e-02
-1.248168647289276123e-01
-5.302013084292411804e-02
-2.006993293762207031e-01
-6.346153467893600464e-02
1.193991154432296753e-01
-1.497407704591751099e-01
-6.708486378192901611e-02
-1.741664856672286987e-01
-1.034625396132469177e-01
-1.166668385267257690e-01
-1.681449711322784424e-01
-1.027148813009262085e-01
-1.438252627849578857e-01
-4.054899513721466064e-02
7.304640859365463257e-02
-7.695860415697097778e-02
-5.783835425972938538e-02
-8.337619155645370483e-02
-2.013865411281585693e-01
-1.179147660732269287e-01
-4.073393344879150391e-02
-7.025793194770812988e-02
2.116277115419507027e-03
-6.780285388231277466e-02
-1.495393961668014526e-01
-3.417925536632537842e-02
-9.834685176610946655e-02
-1.059226915240287781e-01
-2.150614187121391296e-02
-5.544378235936164856e-02
-7.834611088037490845e-02
-7.420688122510910034e-02
-6.013495475053787231e-02
-9.182390570640563965e-02
-5.068133026361465454e-02
-1.486133038997650146e-01
-7.493181526660919189e-02
-9.010959416627883911e-02
-6.354448944330215454e-02
-7.397693395614624023e-02
-8.704091608524322510e-02
-9.755427390336990356e-02
-2.598929405212402344e-01
-8.903730660676956177e-02
-8.988628536462783813e-02
-1.529117822647094727e-01
-4.242825880646705627e-02
-1.403051614761352539e-01
-1.159116849303245544e-01
-5.229408293962478638e-02
-8.134411275386810303e-02
-1.197955980896949768e-01
-1.376416683197021484e-01
-8.516841381788253784e-02
-6.768622994422912598e-02
-1.657174825668334961e-01
-1.012340933084487915e-01
-1.307175457477569580e-01
-7.980777323246002197e-02
-2.426721006631851196e-01
-6.577358394861221313e-02
-6.308623403310775757e-02
-1.020567193627357483e-01
-1.273648738861083984e-01
-9.581888467073440552e-02
-6.024988740682601929e-02
-1.203005760908126831e-01
-6.215015053749084473e-02
-7.271384447813034058e-02
-1.409505903720855713e-01
-8.877089619636535645e-02
-3.851470351219177246e-02
1.942508295178413391e-02
-4.813589155673980713e-02
-2.079553157091140747e-02
-9.793284535408020020e-02
-1.236389428377151489e-01
-1.102607324719429016e-01
-1.046850811690092087e-02
-1.713314838707447052e-02
-9.537022560834884644e-02
-1.580525487661361694e-01
-1.260823458433151245e-01
-8.304207026958465576e-02
-1.140665560960769653e-01
-6.699751317501068115e-02
-8.599016070365905762e-02
-5.888288095593452454e-02
-1.430156528949737549e-01
-1.792376786470413208e-01
-1.793528497219085693e-01
-1.547068059444427490e-01
-1.523481458425521851e-01
-7.663751393556594849e-02
-4.512216523289680481e-02
-2.206044346094131470e-01
-8.975770324468612671e-02
-8.915827423334121704e-02
2.371743135154247284e-02
-9.737228602170944214e-02
-2.262467332184314728e-02
1.878997078165411949e-03
-1.124817654490470886e-01
-3.067591041326522827e-02
-4.944170638918876648e-02
-9.570925682783126831e-02
-1.024496033787727356e-01
-9.396906942129135132e-02
-9.297366254031658173e-03
-8.680509030818939209e-02
-1.181892827153205872e-01
8.497379720211029053e-02
-6.770680844783782959e-02
-7.920385152101516724e-02
-4.091016575694084167e-02
-9.086590260267257690e-02
-1.315471231937408447e-01
-9.681498259305953979e-02
-7.476000487804412842e-02
-5.827219411730766296e-02
-1.061106026172637939e-01
-1.412779986858367920e-01
-1.346683800220489502e-01
-3.588345274329185486e-02
-4.318672418594360352e-02
6.241326779127120972e-02
-9.056565910577774048e-02
-6.423154473304748535e-02
-4.141669720411300659e-02
1.108752004802227020e-02
-1.396036297082901001e-01
-9.828890860080718994e-02
-1.266221553087234497e-01
-4.078276082873344421e-02
-1.628843368962407112e-03
-2.591540813446044922e-01
-8.467002213001251221e-02
-9.864524006843566895e-02
-2.592787705361843109e-02
-8.742131292819976807e-02
-1.198285520076751709e-01
-1.239587515592575073e-01
-9.678723663091659546e-02
-1.471330523490905762e-01
-9.668149054050445557e-02
-1.273231655359268188e-01
1.191647443920373917e-02
-2.012079395353794098e-02
-7.170041650533676147e-02
-8.673493564128875732e-02
-8.374724537134170532e-02
-1.474329084157943726e-01
-1.657156199216842651e-01
-1.853079199790954590e-01
8.590812981128692627e-02
-1.579157561063766479e-01
-9.080583602190017700e-02
-1.340422481298446655e-01
-1.316010951995849609e-01
-7.013400644063949585e-02
-1.214446872472763062e-01
-1.153427809476852417e-01
-1.147679015994071960e-01
-6.180192157626152039e-02
-6.981679052114486694e-02
-1.351826936006546021e-01
-8.352064341306686401e-02
-1.696358174085617065e-01
-3.382083773612976074e-02
-1.496786624193191528e-01
-9.348496794700622559e-02
7.354120910167694092e-02
-7.098435610532760620e-02
-1.275554895401000977e-01
-8.286122232675552368e-02
-1.406852900981903076e-01
-1.013429388403892517e-01
-1.725680530071258545e-01
-9.502986818552017212e-02
-8.951687067747116089e-02
-1.470019072294235229e-01
-4.666203260421752930e-02
-7.757294178009033203e-02
-1.460460480302572250e-02
1.356884464621543884e-02
-2.587341070175170898e-01
-9.099784493446350098e-02
1.044247522950172424e-01
-1.137527972459793091e-01
-3.993067741394042969e-01
-5.443192645907402039e-02
1.609311066567897797e-02
-5.382401123642921448e-02
-1.187339723110198975e-01
-6.993762403726577759e-02
-6.919093430042266846e-02
-6.114087626338005066e-02
-6.702384352684020996e-02
-2.353996932506561279e-01
-5.731534585356712341e-02
-1.812170594930648804e-01
-5.243107303977012634e-02
-1.778849661350250244e-01
-1.660265475511550903e-01
-1.221203207969665527e-01
-6.569565087556838989e-02
-9.002431482076644897e-02
-6.645824015140533447e-02
-8.847586065530776978e-02
-7.723814994096755981e-02
