-3.348947167396545410e-01
-1.008397936820983887e-01
-9.504836052656173706e-03
4.786295443773269653e-02
-9.643108397722244263e-02
3.130833506584167480e-01
5.006944015622138977e-02
-2.268061973154544830e-02
2.577165663242340088e-01
1.366790533065795898e-01
-1.259878575801849365e-01
-1.714298268780112267e-03
-1.619739830493927002e-01
-4.939274489879608154e-02
1.924929022789001465e-01
7.332508265972137451e-02
-6.464706361293792725e-02
-1.329670101404190063e-01
3.733801655471324921e-03
-1.173227429389953613e-01
6.609716266393661499e-02
-1.220253109931945801e-01
3.955237194895744324e-02
5.786883458495140076e-02
8.753418922424316406e-02
-2.094946950674057007e-01
2.686501145362854004e-01
-1.504681259393692017e-01
2.573168873786926270e-01
2.496270686388015747e-01
-8.248731493949890137e-02
5.000704154372215271e-02
-3.240276500582695007e-02
-4.892250895500183105e-02
2.054422535002231598e-02
2.349983406020328403e-04
1.884786039590835571e-01
-2.357029914855957031e-02
-8.875550329685211182e-02
-5.396350845694541931e-02
-2.140865623950958252e-01
-7.314029335975646973e-02
-5.105185508728027344e-02
-3.043201752007007599e-02
-8.970706164836883545e-02
-8.957938104867935181e-02
-1.391536891460418701e-01
6.936960853636264801e-03
-1.228284314274787903e-01
-1.338975727558135986e-01
6.833738088607788086e-02
-2.111626556143164635e-03
-9.159670211374759674e-03
-2.538923732936382294e-02
2.965408265590667725e-01
1.677500456571578979e-02
1.691262871026992798e-01
-4.964131116867065430e-02
-1.790492981672286987e-01
1.099014952778816223e-01
4.474748671054840088e-02
1.081181615591049194e-01
-7.615695148706436157e-02
-3.428092226386070251e-02
