2.388762235641479492e-01
2.913587391376495361e-01
3.161515295505523682e-01
2.712244093418121338e-01
2.173062264919281006e-01
3.090293705463409424e-01
2.293670773506164551e-01
2.308581471443176270e-01
2.112920433282852173e-01
2.805425822734832764e-01
1.992324590682983398e-01
3.189395368099212646e-01
1.795493960380554199e-01
1.124561865850637332e-08
1.970405578613281250e-01
2.099644690752029419e-01
2.431691437959671021e-01
2.169708609580993652e-01
1.941455304622650146e-01
3.156908452510833740e-01
1.964834332466125488e-01
2.321409285068511963e-01
2.196175754070281982e-01
2.163328230381011963e-01
2.435698360204696655e-01
2.968342006206512451e-01
2.385158240795135498e-01
2.116198390722274780e-01
1.449206620454788208e-01
2.938817739486694336e-01
2.291143536567687988e-01
9.271573275327682495e-02
4.333378374576568604e-01
2.078150063753128052e-01
2.799020409584045410e-01
3.580382466316223145e-01
2.931468784809112549e-01
2.530555725097656250e-01
2.421029508113861084e-01
2.175490409135818481e-01
3.864521682262420654e-01
2.100262343883514404e-01
3.680482208728790283e-01
3.372427523136138916e-01
5.082615613937377930e-01
1.934128254652023315e-01
2.391391545534133911e-01
2.665164172649383545e-01
3.902046084403991699e-01
1.983963102102279663e-01
2.169400006532669067e-01
2.666563391685485840e-01
4.980580508708953857e-01
2.355271279811859131e-01
2.134893834590911865e-01
2.595087289810180664e-01
2.354733198881149292e-01
1.757931113243103027e-01
4.535401165485382080e-01
1.710208356380462646e-01
2.490283250808715820e-01
2.514821588993072510e-01
3.802016377449035645e-01
1.966485977172851562e-01
