-9.979092329740524292e-02
-8.788425475358963013e-03
-5.883547291159629822e-02
-1.433784812688827515e-01
-1.689953804016113281e-01
-2.797114662826061249e-02
-1.572577059268951416e-01
-1.458322703838348389e-01
-1.279720067977905273e-01
-1.191402077674865723e-01
-1.861065439879894257e-02
-1.581975519657135010e-01
-1.301327645778656006e-01
-6.475528329610824585e-02
-6.985004246234893799e-02
-2.021236866712570190e-01
-1.047794073820114136e-01
-7.092081755399703979e-02
-9.274458140134811401e-02
-3.965802118182182312e-02
-3.535035625100135803e-02
-4.832847416400909424e-02
-3.515507653355598450e-02
-1.410373896360397339e-01
-1.369891762733459473e-01
-1.513049602508544922e-01
-8.256044983863830566e-02
-5.319805815815925598e-02
-7.541012018918991089e-02
-1.186670660972595215e-01
-6.619438529014587402e-02
2.150894328951835632e-02
-2.278712540864944458e-01
-1.511841714382171631e-01
-1.770441681146621704e-01
-5.439017340540885925e-02
-6.762633472681045532e-02
-8.202084898948669434e-02
-1.557279974222183228e-01
-5.189974233508110046e-02
-5.347202718257904053e-02
-7.672824710607528687e-02
-9.510756283998489380e-02
-1.177327707409858704e-01
-1.211139038205146790e-01
-9.164613485336303711e-02
-6.458842754364013672e-02
-1.052781268954277039e-01
-1.050390154123306274e-01
-7.366967946290969849e-02
-6.229345127940177917e-02
-4.022996500134468079e-02
-1.109153702855110168e-01
-1.001758053898811340e-01
-6.540644168853759766e-02
-6.803335249423980713e-02
-1.204012855887413025e-01
-9.113838523626327515e-02
-6.203857436776161194e-02
-1.141994372010231018e-01
-9.847824275493621826e-02
-9.698018431663513184e-02
-6.933987140655517578e-02
-7.826273888349533081e-02
-8.592253178358078003e-02
-6.630161777138710022e-03
-3.848619386553764343e-02
2.013301700353622437e-01
-9.277441352605819702e-02
-1.403691321611404419e-01
-1.102712452411651611e-01
-4.405496641993522644e-02
-1.294495165348052979e-01
-8.169180899858474731e-02
-6.567533314228057861e-02
-1.051485091447830200e-01
-1.563258767127990723e-01
-7.006147503852844238e-02
-8.991519361734390259e-02
-7.349674403667449951e-02
-8.667442947626113892e-02
-5.915073305368423462e-02
-4.063681885600090027e-02
-1.170285716652870178e-01
-1.424389630556106567e-01
-8.213116228580474854e-02
2.410502545535564423e-02
-8.371493965387344360e-02
-5.973444879055023193e-02
-1.295479685068130493e-01
-7.276025414466857910e-02
-1.331683844327926636e-01
-1.105450913310050964e-01
-8.082406967878341675e-02
-1.122903227806091309e-01
-1.019059717655181885e-01
-9.750550240278244019e-02
-1.334683895111083984e-01
-1.549878418445587158e-01
-1.463993042707443237e-01
-3.649884834885597229e-02
-1.334854215383529663e-01
-1.080000996589660645e-01
-5.528590455651283264e-02
-9.635608643293380737e-02
-1.105823144316673279e-01
-4.819111153483390808e-02
-6.674315035343170166e-02
-1.303673833608627319e-01
-8.055533468723297119e-02
-1.239967569708824158e-01
-1.433582510799169540e-02
-1.219111829996109009e-01
-4.628932848572731018e-02
-9.891571104526519775e-02
-8.958547562360763550e-02
-2.079845778644084930e-02
-1.634088158607482910e-01
-2.571296133100986481e-02
-1.211833506822586060e-01
-2.964171953499317169e-02
-7.941512763500213623e-02
-1.001964509487152100e-01
-6.037674099206924438e-02
-1.028898805379867554e-01
-1.578534990549087524e-01
-1.287939995527267456e-01
-1.047136709094047546e-01
-7.603416591882705688e-02
-8.286666125059127808e-02
-1.589079946279525757e-02
-7.471548765897750854e-02
-9.735583513975143433e-02
-5.028480663895606995e-02
-5.422771349549293518e-02
-8.185663074254989624e-02
-9.415571391582489014e-02
-5.584664270281791687e-02
-6.427457928657531738e-02
-1.053813919425010681e-01
-1.360433455556631088e-02
-1.776922196149826050e-01
-4.184593632817268372e-02
-3.543485328555107117e-02
-9.883963316679000854e-02
-1.048537418246269226e-01
-1.467416435480117798e-01
-5.531765148043632507e-02
-1.005678027868270874e-01
-7.665247470140457153e-02
-1.002359762787818909e-01
-1.034898832440376282e-01
-8.356521278619766235e-02
-1.244301646947860718e-01
-1.999550685286521912e-02
-6.573501974344253540e-02
-6.014331802725791931e-02
-9.894876182079315186e-02
-1.023471429944038391e-01
-2.240897417068481445e-01
-5.409152433276176453e-02
-1.328140348196029663e-01
-1.025541946291923523e-01
-7.986215502023696899e-02
-1.341845393180847168e-01
-6.690659373998641968e-02
-1.246342435479164124e-01
-5.092813447117805481e-02
-7.273224741220474243e-02
-7.345063984394073486e-02
-1.136215478181838989e-01
-1.299605518579483032e-01
-1.253452450037002563e-01
-2.721244990825653076e-01
-2.020538896322250366e-01
-8.580294996500015259e-02
-1.243349909782409668e-01
-1.487354040145874023e-01
-1.287316232919692993e-01
-9.207832813262939453e-02
-4.104918614029884338e-02
-1.020452082157135010e-01
-1.540157049894332886e-01
-1.214906722307205200e-01
-9.981915354728698730e-02
-1.586439311504364014e-01
-8.395012468099594116e-02
-1.615756899118423462e-01
-1.491830348968505859e-01
-1.419758945703506470e-01
-5.501576513051986694e-02
-5.786208808422088623e-02
-8.792852610349655151e-02
-1.545585840940475464e-01
-4.273455962538719177e-02
-6.090555340051651001e-02
-9.965780377388000488e-02
-7.627086341381072998e-02
-7.640632987022399902e-02
-7.240995764732360840e-02
-8.498529903590679169e-03
-9.832186996936798096e-02
-5.619093775749206543e-02
-3.408445045351982117e-02
-5.862686038017272949e-02
-5.486986786127090454e-02
-5.477055534720420837e-02
-2.030016854405403137e-02
1.028200238943099976e-02
-4.096367582678794861e-02
-8.733999729156494141e-02
3.803233057260513306e-02
-9.169319272041320801e-02
-1.301725506782531738e-01
-1.085944026708602905e-01
-1.883785426616668701e-01
-1.896986961364746094e-01
-4.330299422144889832e-02
-1.495459973812103271e-01
-1.271800100803375244e-01
-4.782734811305999756e-02
-1.943375542759895325e-02
-2.528180927038192749e-02
-1.103838086128234863e-01
-5.765858292579650879e-02
-6.837302446365356445e-02
-3.977428749203681946e-02
-1.629745811223983765e-01
-1.374973356723785400e-01
-1.189537439495325089e-02
-7.818771898746490479e-02
-5.088661611080169678e-02
-2.451934106647968292e-02
-2.868873067200183868e-02
-8.536839485168457031e-02
-1.036520823836326599e-01
-1.003137454390525818e-01
-3.794402256608009338e-02
-1.790610142052173615e-02
-5.729571357369422913e-02
-7.820697501301765442e-03
-4.628789797425270081e-02
-1.098979860544204712e-01
-7.945628464221954346e-02
8.359394222497940063e-02
-1.549407541751861572e-01
-8.288498222827911377e-02
-1.448465585708618164e-01
-1.070976033806800842e-01
-6.641790270805358887e-02
-1.244569718837738037e-01
-1.028600633144378662e-01
-9.620815515518188477e-02
-6.311196833848953247e-02
-1.057555153965950012e-01
-8.049112558364868164e-02
-2.027095258235931396e-01
-1.589279174804687500e-01
-1.058923527598381042e-01
-9.023411571979522705e-02
-6.259228289127349854e-02
-1.512582320719957352e-02
-7.530502229928970337e-02
-1.320728808641433716e-01
-2.815616875886917114e-02
-4.509670659899711609e-02
-6.823705136775970459e-02
-9.398963302373886108e-02
-1.046525835990905762e-01
-1.346811503171920776e-01
-1.870304942131042480e-01
-8.394882082939147949e-03
-3.682159259915351868e-02
-6.320273131132125854e-02
-7.823950797319412231e-02
-1.087539866566658020e-01
1.174339279532432556e-02
-7.509522140026092529e-02
-9.211263805627822876e-02
-1.792629808187484741e-01
-1.110632345080375671e-01
-1.198640316724777222e-01
-4.689410701394081116e-02
-7.148963958024978638e-02
-9.024035185575485229e-02
-7.321844995021820068e-02
-7.509674131870269775e-02
-9.368976205587387085e-02
-1.238344609737396240e-01
-7.480111718177795410e-02
-6.331344693899154663e-02
7.335081696510314941e-03
-2.077765017747879028e-02
-1.269060373306274414e-01
-9.506405889987945557e-02
-8.161999285221099854e-02
-8.167842030525207520e-02
-8.736269176006317139e-02
-2.699144370853900909e-02
-5.055481567978858948e-02
-3.974835574626922607e-02
-5.677115172147750854e-02
-5.243404582142829895e-02
-1.115603819489479065e-01
-6.927622109651565552e-02
-7.749681919813156128e-02
-8.860132098197937012e-02
-1.012709066271781921e-01
-5.328037217259407043e-02
-1.372909992933273315e-01
-6.892971694469451904e-02
-3.117972612380981445e-02
-1.149038448929786682e-01
-6.857500970363616943e-02
-7.357825338840484619e-02
-7.638792693614959717e-02
-1.040696352720260620e-01
-1.201695427298545837e-01
-5.720290169119834900e-02
-9.095188230276107788e-02
-9.026262909173965454e-02
-6.848995387554168701e-02
-1.342027634382247925e-02
-6.846463680267333984e-02
-1.033269762992858887e-01
-9.489108622074127197e-02
-9.859459102153778076e-02
-7.590071856975555420e-02
-1.696143597364425659e-01
-1.627175509929656982e-01
-9.385396540164947510e-02
-7.487585395574569702e-02
-1.218086555600166321e-01
-1.558114439249038696e-01
-2.509607747197151184e-02
-7.267050445079803467e-02
-7.436622679233551025e-02
-1.125989854335784912e-01
-1.009541898965835571e-01
-1.217655017971992493e-01
-6.711428612470626831e-02
-1.002304628491401672e-01
-6.061834469437599182e-02
-9.814587980508804321e-02
-1.014029458165168762e-01
-5.728964507579803467e-02
-8.826990425586700439e-02
-6.396003812551498413e-02
-1.191088110208511353e-01
-1.050977222621440887e-02
-1.107354313135147095e-01
-1.161652281880378723e-01
-6.683985143899917603e-02
-1.014714911580085754e-01
-5.970150604844093323e-02
-1.427066773176193237e-01
-2.941936440765857697e-02
-9.424602985382080078e-02
-1.840261742472648621e-02
-1.984453052282333374e-01
-6.978317350149154663e-02
-7.234946638345718384e-02
-3.241137415170669556e-02
-9.651220589876174927e-02
-1.633211225271224976e-01
-6.772047374397516251e-03
-1.025847569108009338e-01
-1.036532446742057800e-01
-1.526617109775543213e-01
-4.352472722530364990e-02
-6.465448439121246338e-02
-1.073349639773368835e-01
-5.255880579352378845e-02
-1.353154480457305908e-01
-3.694033995270729065e-02
-8.705679327249526978e-02
-1.052044332027435303e-01
-9.614889323711395264e-02
-8.297529816627502441e-02
-9.584527462720870972e-02
-1.381004601716995239e-01
-1.304110288619995117e-01
-1.635040193796157837e-01
-7.610849291086196899e-02
-1.603846400976181030e-01
-1.646577119827270508e-01
-8.621945977210998535e-02
-4.753176495432853699e-02
-9.386592358350753784e-02
-1.768082752823829651e-02
5.193854682147502899e-03
-7.819571346044540405e-02
-8.535278588533401489e-02
-1.527287513017654419e-01
-1.342829167842864990e-01
-5.958613008260726929e-02
-9.277888387441635132e-02
-1.004992052912712097e-02
-1.562033593654632568e-01
-5.523405596613883972e-02
-1.348961889743804932e-01
-7.587569952011108398e-02
-1.072417572140693665e-01
-1.393003463745117188e-01
-4.196592047810554504e-02
-7.527459412813186646e-02
-1.154620423913002014e-01
-1.234008073806762695e-01
-2.853390015661716461e-02
-5.374443531036376953e-02
-8.355630934238433838e-02
-1.072355210781097412e-01
-6.579625606536865234e-02
-5.323653668165206909e-02
-8.728037029504776001e-02
-1.959766633808612823e-02
-1.088972985744476318e-01
-1.421280354261398315e-01
-5.072346329689025879e-02
-1.392353475093841553e-01
-7.860516011714935303e-02
-5.740827694535255432e-02
-6.550183892250061035e-02
-9.826075285673141479e-02
-8.838485926389694214e-02
-5.192533135414123535e-02
-1.583331674337387085e-01
-8.884453773498535156e-02
-6.050240993499755859e-02
-1.101789399981498718e-01
-4.232065379619598389e-02
-2.398440390825271606e-01
-9.455584734678268433e-02
-1.049738973379135132e-01
-1.497278213500976562e-01
-1.553713679313659668e-01
-8.663452416658401489e-02
-5.234347656369209290e-02
-3.663237392902374268e-02
-4.716558381915092468e-02
-8.064055442810058594e-02
-1.022891476750373840e-01
-7.198286801576614380e-02
-9.190727770328521729e-02
-6.078184396028518677e-02
-7.255664467811584473e-02
-9.443411976099014282e-02
-9.215252101421356201e-02
-1.203493103384971619e-01
-1.080410480499267578e-01
-7.538311183452606201e-02
-3.277317062020301819e-02
-1.286711543798446655e-01
-1.506919711828231812e-01
-5.508182197809219360e-02
-1.440171897411346436e-01
-3.246733918786048889e-02
-1.260984390974044800e-01
-5.125505849719047546e-02
-8.463571220636367798e-02
-5.172916501760482788e-02
-3.264418989419937134e-02
-3.067332878708839417e-02
-7.157720625400543213e-02
-1.572919338941574097e-01
-6.604973971843719482e-02
-1.197348609566688538e-01
-1.162850260734558105e-01
-3.768389672040939331e-02
-1.092126145958900452e-01
-8.565057814121246338e-02
-7.323864847421646118e-02
-6.646156311035156250e-02
-1.104238033294677734e-01
-1.926780492067337036e-01
-1.020176708698272705e-01
-2.554304525256156921e-02
-1.753782853484153748e-02
-9.490063786506652832e-02
-1.280986666679382324e-01
-3.403792902827262878e-02
-5.015454068779945374e-02
-4.118073359131813049e-02
-5.573821067810058594e-02
-1.010694578289985657e-01
-4.727068543434143066e-02
-1.061959043145179749e-01
-1.062599346041679382e-01
-8.968994021415710449e-02
-1.047139614820480347e-01
-1.253276765346527100e-01
-1.090074554085731506e-01
9.157828055322170258e-03
-3.166415542364120483e-02
-1.204584315419197083e-01
-6.627697497606277466e-02
-2.939184606075286865e-01
-1.073870658874511719e-01
-7.724029570817947388e-02
-8.497727662324905396e-02
-1.148300692439079285e-01
-1.265263706445693970e-01
-5.640586465597152710e-02
-1.029623150825500488e-01
-1.037993878126144409e-01
-1.395223587751388550e-01
-8.048659563064575195e-02
-8.299762010574340820e-02
-4.900790750980377197e-02
-9.057842195034027100e-02
-4.344371333718299866e-02
-1.155653148889541626e-01
