-1.592312008142471313e-03
3.925397060811519623e-03
2.424865365028381348e-01
1.314685679972171783e-02
2.000700086355209351e-01
-3.218490164726972580e-04
1.156526207923889160e-01
4.691423103213310242e-02
-1.502111088484525681e-03
-2.127580530941486359e-02
-2.668511820957064629e-03
1.475261151790618896e-01
2.144345194101333618e-01
-6.960767321288585663e-03
1.194294244050979614e-01
1.255161017179489136e-01
4.087217617779970169e-03
7.987002283334732056e-02
-4.808537196367979050e-04
-4.866571398451924324e-04
1.291696876287460327e-01
7.929676026105880737e-02
1.562144160270690918e-01
1.081123128533363342e-01
8.167338371276855469e-02
2.244563400745391846e-01
1.600752351805567741e-03
5.175240710377693176e-02
-2.142516663298010826e-03
-4.134747665375471115e-03
5.587438121438026428e-03
1.645689946599304676e-03
-7.511566858738660812e-03
5.534008890390396118e-02
1.322325021028518677e-01
-4.471136722713708878e-03
2.245708368718624115e-03
-4.751936998218297958e-03
-3.359806258231401443e-03
2.324104076251387596e-03
3.501608967781066895e-01
1.662569493055343628e-02
1.342882066965103149e-01
8.727354928851127625e-03
-2.222087932750582695e-03
2.172635495662689209e-01
3.817322431132197380e-04
1.887534707784652710e-01
2.449776530265808105e-01
1.921032667160034180e-01
-1.555243600159883499e-02
4.343093931674957275e-02
2.315318137407302856e-01
1.877712160348892212e-01
5.617640912532806396e-03
6.845776457339525223e-03
9.618082549422979355e-04
1.202243641018867493e-01
1.576096168719232082e-03
3.849514061585068703e-03
1.650890149176120758e-02
3.769095521420240402e-03
-3.704447997733950615e-03
3.414347767829895020e-03
3.754730224609375000e-01
9.632724104449152946e-04
2.072950154542922974e-01
1.399542484432458878e-02
6.140216067433357239e-02
3.611567080952227116e-04
1.475211530923843384e-01
2.577756345272064209e-01
6.428038328886032104e-02
-5.655006039887666702e-03
-2.904130611568689346e-03
9.202276915311813354e-02
1.270870417356491089e-01
2.083612605929374695e-02
-5.787853617221117020e-03
5.052010715007781982e-02
9.437561384402215481e-04
-6.881031673401594162e-03
4.044909030199050903e-03
2.249778360128402710e-01
1.073938161134719849e-01
1.481314897537231445e-01
1.807490140199661255e-01
2.501500248908996582e-01
-3.821863327175378799e-03
2.357733100652694702e-01
-1.662596012465655804e-03
8.521314710378646851e-02
1.043781288899481297e-03
2.783554494380950928e-01
1.446164697408676147e-01
6.246029585599899292e-02
3.379578236490488052e-03
1.424990296363830566e-01
3.737615770660340786e-04
5.035191774368286133e-02
3.214965760707855225e-02
2.766844034194946289e-01
1.396433413028717041e-01
6.065187044441699982e-03
5.921195447444915771e-02
8.558726310729980469e-02
1.206240952014923096e-01
2.202444821596145630e-01
1.672293408773839474e-03
-5.667170509696006775e-03
-2.975165145471692085e-03
2.232044003903865814e-03
6.495974957942962646e-04
1.174897421151399612e-02
7.080940902233123779e-02
6.825841963291168213e-02
1.960921660065650940e-02
1.942430138587951660e-01
1.436369568109512329e-01
-4.686838388442993164e-02
3.189076110720634460e-02
-9.788267314434051514e-02
7.850836031138896942e-03
3.327331840991973877e-01
-4.197499714791774750e-03
8.441609679721295834e-04
1.135538518428802490e-01
3.380456864833831787e-01
1.423907876014709473e-01
9.810675680637359619e-02
1.345275044441223145e-01
5.807493627071380615e-02
1.316783875226974487e-01
2.325775474309921265e-01
1.753457933664321899e-01
-1.296234969049692154e-02
1.274236440658569336e-01
1.845770180225372314e-01
1.024616416543722153e-02
1.972154676914215088e-01
1.869946122169494629e-01
-4.501994699239730835e-03
4.817442223429679871e-02
1.322010159492492676e-01
-3.263881371822208166e-04
2.400538651272654533e-03
1.843443140387535095e-02
4.776382073760032654e-02
4.003687947988510132e-02
1.090427711606025696e-01
5.405494594015181065e-04
1.480910927057266235e-01
1.862589269876480103e-01
1.206566020846366882e-01
2.111713547492399812e-04
1.088344678282737732e-01
2.215959830209612846e-03
1.066227555274963379e-01
6.696404423564672470e-03
-3.491694806143641472e-04
1.636008266359567642e-03
5.248625203967094421e-02
4.010338743682950735e-04
7.337315473705530167e-03
1.849894225597381592e-01
7.845240179449319839e-04
1.266001015901565552e-01
5.906745325773954391e-03
4.874186590313911438e-02
2.174283266067504883e-01
6.902685761451721191e-02
2.861417131498456001e-03
1.675136238336563110e-01
2.122986763715744019e-01
1.972541213035583496e-01
1.487651467323303223e-01
6.166191771626472473e-02
1.190200098790228367e-03
1.071642339229583740e-01
1.278314292430877686e-01
2.104984670877456665e-01
8.141004480421543121e-03
6.290639936923980713e-02
7.105981558561325073e-02
-2.712809946388006210e-03
1.725802570581436157e-01
2.463416421960573643e-05
7.592217624187469482e-02
1.081190258264541626e-02
1.870975247584283352e-03
8.236780762672424316e-03
-8.084473665803670883e-04
3.877832088619470596e-03
-3.049337491393089294e-02
1.660720705986022949e-01
-1.628909376449882984e-03
7.112877815961837769e-02
1.643569022417068481e-02
-2.924056956544518471e-03
1.796293854713439941e-01
2.421194687485694885e-02
3.267390280961990356e-02
2.187336683273315430e-01
4.795600194483995438e-03
1.949733793735504150e-01
1.428070128895342350e-03
1.540812849998474121e-01
1.010015979409217834e-01
4.685718566179275513e-02
2.296732366085052490e-02
1.238108277320861816e-01
2.171699106693267822e-01
1.265092045068740845e-01
6.165191531181335449e-02
6.256305426359176636e-02
4.247855860739946365e-03
1.737554371356964111e-01
1.466965377330780029e-01
9.936632961034774780e-02
9.421569108963012695e-02
-2.353042829781770706e-03
1.659186631441116333e-01
1.885112822055816650e-01
1.974549086298793554e-04
5.561858415603637695e-03
6.170566752552986145e-02
-4.374504089355468750e-03
8.311339654028415680e-03
3.903270233422517776e-03
7.986389100551605225e-02
2.456015199422836304e-01
-4.007745999842882156e-03
6.250426173210144043e-02
3.001367906108498573e-03
-1.851908280514180660e-03
5.802354775369167328e-03
1.215423047542572021e-01
-4.891745280474424362e-03
3.017490729689598083e-02
1.029298920184373856e-02
8.725065737962722778e-02
3.419990092515945435e-02
-4.826691583730280399e-04
-3.793278709053993225e-03
2.641657367348670959e-02
-5.079560447484254837e-03
2.375658601522445679e-01
1.021476164460182190e-01
1.778018176555633545e-01
1.523242443799972534e-01
-3.549543907865881920e-03
4.149825836066156626e-04
-9.258252102881669998e-04
-2.689069078769534826e-04
-1.303999591618776321e-02
1.728343814611434937e-01
