9.530983865261077881e-03
-1.216314267367124557e-02
-5.627862177789211273e-03
-1.477627642452716827e-02
5.971068749204277992e-04
-2.094741351902484894e-02
-1.572933606803417206e-02
-3.647410194389522076e-04
-3.459633886814117432e-02
-1.789369061589241028e-02
-1.495323842391371727e-03
-2.697931043803691864e-02
-2.633447945117950439e-02
-3.269668295979499817e-02
1.132954098284244537e-02
3.416543127968907356e-03
-1.022025244310498238e-03
-2.128766151145100594e-03
-8.337967097759246826e-03
-5.315443500876426697e-02
-1.680885627865791321e-02
-3.013450093567371368e-02
-1.660874672234058380e-02
-2.671498246490955353e-02
-2.076790481805801392e-02
-1.194443926215171814e-02
-1.261139102280139923e-02
-3.283368423581123352e-02
-1.030072569847106934e-02
-6.973631214350461960e-03
-2.024638652801513672e-02
-2.862618863582611084e-02
-1.417635567486286163e-02
-1.298309210687875748e-02
-5.971942562609910965e-03
-1.583768241107463837e-02
-1.736542582511901855e-02
-8.577668108046054840e-03
-5.957912653684616089e-03
-2.549195475876331329e-02
9.162001311779022217e-03
-5.926214158535003662e-03
-2.599828876554965973e-02
-1.921114884316921234e-02
-2.198555134236812592e-02
2.729299478232860565e-03
-2.851298823952674866e-02
-9.717131964862346649e-03
-2.250899188220500946e-02
-8.534517139196395874e-03
-7.272067945450544357e-03
1.772679504938423634e-03
-4.719523712992668152e-02
-8.868774399161338806e-03
2.258136682212352753e-02
-3.272765083238482475e-03
-2.391937002539634705e-02
-3.521667420864105225e-02
-2.676536142826080322e-02
-1.346721500158309937e-02
-2.098066918551921844e-02
-2.602982707321643829e-02
-1.848103478550910950e-02
-2.375140227377414703e-02
-6.765196099877357483e-03
-3.840189427137374878e-02
-1.963264867663383484e-02
-2.264826372265815735e-02
-1.922020129859447479e-02
-8.742839097976684570e-03
-1.997480355203151703e-02
-1.130153890699148178e-03
1.618735142983496189e-03
-1.838511205278337002e-03
3.127640485763549805e-02
1.570467138662934303e-03
-2.695264853537082672e-02
-2.332705818116664886e-02
-1.401238609105348587e-02
-2.800283953547477722e-02
-6.092583294957876205e-03
-2.576561237219721079e-04
-1.584626920521259308e-02
-1.267627696506679058e-03
3.740398911759257317e-03
-2.423437125980854034e-02
-2.959300205111503601e-02
-1.020781546831130981e-01
-2.672592736780643463e-02
-1.391393784433603287e-02
-1.264478918164968491e-02
-1.235302817076444626e-02
-1.643891260027885437e-02
-1.126578263938426971e-02
-1.536594983190298080e-02
-4.972768947482109070e-02
-7.641305215656757355e-03
-1.264874078333377838e-02
-5.309363454580307007e-02
-2.513865567743778229e-02
-1.780438423156738281e-02
-6.415148731321096420e-03
-7.321679592132568359e-02
-2.368089510127902031e-03
-2.395305596292018890e-02
-2.774288877844810486e-02
-8.689231239259243011e-03
-1.562043372541666031e-02
-1.818299852311611176e-02
-3.720911219716072083e-02
8.802374359220266342e-04
-5.751433316618204117e-03
-2.772194892168045044e-02
-1.255346462130546570e-02
-2.875827625393867493e-02
-2.370934747159481049e-02
-3.532533720135688782e-02
-2.357337810099124908e-02
-1.002487540245056152e-02
-2.071893215179443359e-02
-2.900486998260021210e-02
-1.896532438695430756e-02
-1.103394757956266403e-02
-9.279520250856876373e-03
3.081328934058547020e-03
-8.063549175858497620e-03
-8.553706109523773193e-03
-2.032010816037654877e-02
-1.375736948102712631e-02
-3.128843009471893311e-02
-1.040537934750318527e-02
-1.785717904567718506e-02
-6.520910188555717468e-03
-3.014895319938659668e-02
-1.461180578917264938e-02
-3.748289495706558228e-02
-3.566498681902885437e-02
-2.478268928825855255e-02
-1.311759464442729950e-03
-3.306755423545837402e-02
-2.573216520249843597e-02
-2.615428529679775238e-02
3.047596663236618042e-02
-4.141009971499443054e-02
1.141275316476821899e-01
-3.377176821231842041e-02
2.386681921780109406e-02
-4.046833887696266174e-02
-2.748489845544099808e-03
-1.654249057173728943e-02
-1.733039133250713348e-02
-1.312066521495580673e-02
-5.317294504493474960e-03
-1.232829526998102665e-03
-2.363551221787929535e-02
-3.373399749398231506e-02
-4.075396433472633362e-02
2.207892946898937225e-03
-1.181305851787328720e-02
4.247246310114860535e-03
-1.953230053186416626e-02
-4.708972573280334473e-02
8.429576642811298370e-03
-8.917015977203845978e-03
9.142068214714527130e-03
-3.087328560650348663e-02
-1.711851946311071515e-04
-4.366211220622062683e-02
-1.323001738637685776e-02
-1.799223758280277252e-02
1.325651304796338081e-03
-1.385870110243558884e-02
-3.036019578576087952e-02
-8.457258343696594238e-03
-1.863340102136135101e-02
-3.276961157098412514e-03
-4.404498636722564697e-02
-3.338312357664108276e-02
-1.007876265794038773e-02
-5.124326329678297043e-03
-1.151949819177389145e-02
-5.332171916961669922e-02
3.162675769999623299e-03
-1.591229066252708435e-02
-9.042749181389808655e-03
1.555154100060462952e-03
-1.308188494294881821e-02
-3.222754597663879395e-02
-2.691277489066123962e-02
-2.317532710731029510e-02
-1.382683217525482178e-02
-2.971712686121463776e-02
-3.036348149180412292e-02
1.165719144046306610e-02
-2.208477072417736053e-02
-2.212295681238174438e-02
-3.087819926440715790e-02
2.658648183569312096e-03
5.827334709465503693e-03
-3.642318770289421082e-02
-2.113193459808826447e-02
-4.088002722710371017e-03
-1.365743950009346008e-02
1.924269599840044975e-03
-6.398567929863929749e-04
-3.935866430401802063e-02
1.743420376442372799e-03
-1.124957017600536346e-02
-4.509709775447845459e-03
-1.995349861681461334e-02
7.334844209253787994e-03
-3.415311127901077271e-02
-1.702407374978065491e-02
-3.558708727359771729e-02
-3.388733789324760437e-02
-3.939643502235412598e-02
4.216784145683050156e-03
-3.336032852530479431e-02
-3.263752162456512451e-02
-3.484594449400901794e-02
-5.543743725866079330e-03
-8.438022807240486145e-03
-1.768757589161396027e-02
-8.678765036165714264e-03
-3.068254142999649048e-02
-2.624337375164031982e-02
-3.146361187100410461e-02
-1.762198843061923981e-02
-1.169158797711133957e-02
-2.148969657719135284e-02
-6.208065897226333618e-03
-3.097475878894329071e-02
-4.018022865056991577e-02
-7.525667082518339157e-03
-6.557366810739040375e-03
-2.314888313412666321e-02
-5.995850265026092529e-02
-1.294896192848682404e-02
-5.458390340209007263e-02
-1.294465363025665283e-02
-8.949296548962593079e-03
-1.615883782505989075e-02
6.178274285048246384e-03
-1.234486699104309082e-02
-8.206590428017079830e-04
-4.817167669534683228e-02
-2.348289638757705688e-02
-5.526538589037954807e-04
-5.261159036308526993e-03
-1.996598020195960999e-02
-1.480986364185810089e-02
-2.784849517047405243e-02
-1.405212003737688065e-02
-4.760179668664932251e-02
-1.142429001629352570e-02
-7.017941679805517197e-03
-1.996758393943309784e-02
-6.534829270094633102e-03
-5.667180195450782776e-02
-3.042296878993511200e-02
-3.723520785570144653e-02
-3.803418949246406555e-02
-5.087818950414657593e-03
-1.637779735028743744e-02
-4.758460074663162231e-02
-1.335595082491636276e-02
-2.811715006828308105e-02
-4.119408316910266876e-03
-2.069750614464282990e-02
-4.920678213238716125e-02
-2.932141721248626709e-02
-1.023974455893039703e-02
-1.067805569618940353e-02
-2.944307215511798859e-02
3.369339508935809135e-03
-2.857471071183681488e-02
-6.750626955181360245e-03
-1.654862985014915466e-02
-3.968340530991554260e-02
-4.426008090376853943e-03
-2.946121618151664734e-02
-1.635466516017913818e-02
-1.168002281337976456e-02
-1.609696075320243835e-02
-3.146497905254364014e-02
-1.834917784435674548e-04
-3.379240259528160095e-02
-2.306106686592102051e-02
-2.213201485574245453e-02
-3.195687197148799896e-03
-1.945107616484165192e-02
-4.391764104366302490e-02
-1.567445136606693268e-02
-1.056349556893110275e-02
-2.056427474599331617e-04
-5.368193238973617554e-02
-1.701322942972183228e-02
-2.347495872527360916e-03
-2.413619309663772583e-02
-1.522924937307834625e-02
-3.454967169091105461e-03
2.192738093435764313e-02
-9.917246643453836441e-04
7.605878170579671860e-03
-1.624948903918266296e-02
-1.322417240589857101e-02
-2.451661787927150726e-02
1.209589187055826187e-03
-2.804262936115264893e-02
-2.276879362761974335e-02
-1.528568379580974579e-02
-3.138247504830360413e-02
-2.893149480223655701e-02
-1.564856967888772488e-03
-5.557879339903593063e-03
-7.268767338246107101e-03
-3.562866523861885071e-02
-3.927807137370109558e-02
-2.158296294510364532e-02
-3.061691671609878540e-02
1.049286965280771255e-02
-3.483182564377784729e-02
3.109533339738845825e-03
-1.823831349611282349e-02
-1.152730546891689301e-03
-3.120914101600646973e-02
-8.663930930197238922e-03
-1.234730705618858337e-02
-2.559274062514305115e-02
-9.777688421308994293e-03
1.548540167277678847e-04
-2.416475489735603333e-02
-1.250941865146160126e-02
-2.426897734403610229e-02
-1.268157921731472015e-02
-3.336412087082862854e-02
-1.940176635980606079e-02
-2.965487912297248840e-02
-2.427890524268150330e-02
5.662945099174976349e-03
-3.830583021044731140e-02
-3.786647692322731018e-02
-2.071813307702541351e-02
-3.332964330911636353e-02
-3.779570572078227997e-03
-4.595640674233436584e-02
-2.215013839304447174e-02
-1.167006697505712509e-02
-2.221650816500186920e-02
-5.512763187289237976e-02
-3.666323423385620117e-02
-2.796120010316371918e-02
-1.630946248769760132e-02
-1.802292838692665100e-02
-3.489854512736201286e-03
-1.634856499731540680e-02
-4.377095773816108704e-02
-6.811454892158508301e-03
4.104742780327796936e-03
6.606084643863141537e-04
-3.411618247628211975e-02
-1.733914762735366821e-02
-9.349524974822998047e-03
-4.353829473257064819e-02
-6.930334959179162979e-03
-3.508261963725090027e-02
-5.951025057584047318e-03
-4.916017875075340271e-03
-2.583973295986652374e-02
-2.390123158693313599e-02
-9.783317334949970245e-03
-1.026085671037435532e-02
-1.799483411014080048e-02
-2.878688834607601166e-02
-8.636686019599437714e-03
-2.302788570523262024e-02
-1.158135570585727692e-02
-2.470684610307216644e-02
-1.544471178203821182e-02
-1.748505607247352600e-02
-1.874123699963092804e-02
-1.028107479214668274e-02
-2.432237379252910614e-02
-1.014488097280263901e-02
-1.691739447414875031e-02
1.951657608151435852e-02
-2.175500802695751190e-02
-7.625401485711336136e-03
1.034973468631505966e-02
-6.212445441633462906e-03
-7.944860495626926422e-03
-2.591746859252452850e-02
-8.268406614661216736e-03
-1.525844167917966843e-02
-1.169550046324729919e-02
-1.123325526714324951e-02
-1.032068207859992981e-02
5.923366174101829529e-03
-2.885093167424201965e-02
-2.431142143905162811e-03
-3.602755814790725708e-02
5.350145511329174042e-03
-2.034491859376430511e-02
6.350172916427254677e-04
-4.912899807095527649e-03
-1.195332501083612442e-02
3.888583555817604065e-02
1.828907057642936707e-03
-1.607568189501762390e-02
-1.363650429993867874e-02
-1.111917942762374878e-02
8.408929221332073212e-03
-2.887366712093353271e-02
-3.143385425209999084e-02
-5.611751694232225418e-03
-1.652677357196807861e-02
-1.670028455555438995e-02
-2.378494851291179657e-02
-2.521559409797191620e-02
-3.994138538837432861e-02
-2.687013708055019379e-03
8.473951369524002075e-03
-1.993327587842941284e-02
-2.521021477878093719e-02
-1.752500981092453003e-02
-1.581010036170482635e-02
-2.421197248622775078e-03
-1.644587703049182892e-02
-1.874923333525657654e-02
-2.884222194552421570e-02
-1.618558168411254883e-02
-8.287343196570873260e-03
-4.672325029969215393e-02
-1.248002424836158752e-02
-2.338843792676925659e-02
-8.925156667828559875e-03
-2.587539376690983772e-03
-4.119405988603830338e-03
-1.276896800845861435e-02
-2.459320053458213806e-02
-3.211604803800582886e-02
-3.968952223658561707e-02
-1.931719295680522919e-02
-2.719488181173801422e-02
-1.264803693629801273e-03
-7.671629544347524643e-03
-2.292001247406005859e-02
-2.561447583138942719e-02
-1.404165942221879959e-02
-1.239760871976613998e-02
-3.210201859474182129e-02
4.381550010293722153e-03
-4.251858592033386230e-02
-2.140736393630504608e-02
-1.900399103760719299e-02
-1.932614669203758240e-02
-2.826569043099880219e-02
-2.487598918378353119e-02
-1.873544789850711823e-02
-1.398304197937250137e-02
-6.524745374917984009e-03
-1.598908379673957825e-02
-3.007092885673046112e-02
-4.208343103528022766e-02
-3.078803652897477150e-03
-1.957287639379501343e-02
1.967891678214073181e-02
9.779473766684532166e-04
-1.927375048398971558e-02
-2.643206529319286346e-02
-3.781638294458389282e-02
-1.443549990653991699e-02
-2.958267740905284882e-02
-1.138063427060842514e-02
-2.552599413320422173e-03
-1.738358847796916962e-02
-3.700234368443489075e-02
-1.868111267685890198e-02
-2.160856127738952637e-02
-8.603781461715698242e-03
-9.031199850142002106e-03
-9.592561051249504089e-03
-5.011772364377975464e-02
-2.167487889528274536e-02
-1.460891123861074448e-02
6.327544804662466049e-03
1.368444762192666531e-03
2.989628119394183159e-04
5.230249371379613876e-03
-3.227213025093078613e-02
-3.912268579006195068e-02
-1.776161021552979946e-03
-3.638478461652994156e-03
-3.446239233016967773e-02
-1.389809139072895050e-02
-1.932133734226226807e-02
5.125974304974079132e-03
-2.415481023490428925e-02
-1.042772550135850906e-02
-1.810618117451667786e-02
-3.148423135280609131e-02
-3.307897597551345825e-03
-3.141105547547340393e-02
-2.266340143978595734e-02
-1.294023264199495316e-02
-9.681656025350093842e-03
5.798823200166225433e-03
-3.291789442300796509e-02
-2.232724055647850037e-02
-1.884867064654827118e-02
-1.600267738103866577e-02
-1.301897969096899033e-02
-1.319126971065998077e-02
2.899605082347989082e-03
-2.439635107293725014e-03
-2.109469659626483917e-02
-4.689335450530052185e-02
-1.101999357342720032e-02
-9.227389236912131310e-04
-2.568059973418712616e-02
-6.675000768154859543e-03
-1.080598309636116028e-02
-5.221084132790565491e-02
-1.716976612806320190e-02
-3.907499462366104126e-02
-2.707637846469879150e-02
-2.107308618724346161e-02
-3.560959547758102417e-02
-6.949592381715774536e-03
-4.557359963655471802e-02
-3.052566200494766235e-02
-5.862558633089065552e-02
-1.921371743083000183e-02
-8.076597936451435089e-03
-5.110439658164978027e-02
-5.265836603939533234e-03
5.598742791335098445e-05
-1.110936887562274933e-02
-9.591917507350444794e-03
-2.072124741971492767e-03
-1.662712916731834412e-02
-1.407345570623874664e-02
-4.292664676904678345e-02
-2.063728682696819305e-02
2.049976959824562073e-03
-1.729061082005500793e-02
-1.175048947334289551e-02
2.363350475206971169e-03
-3.289624303579330444e-02
-2.567777410149574280e-02
-4.264315217733383179e-02
-2.252892591059207916e-02
-2.751125209033489227e-02
-1.945452764630317688e-02
-1.885743066668510437e-02
-3.944020252674818039e-03
-6.525618489831686020e-03
-1.956125954166054726e-03
-6.784983724355697632e-02
-3.950541093945503235e-02
-6.936695426702499390e-03
-1.335474383085966110e-02
-2.816697582602500916e-02
-2.535498701035976410e-02
-1.771165803074836731e-02
-1.262197736650705338e-02
-1.104281563311815262e-02
-1.421873364597558975e-02
-2.366805635392665863e-02
-1.379907969385385513e-02
-7.243149448186159134e-03
3.583459416404366493e-03
-7.518586702644824982e-03
-3.346052952110767365e-03
-4.182627424597740173e-02
-2.073880657553672791e-02
-1.479585282504558563e-02
-3.388300910592079163e-02
-1.340794470161199570e-02
-2.642725221812725067e-02
-3.025351464748382568e-02
-1.424302067607641220e-02
-1.443897001445293427e-02
-1.824267581105232239e-02
-1.136506814509630203e-02
-1.509565021842718124e-02
-4.552125185728073120e-02
-1.946929469704627991e-02
-1.072430331259965897e-02
-1.029291283339262009e-02
1.077033113688230515e-02
4.993526730686426163e-03
-1.597037538886070251e-02
-5.928432568907737732e-03
-2.229566872119903564e-02
-7.191849406808614731e-03
-5.331944208592176437e-03
-1.881473325192928314e-02
-2.809665352106094360e-02
-2.404255047440528870e-02
-2.861668542027473450e-02
1.997816143557429314e-03
-1.820806786417961121e-02
1.491661649197340012e-03
-2.101328223943710327e-02
-4.771305993199348450e-02
-2.842625044286251068e-02
-1.109772641211748123e-02
-2.748072706162929535e-02
-3.026473894715309143e-02
-3.276511654257774353e-02
-2.620459906756877899e-02
-1.720300130546092987e-02
-9.478597901761531830e-03
3.964794799685478210e-03
-4.273536056280136108e-02
-2.068708464503288269e-02
-1.305837463587522507e-02
-1.543045416474342346e-02
9.060584008693695068e-03
-7.925655692815780640e-03
-4.379845410585403442e-02
1.477577071636915207e-02
-2.382688969373703003e-02
-1.372613757848739624e-02
-8.819261565804481506e-03
7.328858133405447006e-03
-2.842493355274200439e-02
-3.748413920402526855e-02
-7.502146530896425247e-03
-2.202763408422470093e-02
7.395003456622362137e-03
-3.259639814496040344e-02
-1.959563605487346649e-02
-1.243431493639945984e-02
-1.513923984020948410e-02
-3.451757878065109253e-02
-7.218660321086645126e-03
-9.935340844094753265e-03
-3.274806961417198181e-02
-1.757039874792098999e-02
-2.616428397595882416e-02
-7.230706512928009033e-03
-6.465387996286153793e-03
-2.282427437603473663e-02
1.606698380783200264e-03
-1.409659627825021744e-02
-3.365344926714897156e-02
-3.565215319395065308e-02
-5.127842072397470474e-03
-1.913689263164997101e-02
-2.896639890968799591e-02
-1.537979580461978912e-02
-3.903797641396522522e-02
-1.577636227011680603e-02
-1.201664283871650696e-02
-6.526811514049768448e-03
-3.494047326967120171e-03
-4.878235980868339539e-03
-2.736317552626132965e-02
-2.782948501408100128e-02
-1.297121495008468628e-02
2.564684255048632622e-03
-2.132337354123592377e-02
-3.070568293333053589e-02
3.605319652706384659e-03
-2.686217427253723145e-02
-2.448555454611778259e-02
-3.151889517903327942e-02
-1.988905481994152069e-02
-1.122783214668743312e-04
-3.255266323685646057e-02
1.006917096674442291e-02
-1.656442694365978241e-02
-2.224579825997352600e-02
-3.322747349739074707e-02
-2.408098988234996796e-02
-6.006641779094934464e-03
-5.243736319243907928e-03
-2.022256143391132355e-02
-1.770394667983055115e-02
-3.233936149626970291e-03
-6.476148497313261032e-03
-1.194211002439260483e-02
-2.306231856346130371e-02
-1.955078681930899620e-03
-2.412731759250164032e-02
-3.980948030948638916e-02
-1.813056413084268570e-03
-1.605275645852088928e-02
-1.500773057341575623e-02
-3.377617150545120239e-02
-1.792892441153526306e-02
-4.645164590328931808e-03
-3.107737563550472260e-02
-1.986050419509410858e-02
-2.310312911868095398e-02
-1.033088564872741699e-02
-8.992661722004413605e-03
-1.923361234366893768e-02
-1.017826609313488007e-02
-1.296907756477594376e-02
-2.414611354470252991e-02
-3.577936440706253052e-02
-1.669460348784923553e-02
8.620114997029304504e-03
-4.234078526496887207e-02
-1.625801995396614075e-02
-3.729907050728797913e-02
-2.819416858255863190e-02
5.420366302132606506e-03
-7.920739240944385529e-03
-2.719488739967346191e-02
-3.411988914012908936e-02
-2.932508662343025208e-02
-7.727989554405212402e-02
4.118778742849826813e-03
1.030970923602581024e-02
-4.790315404534339905e-02
-3.744167741388082504e-03
-2.593073621392250061e-02
-1.427768450230360031e-02
-3.352574072778224945e-03
-2.469879761338233948e-02
-2.864539064466953278e-02
-1.500364951789379120e-02
-2.972347103059291840e-02
-5.618747789412736893e-03
-4.166474193334579468e-02
-2.198965102434158325e-02
3.279865020886063576e-03
-4.696394782513380051e-03
-1.558169140480458736e-03
-9.602030739188194275e-03
7.455614395439624786e-03
7.299758028239011765e-03
-3.095950186252593994e-02
-2.005487121641635895e-02
-1.869041472673416138e-02
-1.377729326486587524e-02
-4.344189539551734924e-02
-3.955352585762739182e-03
-2.423541620373725891e-02
-3.036330081522464752e-02
-1.417993661016225815e-02
6.324392743408679962e-03
-3.112671338021755219e-02
-2.559222839772701263e-02
-1.920605637133121490e-02
-4.200316034257411957e-03
-2.251892350614070892e-02
-1.208800263702869415e-02
-1.113474834710359573e-03
1.264281490875873715e-05
-4.073719680309295654e-02
-3.151895850896835327e-02
-1.245268434286117554e-02
-2.621163614094257355e-02
-5.539361387491226196e-03
-3.431031107902526855e-02
-7.987844757735729218e-03
9.388919919729232788e-03
-3.684116527438163757e-02
-1.074837613850831985e-02
-2.045179158449172974e-02
-4.142249934375286102e-03
-2.109841629862785339e-02
-1.226500421762466431e-02
-5.911126732826232910e-03
-2.821844071149826050e-02
-3.676710650324821472e-02
-3.538064192980527878e-03
-5.603624507784843445e-03
-1.459258515387773514e-02
-3.225450590252876282e-02
-3.268002718687057495e-02
-2.929732762277126312e-02
-1.811376214027404785e-02
-6.990138441324234009e-03
3.006027312949299812e-03
-3.155518695712089539e-02
-4.074728116393089294e-02
-1.460846792906522751e-02
-1.071303430944681168e-02
-7.242638966999948025e-04
-2.666459977626800537e-02
-2.577459067106246948e-02
3.896077163517475128e-03
6.507594604045152664e-03
-1.019266340881586075e-02
-1.422726176679134369e-02
-1.642616838216781616e-02
-1.329782977700233459e-02
-1.010480336844921112e-02
-2.933737635612487793e-02
-2.465893514454364777e-03
-5.158970132470130920e-03
1.316230464726686478e-02
-2.600473165512084961e-02
-1.715298369526863098e-02
3.180402796715497971e-03
1.002172473818063736e-02
-2.685452252626419067e-02
-6.290221586823463440e-03
-2.238349057734012604e-02
-1.808764599263668060e-02
-1.707927323877811432e-02
9.858886478468775749e-04
-2.717377617955207825e-02
4.688269458711147308e-03
-3.679233416914939880e-02
-1.863477565348148346e-02
2.142008161172270775e-03
-5.122358445078134537e-03
-2.929976582527160645e-02
7.275884598493576050e-02
-1.173049584031105042e-02
-1.739048166200518608e-03
-1.140030100941658020e-02
-2.829336374998092651e-02
5.643314798362553120e-04
8.389996364712715149e-03
-1.125013735145330429e-02
-1.147181540727615356e-02
-1.183223817497491837e-02
-1.036320626735687256e-02
-2.309402264654636383e-02
-4.898418486118316650e-02
-6.979028228670358658e-03
-3.114443272352218628e-02
-1.551039703190326691e-02
-2.489888854324817657e-02
-1.911267824470996857e-02
-2.170875482261180878e-02
-2.757975889835506678e-04
-2.604795247316360474e-02
-4.119146149605512619e-03
-4.163831472396850586e-02
7.936275564134120941e-03
-3.517895936965942383e-02
-3.209637477993965149e-02
-4.023408051580190659e-03
3.577380673959851265e-03
-5.178872495889663696e-03
-3.051928244531154633e-02
-1.731107197701931000e-02
-2.050442621111869812e-02
-1.103425025939941406e-02
-3.065883181989192963e-02
-1.756855403073132038e-03
-1.994341425597667694e-02
-5.639111250638961792e-02
-4.046782106161117554e-02
2.302532829344272614e-02
-8.822931908071041107e-03
-1.053802762180566788e-02
7.059956900775432587e-03
-1.389398146420717239e-02
-2.386227436363697052e-02
-7.461147848516702652e-03
-1.161801163107156754e-02
-1.353914570063352585e-02
-2.792022936046123505e-02
-2.413114998489618301e-03
-1.503886654973030090e-02
-1.079150009900331497e-02
-1.037896610796451569e-02
-3.848303854465484619e-02
8.260682225227355957e-03
-2.445992827415466309e-02
-1.244054362177848816e-02
-1.353926025331020355e-02
-9.367058984935283661e-03
4.891201481223106384e-02
-1.857304945588111877e-02
-1.634504459798336029e-02
1.137864775955677032e-02
-1.274012494832277298e-02
-1.347072329372167587e-02
-9.656152687966823578e-03
1.125367940403521061e-03
-4.486451391130685806e-03
-2.619320154190063477e-02
-4.673570021986961365e-02
5.384461022913455963e-03
-2.335319481790065765e-02
-1.724799349904060364e-02
-2.913586795330047607e-02
-3.063012473285198212e-02
1.576194656081497669e-03
-1.956756226718425751e-02
-2.683256007730960846e-02
-1.166989561170339584e-02
-2.259521186351776123e-02
-4.549147561192512512e-02
8.606842719018459320e-03
-2.014161460101604462e-02
-2.229484356939792633e-02
-1.598509587347507477e-02
-2.352270856499671936e-02
-1.702459715306758881e-02
-4.962032660841941833e-02
-1.707628928124904633e-02
-2.717719599604606628e-02
-2.593339979648590088e-02
-2.925894036889076233e-02
-1.375668123364448547e-02
-1.134192571043968201e-02
-3.648426383733749390e-02
-1.152882725000381470e-02
-3.566541522741317749e-02
-3.351892903447151184e-02
-2.746524475514888763e-02
-4.075782373547554016e-03
-1.404287759214639664e-02
-5.174310645088553429e-04
-2.750973508227616549e-04
-7.159702014178037643e-03
-4.972546594217419624e-04
-3.055575303733348846e-03
-1.434706058353185654e-02
-1.487073954194784164e-02
-1.743544451892375946e-02
-3.262646496295928955e-02
-2.651657350361347198e-02
-2.862019836902618408e-02
-2.218918502330780029e-02
-2.334441058337688446e-02
-2.278560539707541466e-03
1.796613680198788643e-03
-2.620753459632396698e-02
1.255140174180269241e-03
-3.501860424876213074e-02
-3.288910910487174988e-02
3.937486093491315842e-03
-3.149258717894554138e-02
5.688331648707389832e-02
-1.771899871528148651e-02
-6.621791422367095947e-02
-1.236417097970843315e-03
-3.412658348679542542e-02
-3.568775206804275513e-02
-1.703839190304279327e-02
-1.154084317386150360e-02
-3.933462873101234436e-02
-2.772497758269309998e-02
-3.928584977984428406e-03
-3.545057401061058044e-02
-1.032731775194406509e-02
-2.493811212480068207e-02
-8.603908354416489601e-04
-1.997896842658519745e-02
-1.580680906772613525e-02
-1.950509287416934967e-02
-2.283404348418116570e-03
-1.454435288906097412e-02
-9.408120997250080109e-03
-3.744476288557052612e-02
-1.229162141680717468e-02
-6.755299866199493408e-03
-2.149360021576285362e-03
-2.261211350560188293e-02
-1.195838954299688339e-02
-1.799616776406764984e-02
-3.393188491463661194e-02
-1.525732688605785370e-02
-1.295946352183818817e-02
-5.882733967155218124e-04
-1.302734669297933578e-02
-4.984729457646608353e-03
-1.277275104075670242e-02
-1.730536855757236481e-02
-2.733677811920642853e-02
-2.533890493214130402e-02
-2.059619501233100891e-02
1.282096002250909805e-02
-1.314837206155061722e-02
-3.128761658445000648e-03
-2.438720129430294037e-02
-4.379058256745338440e-03
-8.698851801455020905e-03
-1.188408117741346359e-02
-2.133107185363769531e-02
1.791940885595977306e-04
-7.453395053744316101e-03
-2.171689830720424652e-02
-6.187887862324714661e-03
-1.029287558048963547e-02
-4.894912126474082470e-04
-2.923112548887729645e-02
-3.733115037903189659e-03
-1.998393796384334564e-02
-4.537965636700391769e-03
-2.521119266748428345e-02
-5.558216571807861328e-02
-6.973432376980781555e-03
-6.342025101184844971e-02
-2.730134502053260803e-02
-1.904305256903171539e-02
-9.428595076315104961e-04
-1.605944335460662842e-02
-1.190041098743677139e-02
-7.297126576304435730e-03
-1.397662889212369919e-02
-2.157901413738727570e-02
-3.157727420330047607e-02
-9.390118531882762909e-03
-5.879970267415046692e-02
1.339126843959093094e-02
-1.972202397882938385e-02
-3.301323577761650085e-02
-1.977698504924774170e-02
-1.590807735919952393e-02
-8.427713066339492798e-03
-1.847866550087928772e-02
-2.081036381423473358e-02
-2.742150984704494476e-02
7.451195269823074341e-03
-3.130980581045150757e-02
-3.072842489928007126e-03
1.009323447942733765e-02
-2.189105376601219177e-02
-2.434583380818367004e-02
1.899481634609401226e-03
