2.115744724869728088e-02
8.129802532494068146e-03
1.829968951642513275e-02
2.774992026388645172e-02
1.808499544858932495e-02
9.381863288581371307e-03
1.959281601011753082e-02
2.371703460812568665e-02
1.695715822279453278e-02
1.355009898543357849e-02
1.594554074108600616e-02
1.348516903817653656e-02
2.181122265756130219e-02
1.261295843869447708e-02
3.326915577054023743e-02
1.732087135314941406e-02
2.148234471678733826e-02
1.409735996276140213e-02
1.563567481935024261e-02
1.363497972488403320e-02
1.044465787708759308e-02
1.588435098528862000e-02
1.719238609075546265e-02
1.122470479458570480e-02
1.945013366639614105e-02
1.652779430150985718e-02
2.016476541757583618e-02
1.534592360258102417e-02
2.338061295449733734e-02
1.875738985836505890e-02
1.087514963001012802e-02
1.678397506475448608e-02
1.536523550748825073e-02
1.785618253052234650e-02
2.323727868497371674e-02
1.735949330031871796e-02
2.481452934443950653e-02
2.169859595596790314e-02
1.264808606356382370e-02
2.013718150556087494e-02
3.082835115492343903e-02
3.518675640225410461e-02
2.235307916998863220e-02
1.135319471359252930e-02
1.831474527716636658e-02
2.521154284477233887e-02
1.848084852099418640e-02
8.365426212549209595e-03
1.725204288959503174e-02
1.461562700569629669e-02
1.855146512389183044e-02
1.559079810976982117e-02
9.180388413369655609e-03
3.337749466300010681e-02
1.901802606880664825e-02
2.689469419419765472e-02
9.864266961812973022e-03
1.797276176512241364e-02
2.011090330779552460e-02
1.649487949907779694e-02
2.485887520015239716e-02
2.214368060231208801e-02
1.334805693477392197e-02
2.504662424325942993e-02
2.620851062238216400e-02
2.284621447324752808e-02
1.776093989610671997e-02
1.952072978019714355e-02
1.770280115306377411e-02
1.685957238078117371e-02
2.549694851040840149e-02
2.066649124026298523e-02
2.400193922221660614e-02
1.480817329138517380e-02
1.795355603098869324e-02
1.075751241296529770e-02
1.574279554188251495e-02
2.101513370871543884e-02
2.605453133583068848e-02
2.173218876123428345e-02
1.978871598839759827e-02
2.590008266270160675e-02
4.657694324851036072e-02
1.529144123196601868e-02
1.103589124977588654e-02
3.083315119147300720e-02
1.465848181396722794e-02
2.725807391107082367e-02
2.308593876659870148e-02
2.750094048678874969e-02
2.406213805079460144e-02
1.603636704385280609e-02
2.331310138106346130e-02
1.675931550562381744e-02
1.097687892615795135e-02
1.053836103528738022e-02
1.171124074608087540e-02
1.354943960905075073e-02
1.844542287290096283e-02
1.786888390779495239e-02
1.469054911285638809e-02
1.829050108790397644e-02
1.524754241108894348e-02
1.811799034476280212e-02
2.710060961544513702e-02
2.269591018557548523e-02
2.602154947817325592e-02
1.588059030473232269e-02
1.419122144579887390e-02
2.201510034501552582e-02
2.084708586335182190e-02
1.782415434718132019e-02
1.904562115669250488e-02
1.382230874150991440e-02
1.756401360034942627e-02
1.225635781884193420e-02
1.895947195589542389e-02
1.667230390012264252e-02
3.288356214761734009e-02
1.986192911863327026e-02
2.435925044119358063e-02
2.257224172353744507e-02
1.545623317360877991e-02
2.289155125617980957e-02
1.950336620211601257e-02
1.549220178276300430e-02
1.864150539040565491e-02
1.752960868179798126e-02
1.050057914108037949e-02
1.327467989176511765e-02
1.343095116317272186e-02
2.426585927605628967e-02
2.519969455897808075e-02
1.568173989653587341e-02
1.203823368996381760e-02
1.681033149361610413e-02
1.261995639652013779e-02
1.617453247308731079e-02
1.047774218022823334e-02
2.548024617135524750e-02
1.638335920870304108e-02
1.601094193756580353e-02
1.616043597459793091e-02
1.376493182033300400e-02
2.430341020226478577e-02
1.281560026109218597e-02
1.133278664201498032e-02
1.578730158507823944e-02
1.278457045555114746e-02
2.368337288498878479e-02
2.254928834736347198e-02
2.051527053117752075e-02
1.284089125692844391e-02
1.589666679501533508e-02
2.201334200799465179e-02
1.717538759112358093e-02
2.010629884898662567e-02
1.574494317173957825e-02
1.683582738041877747e-02
1.464542560279369354e-02
2.286934107542037964e-02
1.364155486226081848e-02
8.675989694893360138e-03
1.276276912540197372e-02
9.877507574856281281e-03
2.349844016134738922e-02
1.990836299955844879e-02
1.834364421665668488e-02
2.168383449316024780e-02
2.181816287338733673e-02
2.082874067127704620e-02
1.444709766656160355e-02
1.537082623690366745e-02
2.937972359359264374e-02
2.327891811728477478e-02
1.604419574141502380e-02
1.346882153302431107e-02
1.401705015450716019e-02
1.563707925379276276e-02
1.691641099750995636e-02
1.459973212331533432e-02
1.125067099928855896e-02
2.028919942677021027e-02
1.613014191389083862e-02
2.796055749058723450e-02
1.513908244669437408e-02
2.300450205802917480e-02
1.551705040037631989e-02
9.892046451568603516e-03
1.187619008123874664e-02
1.771823875606060028e-02
1.576353795826435089e-02
1.603170856833457947e-02
1.574166119098663330e-02
1.363926008343696594e-02
1.524725370109081268e-02
1.167805772274732590e-02
1.291694305837154388e-02
4.979209601879119873e-02
1.783709228038787842e-02
8.608525618910789490e-03
1.232380606234073639e-02
1.575939357280731201e-02
1.309512648731470108e-02
1.211126707494258881e-02
2.269354648888111115e-02
1.285724062472581863e-02
2.051881700754165649e-02
1.063519902527332306e-02
1.542477775365114212e-02
2.802331000566482544e-02
1.313206460326910019e-02
9.441922418773174286e-03
1.360524352639913559e-02
1.348268147557973862e-02
1.019833423197269440e-02
1.922231912612915039e-02
1.330832578241825104e-02
1.004802342504262924e-02
1.914708130061626434e-02
2.218076027929782867e-02
1.378533989191055298e-02
2.250900119543075562e-02
1.963606663048267365e-02
3.021369688212871552e-02
2.326478995382785797e-02
2.200142852962017059e-02
1.957406662404537201e-02
1.976581104099750519e-02
1.449408102780580521e-02
2.166686020791530609e-02
1.334674842655658722e-02
2.049001678824424744e-02
1.271087117493152618e-02
2.048553712666034698e-02
2.378036081790924072e-02
1.400138344615697861e-02
2.138347551226615906e-02
1.770563609898090363e-02
2.298029139637947083e-02
1.443937700241804123e-02
1.818627491593360901e-02
1.697956956923007965e-02
1.839833892881870270e-02
2.068928442895412445e-02
2.715371921658515930e-02
1.444626599550247192e-02
1.959290727972984314e-02
2.267178706824779510e-02
1.662730239331722260e-02
1.518174447119235992e-02
1.864321716129779816e-02
3.383731842041015625e-02
1.658478192985057831e-02
1.581619307398796082e-02
1.385152898728847504e-02
