2.638963162899017334e-01
1.873607933521270752e-01
2.027951031923294067e-01
2.016256302595138550e-01
2.027725875377655029e-01
2.079291045665740967e-01
2.165997475385665894e-01
1.769078820943832397e-01
1.822766810655593872e-01
1.636256724596023560e-01
2.489341050386428833e-01
1.521509736776351929e-01
1.968433707952499390e-01
2.547384500503540039e-01
1.898186057806015015e-01
2.003562748432159424e-01
2.000656425952911377e-01
1.534518450498580933e-01
2.108742594718933105e-01
1.406978815793991089e-01
2.052728235721588135e-01
1.700335592031478882e-01
2.408829927444458008e-01
1.672010868787765503e-01
2.550023794174194336e-01
1.277499943971633911e-01
2.346917837858200073e-01
1.518741548061370850e-01
3.124830424785614014e-01
2.501847147941589355e-01
1.831350922584533691e-01
1.559522449970245361e-01
1.684809178113937378e-01
1.832474321126937866e-01
2.342439293861389160e-01
1.888299733400344849e-01
1.630339771509170532e-01
2.164912372827529907e-01
3.511716127395629883e-01
1.941443830728530884e-01
2.384459525346755981e-01
1.559670120477676392e-01
2.359491288661956787e-01
1.366015821695327759e-01
1.787595301866531372e-01
2.182231694459915161e-01
1.845127195119857788e-01
1.800247281789779663e-01
1.408058255910873413e-01
2.376475334167480469e-01
2.027185410261154175e-01
2.410246878862380981e-01
2.098219245672225952e-01
2.115587592124938965e-01
1.076359301805496216e-01
1.868705153465270996e-01
2.269631624221801758e-01
2.286185920238494873e-01
1.911153793334960938e-01
1.916372478008270264e-01
2.162227034568786621e-01
2.079467624425888062e-01
2.235274761915206909e-01
2.122562527656555176e-01
2.124396860599517822e-01
2.163858711719512939e-01
2.602236866950988770e-01
1.321020871400833130e-01
1.902293115854263306e-01
1.734613776206970215e-01
2.415833324193954468e-01
1.989928483963012695e-01
2.037606090307235718e-01
2.214856445789337158e-01
1.763830333948135376e-01
2.176677286624908447e-01
2.127438187599182129e-01
2.317114174365997314e-01
2.532305419445037842e-01
1.651403158903121948e-01
1.625786870718002319e-01
1.963414698839187622e-01
2.080852389335632324e-01
1.925611943006515503e-01
2.130041271448135376e-01
2.599957883358001709e-01
1.958540529012680054e-01
1.637162864208221436e-01
2.128240466117858887e-01
3.088643848896026611e-01
1.875742077827453613e-01
1.891881972551345825e-01
1.550876349210739136e-01
2.224186956882476807e-01
1.925207972526550293e-01
2.219707220792770386e-01
2.030743807554244995e-01
2.479775398969650269e-01
2.082946002483367920e-01
2.479018718004226685e-01
1.449641883373260498e-01
2.119325548410415649e-01
1.960249543190002441e-01
2.159180045127868652e-01
2.165377438068389893e-01
1.843049973249435425e-01
2.347649782896041870e-01
1.778791695833206177e-01
2.565900683403015137e-01
2.221733629703521729e-01
2.028337419033050537e-01
1.639434993267059326e-01
2.372042387723922729e-01
1.998637020587921143e-01
2.228450030088424683e-01
2.089692801237106323e-01
2.406701743602752686e-01
2.054373323917388916e-01
2.224449366331100464e-01
2.152731716632843018e-01
2.854781448841094971e-01
2.179583907127380371e-01
1.861366480588912964e-01
1.533196866512298584e-01
2.073253542184829712e-01
2.610743939876556396e-01
1.852200478315353394e-01
2.868461012840270996e-01
