8.684668689966201782e-02
8.213081210851669312e-02
1.308086216449737549e-01
6.810625642538070679e-02
1.062879562377929688e-01
5.342113971710205078e-02
1.213060840964317322e-01
1.468255966901779175e-01
7.297082990407943726e-02
1.052047759294509888e-01
9.187538921833038330e-02
1.095297634601593018e-01
9.720545262098312378e-02
1.175146028399467468e-01
2.947949618101119995e-02
1.708660274744033813e-01
6.223571673035621643e-02
8.701916038990020752e-02
6.750854849815368652e-02
1.221846118569374084e-01
1.060097068548202515e-01
1.072939783334732056e-01
7.707962393760681152e-02
8.384355157613754272e-02
1.505029946565628052e-01
6.548357009887695312e-02
2.853003889322280884e-02
1.320230215787887573e-01
1.201009601354598999e-01
5.018595233559608459e-02
1.260397732257843018e-01
1.842649728059768677e-01
1.447430402040481567e-01
8.180472999811172485e-02
2.129807025194168091e-01
1.735444664955139160e-01
1.012953892350196838e-01
3.274917602539062500e-02
3.281710669398307800e-02
7.899285107851028442e-02
1.451608389616012573e-01
1.329684555530548096e-01
4.885439947247505188e-02
7.265318930149078369e-02
8.472532778978347778e-02
5.724645033478736877e-02
9.781911224126815796e-02
1.763986051082611084e-01
1.534525156021118164e-01
7.686381787061691284e-02
5.715542286634445190e-02
4.986570030450820923e-02
1.473578810691833496e-01
1.041135936975479126e-01
1.288030296564102173e-01
4.424890503287315369e-02
7.406790554523468018e-02
8.494591712951660156e-02
5.257493257522583008e-02
1.544509083032608032e-01
9.306167811155319214e-02
4.386236891150474548e-02
7.354304939508438110e-02
4.940149933099746704e-02
7.809221744537353516e-02
1.263118535280227661e-01
7.612962275743484497e-02
1.428209692239761353e-01
5.217894539237022400e-02
8.504559844732284546e-02
5.838011950254440308e-02
4.210144653916358948e-02
3.122909553349018097e-02
5.012206360697746277e-02
1.443169265985488892e-01
4.847687855362892151e-02
1.159890517592430115e-01
5.851607024669647217e-02
1.109302565455436707e-01
8.501517772674560547e-02
7.120603322982788086e-02
7.472663372755050659e-02
8.467306196689605713e-02
2.667757123708724976e-02
4.622150212526321411e-02
1.142609938979148865e-01
7.835239171981811523e-02
7.122669368982315063e-02
8.987478166818618774e-02
7.638986408710479736e-02
5.621154978871345520e-02
7.992643862962722778e-02
7.134989649057388306e-02
9.691672772169113159e-02
2.745302952826023102e-02
7.037363201379776001e-02
4.966342449188232422e-02
5.796109512448310852e-02
1.223251670598983765e-01
8.969452232122421265e-02
3.765567392110824585e-02
1.245070844888687134e-01
8.974234759807586670e-02
6.060472130775451660e-02
1.054159551858901978e-01
7.619477808475494385e-02
8.521638065576553345e-02
1.279133409261703491e-01
5.758267641067504883e-02
1.576190888881683350e-01
1.213996186852455139e-01
9.070356935262680054e-02
1.344784945249557495e-01
6.413263827562332153e-02
5.056839436292648315e-02
5.895695835351943970e-02
1.021973267197608948e-01
9.365992993116378784e-02
7.476379722356796265e-02
5.777700617909431458e-02
1.213581264019012451e-01
6.961368024349212646e-02
1.270497739315032959e-01
4.424920305609703064e-02
3.458417207002639771e-02
9.301666915416717529e-02
1.335273832082748413e-01
7.344786077737808228e-02
1.214511692523956299e-02
9.959284216165542603e-02
5.064183473587036133e-02
4.307705536484718323e-02
6.427641957998275757e-02
1.361228823661804199e-01
6.093913689255714417e-02
1.282716542482376099e-01
1.315034329891204834e-01
5.456773191690444946e-02
2.094017341732978821e-02
8.749923855066299438e-02
6.675367057323455811e-02
1.091675534844398499e-01
1.167098283767700195e-01
4.850530251860618591e-02
4.526933282613754272e-02
1.704310625791549683e-01
1.260458976030349731e-01
-2.628519837344356347e-07
1.225545108318328857e-01
4.443225264549255371e-02
6.500727683305740356e-02
4.732128605246543884e-02
1.600804477930068970e-01
7.856861501932144165e-02
6.776967644691467285e-02
7.656482607126235962e-02
9.188987314701080322e-02
1.248373016715049744e-01
6.918762624263763428e-02
1.783914119005203247e-01
9.695345908403396606e-02
1.017968356609344482e-01
4.648372903466224670e-02
8.873262256383895874e-02
5.110345780849456787e-02
9.852411597967147827e-02
6.396520882844924927e-02
1.227141842246055603e-01
5.851739645004272461e-02
4.562379792332649231e-02
3.386870399117469788e-02
5.997484177350997925e-02
9.415557980537414551e-02
1.070744469761848450e-01
8.355516195297241211e-02
3.015490621328353882e-02
1.365837752819061279e-01
9.464920312166213989e-02
2.915169298648834229e-02
1.287213861942291260e-01
4.004425182938575745e-02
8.331480622291564941e-02
9.469230473041534424e-02
8.260325342416763306e-02
1.536596566438674927e-01
4.175820946693420410e-02
3.466076031327247620e-02
7.002573460340499878e-02
8.509942889213562012e-02
1.210462525486946106e-01
8.001473546028137207e-02
2.167291045188903809e-01
4.376897960901260376e-02
1.130874305963516235e-01
9.333954751491546631e-02
5.305413529276847839e-02
6.097438558936119080e-02
4.495246335864067078e-02
5.461705476045608521e-02
1.152534782886505127e-01
8.262231945991516113e-02
7.036457955837249756e-02
6.789394468069076538e-02
7.266359776258468628e-02
5.125287920236587524e-02
1.057962328195571899e-01
4.037851933389902115e-03
7.315154373645782471e-02
1.975118219852447510e-01
1.556116640567779541e-01
1.315768212080001831e-01
1.177001520991325378e-01
7.164939492940902710e-02
8.043103665113449097e-02
7.727495580911636353e-02
8.978106081485748291e-02
9.891892969608306885e-02
1.175855621695518494e-01
1.217814683914184570e-01
1.284019201993942261e-01
4.895756393671035767e-02
6.323467940092086792e-02
2.123790830373764038e-01
8.820566534996032715e-02
9.436587244272232056e-02
1.147823631763458252e-01
9.770179539918899536e-02
2.101861685514450073e-01
3.875690326094627380e-02
7.853088527917861938e-02
8.544667810201644897e-02
1.190467625856399536e-01
9.192062914371490479e-02
9.759148210287094116e-02
4.788381978869438171e-02
6.045281887054443359e-02
1.508910059928894043e-01
4.378645494580268860e-02
1.454366594552993774e-01
1.373686045408248901e-01
7.551477849483489990e-02
1.140528544783592224e-01
1.459936052560806274e-01
8.889746665954589844e-02
1.133110001683235168e-01
1.738174408674240112e-01
6.472212821245193481e-02
4.629387333989143372e-02
9.073482360690832138e-04
7.953957468271255493e-02
1.152766421437263489e-01
9.239597618579864502e-02
9.748085588216781616e-02
9.991846233606338501e-02
6.599087268114089966e-02
4.545695334672927856e-02
2.089937031269073486e-02
8.838717639446258545e-02
8.709490299224853516e-02
1.666573435068130493e-01
6.710701435804367065e-02
9.085301309823989868e-02
8.950975537300109863e-02
9.883270412683486938e-02
1.081093922257423401e-01
5.119815096259117126e-02
6.902962923049926758e-02
1.342555284500122070e-01
8.803313225507736206e-02
9.007377177476882935e-02
1.494624465703964233e-01
7.564817368984222412e-02
8.414198458194732666e-02
1.479852497577667236e-01
1.111710220575332642e-01
5.075993388891220093e-02
3.212083876132965088e-02
9.612719714641571045e-02
6.133259460330009460e-02
6.929504871368408203e-02
1.251907050609588623e-01
6.707300245761871338e-02
6.937609612941741943e-02
2.301643602550029755e-02
5.662747099995613098e-02
1.462667435407638550e-01
1.253319531679153442e-01
5.985226482152938843e-02
6.301279366016387939e-02
2.649970352649688721e-02
1.396986991167068481e-01
1.198868826031684875e-01
4.270171746611595154e-02
1.050058901309967041e-01
1.078858971595764160e-01
6.647524982690811157e-02
1.469256728887557983e-01
4.015246406197547913e-02
4.972968995571136475e-02
1.557078957557678223e-01
1.274929791688919067e-01
5.317012220621109009e-02
4.995744302868843079e-02
4.401795938611030579e-02
6.484641879796981812e-02
1.174165159463882446e-01
7.954978197813034058e-02
6.083808094263076782e-02
1.428757905960083008e-01
1.471453160047531128e-01
7.629150897264480591e-02
6.783705204725265503e-02
5.599063634872436523e-02
1.507466584444046021e-01
3.229941055178642273e-02
7.876467704772949219e-02
3.931082785129547119e-02
9.012531489133834839e-02
1.169465258717536926e-01
8.423244953155517578e-02
1.166924312710762024e-01
1.410083621740341187e-01
1.037852838635444641e-01
4.491925612092018127e-02
1.667786240577697754e-01
6.382231414318084717e-02
1.166185438632965088e-01
8.387576043605804443e-02
1.219913810491561890e-01
1.418832689523696899e-01
3.409387916326522827e-02
4.562463983893394470e-02
6.755638122558593750e-02
4.960194602608680725e-02
5.118925496935844421e-02
1.520551592111587524e-01
1.802297234535217285e-01
1.306604146957397461e-01
1.433854848146438599e-01
8.499930053949356079e-02
1.479815244674682617e-01
9.613372385501861572e-02
1.034134104847908020e-01
1.625347733497619629e-01
6.964067369699478149e-02
1.354262381792068481e-01
8.200167119503021240e-02
4.616129770874977112e-02
4.202122613787651062e-02
1.331136673688888550e-01
1.237680241465568542e-01
1.851709634065628052e-01
4.350164532661437988e-02
9.634404629468917847e-02
2.045838236808776855e-01
9.700961410999298096e-02
1.437238454818725586e-01
8.264026045799255371e-02
4.557750374078750610e-02
2.012324891984462738e-02
2.029880732297897339e-01
3.000476770102977753e-02
6.183744966983795166e-02
7.697694748640060425e-02
6.802102178335189819e-02
1.152819544076919556e-01
1.092995181679725647e-01
1.785665005445480347e-01
7.288699597120285034e-02
4.829595983028411865e-02
1.162676215171813965e-01
1.114555075764656067e-01
1.347433924674987793e-01
1.175852045416831970e-01
6.121727824211120605e-02
6.717967987060546875e-02
1.281901299953460693e-01
1.107894778251647949e-01
6.576010584831237793e-02
1.513070911169052124e-01
5.976911634206771851e-02
1.229092031717300415e-01
1.217960566282272339e-01
1.011249423027038574e-01
8.796524256467819214e-02
8.304607868194580078e-02
1.464214473962783813e-01
1.111316084861755371e-01
7.005011290311813354e-02
1.036982312798500061e-01
5.126933008432388306e-02
9.858432412147521973e-02
1.460324823856353760e-01
1.388748586177825928e-01
1.053985506296157837e-01
5.957785248756408691e-02
7.084675133228302002e-02
3.574303165078163147e-02
1.183123886585235596e-01
3.944418206810951233e-02
7.971297949552536011e-02
1.653525829315185547e-01
1.054264307022094727e-01
4.095563292503356934e-02
5.592111870646476746e-02
7.363208383321762085e-02
8.946301043033599854e-02
7.959149777889251709e-02
2.731081284582614899e-02
4.036351665854454041e-02
1.852404326200485229e-01
3.432413935661315918e-02
8.903339505195617676e-02
1.484418213367462158e-01
3.865747526288032532e-02
6.402790546417236328e-02
1.098968088626861572e-01
1.422586739063262939e-01
8.835905045270919800e-02
1.046013534069061279e-01
6.467075645923614502e-02
5.447166785597801208e-02
1.157875135540962219e-01
7.452952861785888672e-02
6.579122692346572876e-02
9.690044820308685303e-02
1.261860877275466919e-01
1.325132548809051514e-01
1.043716222047805786e-01
1.199087053537368774e-01
8.912301808595657349e-02
8.726589381694793701e-02
1.007334217429161072e-01
6.740444898605346680e-02
9.161578118801116943e-02
5.811903253197669983e-02
3.077054023742675781e-02
1.368309855461120605e-01
1.192060112953186035e-01
6.226697936654090881e-02
8.218368887901306152e-02
1.009025722742080688e-01
6.089141592383384705e-02
1.264223009347915649e-01
5.044357106089591980e-02
3.845327347517013550e-02
6.033380702137947083e-02
5.143567919731140137e-02
3.095498494803905487e-02
4.415851458907127380e-02
7.082048058509826660e-02
1.215053945779800415e-01
4.886597022414207458e-02
1.397331953048706055e-01
1.274394541978836060e-01
1.044192761182785034e-01
9.099875390529632568e-02
1.135019883513450623e-01
8.967682719230651855e-02
1.094189658761024475e-01
6.085456535220146179e-02
1.097040399909019470e-01
1.262260824441909790e-01
1.166191771626472473e-01
5.233113095164299011e-02
1.702088713645935059e-01
7.479532063007354736e-02
3.817662969231605530e-02
5.817034840583801270e-02
1.240076273679733276e-01
1.813991814851760864e-01
1.967134028673171997e-01
1.134732514619827271e-01
8.699197322130203247e-02
3.861489146947860718e-02
3.278039768338203430e-02
9.702458232641220093e-02
3.836746886372566223e-02
3.922339901328086853e-02
1.176003813743591309e-01
6.837587058544158936e-02
1.447755247354507446e-01
1.391487270593643188e-01
1.557241827249526978e-01
1.342230290174484253e-01
1.025224328041076660e-01
3.287408128380775452e-02
6.850986927747726440e-02
1.001645475625991821e-01
1.527047157287597656e-01
3.635924682021141052e-02
5.583095923066139221e-02
5.885219201445579529e-02
1.004741415381431580e-01
-3.419736027717590332e-02
3.759218752384185791e-02
5.256971716880798340e-02
8.071549236774444580e-02
7.161832600831985474e-02
5.935855582356452942e-02
5.942454934120178223e-02
7.653778046369552612e-02
6.921289116144180298e-02
7.373097538948059082e-02
1.133690252900123596e-01
8.175802975893020630e-02
1.107683926820755005e-01
1.237929314374923706e-01
1.085815504193305969e-01
4.160590842366218567e-02
4.211950302124023438e-02
3.237788751721382141e-02
1.832978576421737671e-01
7.337503135204315186e-02
3.621176257729530334e-02
1.642859280109405518e-01
7.186365872621536255e-02
1.965857148170471191e-01
6.475964933633804321e-02
1.086170002818107605e-01
1.960806250572204590e-01
2.461294271051883698e-02
8.381783962249755859e-02
1.129409074783325195e-01
1.016671210527420044e-01
8.926869928836822510e-02
8.109879493713378906e-02
9.088988602161407471e-02
9.066481143236160278e-02
8.554992079734802246e-02
3.033532947301864624e-02
6.578433513641357422e-02
4.818481206893920898e-02
6.505242735147476196e-02
9.220550954341888428e-02
1.256556659936904907e-01
5.109605565667152405e-02
1.298225522041320801e-01
6.891935318708419800e-02
1.008441150188446045e-01
1.441598087549209595e-01
4.702473431825637817e-02
1.148233339190483093e-01
1.618368476629257202e-01
3.625065460801124573e-02
1.150827407836914062e-01
6.043337285518646240e-02
9.302770346403121948e-02
9.069579094648361206e-02
9.455142170190811157e-02
7.666699588298797607e-02
1.082603186368942261e-01
9.590368717908859253e-02
8.362262696027755737e-02
7.553581148386001587e-02
5.855851620435714722e-02
3.070435859262943268e-02
3.710452839732170105e-02
1.104599311947822571e-01
9.456796199083328247e-02
7.607301324605941772e-02
1.023294776678085327e-01
1.680004447698593140e-01
4.823461547493934631e-02
4.620493948459625244e-02
2.076414525508880615e-01
6.479514390230178833e-02
6.600249558687210083e-02
7.028284668922424316e-02
4.349241405725479126e-02
1.014054566621780396e-01
2.566376887261867523e-02
3.697336465120315552e-02
1.296115517616271973e-01
6.443355232477188110e-02
1.330581009387969971e-01
9.016370028257369995e-02
1.300094425678253174e-01
2.089439146220684052e-02
1.712749898433685303e-01
1.003183349967002869e-01
1.744007319211959839e-01
1.447880119085311890e-01
1.041284948587417603e-01
1.310693919658660889e-01
7.682725787162780762e-02
1.002802774310112000e-01
8.683634549379348755e-02
5.358896031975746155e-02
5.478909611701965332e-02
2.577968873083591461e-02
2.360855974256992340e-02
5.249102413654327393e-02
6.344589591026306152e-02
9.783061593770980835e-02
6.434090435504913330e-02
3.166861459612846375e-02
8.324687927961349487e-02
1.218654960393905640e-01
5.031134933233261108e-02
9.342386573553085327e-02
1.686060801148414612e-02
3.859368339180946350e-02
1.577105224132537842e-01
5.883048102259635925e-02
9.468122571706771851e-02
3.724181652069091797e-02
1.706116795539855957e-01
6.067310273647308350e-02
1.151600629091262817e-01
7.479896396398544312e-02
7.818201929330825806e-02
3.839688375592231750e-02
1.958366334438323975e-01
9.441277384757995605e-02
6.543867290019989014e-02
1.170207634568214417e-01
5.307257547974586487e-02
9.939700365066528320e-02
5.740365758538246155e-02
8.856845647096633911e-02
8.432806283235549927e-02
8.127073943614959717e-02
9.700009226799011230e-02
1.096252277493476868e-01
9.462556242942810059e-02
2.485205605626106262e-02
5.146069079637527466e-02
1.395218223333358765e-01
8.036229759454727173e-02
9.663245081901550293e-02
9.144802391529083252e-02
9.177470207214355469e-02
8.275396376848220825e-02
4.202382266521453857e-02
4.689743742346763611e-02
1.028878018260002136e-01
8.275053650140762329e-02
7.673477381467819214e-02
1.110796853899955750e-01
9.810969978570938110e-02
1.073510050773620605e-01
1.175642982125282288e-01
1.676104515790939331e-01
5.164017155766487122e-02
9.166431427001953125e-02
9.499932825565338135e-02
7.694582641124725342e-02
1.240599229931831360e-01
8.353957533836364746e-02
6.923427432775497437e-02
7.892996817827224731e-02
6.376367062330245972e-02
1.271582692861557007e-01
8.414585888385772705e-02
6.860481202602386475e-02
-5.526760127395391464e-03
-7.002893835306167603e-03
1.841171532869338989e-01
6.619713455438613892e-02
8.484528213739395142e-02
3.144582360982894897e-02
3.470053896307945251e-02
1.048678681254386902e-01
7.038750499486923218e-02
7.983384281396865845e-02
1.263664215803146362e-01
3.269823640584945679e-02
5.938208103179931641e-02
8.781646937131881714e-02
5.315534397959709167e-02
1.032288447022438049e-01
1.883631050586700439e-01
6.254667043685913086e-02
1.487913280725479126e-01
1.312928944826126099e-01
1.066434606909751892e-01
1.118508353829383850e-01
2.721875719726085663e-02
9.590928256511688232e-02
6.340596079826354980e-02
1.363317519426345825e-01
5.776549875736236572e-02
3.488265350461006165e-02
8.565343916416168213e-02
5.442006886005401611e-02
5.045977234840393066e-02
1.546552628278732300e-01
3.765262663364410400e-02
1.181411072611808777e-01
1.200964823365211487e-01
9.497773647308349609e-02
7.160104811191558838e-02
7.680784910917282104e-02
1.143799051642417908e-01
5.416219681501388550e-02
2.525307983160018921e-02
7.133364677429199219e-02
8.949560672044754028e-02
2.265240699052810669e-01
5.935739725828170776e-02
7.472818344831466675e-02
4.798695072531700134e-02
1.806286424398422241e-01
1.515048891305923462e-01
5.918563157320022583e-02
8.565837889909744263e-02
8.824562281370162964e-02
1.135540083050727844e-01
4.271823167800903320e-02
1.283652931451797485e-01
9.240320324897766113e-02
6.077615544199943542e-02
1.346176415681838989e-01
1.297327131032943726e-01
1.396532952785491943e-01
4.113880172371864319e-02
7.626780122518539429e-02
8.387570828199386597e-02
5.689229071140289307e-02
1.725301295518875122e-01
1.084213703870773315e-01
1.662199050188064575e-01
1.103968918323516846e-01
5.697646737098693848e-02
8.280064165592193604e-02
1.409278810024261475e-01
3.332340717315673828e-02
5.807832255959510803e-02
8.625715970993041992e-02
9.623532742261886597e-02
4.099007695913314819e-02
7.451125979423522949e-02
1.049669906497001648e-01
4.671513661742210388e-02
1.007713675498962402e-01
1.049175038933753967e-01
8.169300854206085205e-02
1.568888574838638306e-01
9.695515036582946777e-02
1.164112016558647156e-01
5.102516710758209229e-02
7.841600477695465088e-02
1.199453994631767273e-01
4.215195029973983765e-02
3.794494271278381348e-02
1.602911204099655151e-01
5.009122192859649658e-02
1.004152372479438782e-01
2.905580215156078339e-02
2.005552649497985840e-01
6.039548665285110474e-02
6.199543923139572144e-02
6.583616882562637329e-02
1.190389543771743774e-01
1.797486245632171631e-01
9.238809347152709961e-02
6.472267210483551025e-02
1.134230941534042358e-01
5.078969895839691162e-02
4.068028554320335388e-02
4.359190538525581360e-02
7.033162564039230347e-02
9.291622787714004517e-02
6.987898051738739014e-02
6.687003374099731445e-02
4.389388114213943481e-02
1.514181494712829590e-01
1.806220412254333496e-01
6.120763346552848816e-02
9.498851001262664795e-02
7.400982826948165894e-02
5.571825802326202393e-02
4.160244390368461609e-02
1.203198134899139404e-01
1.382039189338684082e-01
8.113384246826171875e-02
1.388196647167205811e-01
7.709586620330810547e-02
7.295390218496322632e-02
6.803601980209350586e-02
1.417919397354125977e-01
6.434996426105499268e-02
5.129937082529067993e-02
5.002790689468383789e-02
9.587017446756362915e-02
6.557636708021163940e-02
2.651172131299972534e-02
5.266268178820610046e-02
1.388981938362121582e-01
9.059487283229827881e-02
7.888128608465194702e-02
9.880130738019943237e-02
7.306483387947082520e-02
1.270031332969665527e-01
8.550556004047393799e-02
1.418605893850326538e-01
8.659795671701431274e-02
8.949405699968338013e-02
6.376399099826812744e-02
2.937380410730838776e-02
1.236305236816406250e-01
6.481577455997467041e-02
2.736100740730762482e-02
1.106936559081077576e-01
9.530656784772872925e-02
4.557994380593299866e-02
9.651935100555419922e-02
1.273937821388244629e-01
1.386827230453491211e-01
7.917152345180511475e-02
1.086088865995407104e-01
3.757342696189880371e-02
5.817031860351562500e-02
1.085122451186180115e-01
8.909464627504348755e-02
8.545216172933578491e-02
5.142261832952499390e-02
5.607015267014503479e-02
5.330830067396163940e-02
1.793993413448333740e-01
1.364188790321350098e-01
1.159509345889091492e-01
1.336380690336227417e-01
3.848601505160331726e-02
1.608408056199550629e-02
3.739206492900848389e-02
6.914564222097396851e-02
1.047940105199813843e-01
1.431996077299118042e-01
7.296510785818099976e-02
7.800944149494171143e-02
2.823501639068126678e-02
1.114357709884643555e-01
-1.846563257277011871e-02
6.799931824207305908e-02
5.975805968046188354e-02
6.830777227878570557e-02
3.527150675654411316e-02
1.586061120033264160e-01
1.861418932676315308e-01
4.173247888684272766e-02
1.187936142086982727e-01
9.698446840047836304e-02
4.236467927694320679e-02
1.204304620623588562e-01
1.125382408499717712e-01
7.989852875471115112e-02
9.665428102016448975e-02
9.017545729875564575e-02
1.503358930349349976e-01
9.716068953275680542e-02
1.127342730760574341e-01
1.016825661063194275e-01
7.682921737432479858e-02
8.467177301645278931e-02
9.848639369010925293e-03
6.211876496672630310e-02
1.195635870099067688e-01
1.652058959007263184e-01
6.148407608270645142e-02
1.579623520374298096e-01
9.779128432273864746e-02
3.105739131569862366e-02
3.888189792633056641e-02
4.857671633362770081e-02
1.229843273758888245e-01
1.138761639595031738e-01
9.561972320079803467e-02
1.053818836808204651e-01
4.770006984472274780e-02
1.674970611929893494e-02
4.188051447272300720e-02
6.410825252532958984e-02
1.224226504564285278e-01
3.642827272415161133e-02
4.152224212884902954e-02
8.723860234022140503e-02
1.462149471044540405e-01
1.006887927651405334e-01
5.739158019423484802e-02
4.213032126426696777e-02
1.543985456228256226e-01
1.001316159963607788e-01
3.633728623390197754e-02
7.325144857168197632e-02
4.161689430475234985e-02
8.801303803920745850e-02
7.234271615743637085e-02
2.426618896424770355e-02
1.507169157266616821e-01
7.942806929349899292e-02
1.565003544092178345e-01
1.249541416764259338e-01
6.739514321088790894e-02
1.276848614215850830e-01
8.497470617294311523e-02
1.133746579289436340e-01
8.116736263036727905e-02
6.696699559688568115e-02
1.073080301284790039e-01
1.260170638561248779e-01
5.646244436502456665e-02
3.460098430514335632e-02
9.126774221658706665e-02
4.535876214504241943e-02
5.927180126309394836e-02
1.681454777717590332e-01
1.584651023149490356e-01
6.391250342130661011e-02
1.292903870344161987e-01
1.569763422012329102e-01
6.192604824900627136e-02
1.406063139438629150e-01
1.144563183188438416e-01
1.149008870124816895e-01
4.413933679461479187e-02
8.704948425292968750e-02
5.426070466637611389e-02
9.232901036739349365e-02
6.913807243108749390e-02
1.060057654976844788e-01
4.309611767530441284e-02
1.431034412235021591e-02
9.868237376213073730e-02
1.200835257768630981e-01
1.068573519587516785e-01
4.997815191745758057e-02
7.849268615245819092e-02
1.990048587322235107e-01
1.537787020206451416e-01
1.136376485228538513e-01
1.343625336885452271e-01
1.336778402328491211e-01
1.757842302322387695e-02
1.097663193941116333e-01
1.092067062854766846e-01
1.073024421930313110e-01
1.209172233939170837e-01
2.451225966215133667e-01
1.230448782444000244e-01
7.185230404138565063e-02
1.004227772355079651e-01
1.104871705174446106e-01
7.921309769153594971e-02
1.204595789313316345e-01
1.093851029872894287e-01
5.974579602479934692e-02
9.539945423603057861e-02
8.299750089645385742e-02
6.972085684537887573e-02
7.200045138597488403e-02
4.682917892932891846e-02
7.226053625345230103e-02
6.192636489868164062e-02
5.908663570880889893e-02
8.372468501329421997e-02
6.334666162729263306e-02
9.418382495641708374e-02
1.057611480355262756e-01
1.322815567255020142e-01
4.836707189679145813e-02
4.050672799348831177e-02
8.187545090913772583e-02
1.785966753959655762e-01
1.351707726716995239e-01
3.399275615811347961e-02
1.134431436657905579e-01
8.807366341352462769e-02
2.462036162614822388e-01
2.056985199451446533e-01
9.009469300508499146e-02
1.055869683623313904e-01
6.431774049997329712e-02
1.214337423443794250e-01
1.045859381556510925e-01
8.243197202682495117e-02
6.978579610586166382e-02
1.599236279726028442e-01
1.343627423048019409e-01
2.424301020801067352e-02
5.978054553270339966e-02
1.537286192178726196e-01
1.500082314014434814e-01
5.864205956459045410e-02
1.415994912385940552e-01
5.966590717434883118e-02
1.216244101524353027e-01
6.244610249996185303e-02
8.071915805339813232e-02
3.936626017093658447e-02
7.859361171722412109e-02
7.106575369834899902e-02
1.226661056280136108e-01
7.802597433328628540e-02
7.570900022983551025e-02
1.521099209785461426e-01
1.354695111513137817e-01
8.979403972625732422e-02
6.750533729791641235e-02
3.671980649232864380e-02
1.538666039705276489e-01
7.146822661161422729e-02
1.216481626033782959e-01
5.449210107326507568e-02
8.185118436813354492e-02
6.709853559732437134e-02
9.610763937234878540e-02
1.213906183838844299e-01
1.063485518097877502e-01
1.595517992973327637e-01
5.707362666726112366e-02
1.104188635945320129e-01
1.794601529836654663e-01
1.253658682107925415e-01
9.990927577018737793e-02
1.154379472136497498e-01
5.645617470145225525e-02
6.262908875942230225e-02
5.601629987359046936e-02
7.053118944168090820e-02
9.964890033006668091e-02
5.054372921586036682e-02
3.990394994616508484e-02
