1.974217966198921204e-02
1.349485013633966446e-02
1.090383809059858322e-02
1.824879832565784454e-02
1.616808958351612091e-02
1.378419343382120132e-02
1.961020380258560181e-02
1.263746246695518494e-02
1.564272865653038025e-02
1.756927557289600372e-02
1.866292767226696014e-02
1.855229958891868591e-02
1.389538217335939407e-02
9.571800939738750458e-03
1.003175880759954453e-02
1.797353848814964294e-02
1.211833488196134567e-02
8.027587085962295532e-03
2.096887305378913879e-02
1.554937008768320084e-02
1.446750108152627945e-02
1.409129891544580460e-02
1.631745137274265289e-02
1.669904962182044983e-02
1.597859896719455719e-02
1.313126739114522934e-02
1.154604647308588028e-02
1.398085802793502808e-02
1.152437366545200348e-02
1.248959638178348541e-02
1.020081061869859695e-02
1.909879781305789948e-02
1.293586660176515579e-02
1.120359543710947037e-02
1.865854486823081970e-02
1.154253631830215454e-02
1.666148751974105835e-02
9.644678793847560883e-03
9.460989385843276978e-03
1.444180961698293686e-02
1.706761121749877930e-02
1.272939797490835190e-02
1.682102121412754059e-02
1.479998230934143066e-02
1.508852187544107437e-02
1.411098614335060120e-02
1.678824983537197113e-02
1.361302565783262253e-02
1.600466109812259674e-02
2.443031594157218933e-02
1.079799421131610870e-02
1.353936083614826202e-02
1.331201381981372833e-02
1.700530014932155609e-02
1.788736879825592041e-02
1.774257421493530273e-02
1.951689273118972778e-02
1.631771214306354523e-02
1.189430151134729385e-02
1.139924116432666779e-02
1.717152632772922516e-02
1.507488079369068146e-02
1.332722883671522141e-02
1.477867085486650467e-02
2.030382491648197174e-02
1.639541052281856537e-02
1.231604162603616714e-02
1.178435329347848892e-02
2.199562638998031616e-02
1.218388136476278305e-02
1.370447967201471329e-02
1.164190843701362610e-02
1.094948966056108475e-02
1.953158900141716003e-02
1.416354160755872726e-02
1.718983240425586700e-02
1.415031868964433670e-02
1.083642058074474335e-02
1.385423913598060608e-02
1.183289941400289536e-02
1.040977332741022110e-02
1.088845077902078629e-02
1.601251214742660522e-02
8.775097317993640900e-03
1.538263726979494095e-02
1.757166348397731781e-02
1.385953649878501892e-02
1.797113753855228424e-02
1.730541698634624481e-02
1.969180069863796234e-02
1.739448867738246918e-02
1.983346790075302124e-02
1.694263704121112823e-02
2.270507998764514923e-02
2.284359559416770935e-02
1.267980132251977921e-02
1.130640972405672073e-02
1.242527179419994354e-02
1.411716174334287643e-02
1.149393897503614426e-02
1.368788536638021469e-02
8.326807990670204163e-03
1.604244299232959747e-02
4.485347121953964233e-02
1.887928880751132965e-02
1.233179215341806412e-02
1.533810421824455261e-02
1.560668740421533585e-02
1.117693539708852768e-02
1.404220610857009888e-02
1.180255413055419922e-02
1.431796979159116745e-02
1.142861507833003998e-02
2.101194299757480621e-02
2.241492830216884613e-02
1.875003986060619354e-02
2.093768678605556488e-02
1.162607315927743912e-02
1.881440915167331696e-02
1.272143330425024033e-02
1.302580349147319794e-02
1.726650632917881012e-02
1.705374941229820251e-02
1.639956980943679810e-02
1.765536330640316010e-02
1.736862026154994965e-02
1.081340759992599487e-02
3.119157813489437103e-02
