-9.750403463840484619e-03
-2.780939638614654541e-01
-1.677394509315490723e-01
-8.686150610446929932e-02
-1.593986600637435913e-01
-1.441867351531982422e-01
-1.332324594259262085e-01
-1.509595960378646851e-01
-1.422816216945648193e-01
-1.472060531377792358e-01
-1.652201563119888306e-01
-7.157315313816070557e-02
-1.692413985729217529e-01
-6.763328611850738525e-02
4.429912939667701721e-02
-1.999145001173019409e-01
-6.744709610939025879e-02
-1.850897222757339478e-01
-8.959229290485382080e-02
-1.530285626649856567e-01
-2.191779315471649170e-01
-1.351259350776672363e-01
-8.241849392652511597e-02
-1.493336707353591919e-01
-2.033685743808746338e-01
-1.183173730969429016e-01
-5.302815884351730347e-02
-1.040691137313842773e-01
-9.895951300859451294e-02
-8.759203553199768066e-02
-1.334337741136550903e-01
-1.247433945536613464e-01
-1.498039662837982178e-01
-1.605012267827987671e-02
-1.318824142217636108e-01
-1.528600752353668213e-01
-1.852098405361175537e-01
-1.108884513378143311e-01
-4.548551514744758606e-02
-1.848224103450775146e-01
-1.251709908246994019e-01
-1.308871954679489136e-01
-1.125409603118896484e-01
-2.612594962120056152e-01
-2.120404988527297974e-01
-9.525518119335174561e-02
-4.957171529531478882e-02
-9.999577701091766357e-02
-1.470872163772583008e-01
-1.207255423069000244e-01
-1.137606948614120483e-01
-1.236590892076492310e-01
-1.799505352973937988e-01
-1.566950976848602295e-01
-2.975824102759361267e-02
-8.760395646095275879e-02
-4.052795097231864929e-02
-2.126417309045791626e-01
-1.281388849020004272e-01
-1.384658217430114746e-01
-2.283403575420379639e-01
-1.173122748732566833e-01
-1.089910119771957397e-01
-1.052752360701560974e-01
-1.137127801775932312e-01
-1.197000145912170410e-01
-1.839021146297454834e-01
-1.514409780502319336e-01
-8.707209676504135132e-02
-1.356416195631027222e-01
-1.240127068012952805e-02
-5.342017486691474915e-02
-1.051247417926788330e-01
-9.748542681336402893e-03
9.418652625754475594e-04
-1.007192209362983704e-01
-1.929493695497512817e-01
-1.610735654830932617e-01
-1.426096409559249878e-01
-7.031973451375961304e-02
-1.028274744749069214e-01
-2.314361631870269775e-01
-9.350974112749099731e-02
-8.374457806348800659e-02
-1.508618891239166260e-01
-5.187306087464094162e-03
-1.121777668595314026e-01
-1.800555735826492310e-01
-1.038908064365386963e-01
-1.103773787617683411e-01
-1.046189069747924805e-01
-8.065755665302276611e-02
-7.229737937450408936e-02
-7.737819105386734009e-02
-7.603587210178375244e-02
-1.835877448320388794e-01
-9.460406750440597534e-02
-1.359888315200805664e-01
-2.549735903739929199e-01
-1.400445401668548584e-01
-9.943082928657531738e-02
-1.823386102914810181e-01
-9.764556586742401123e-02
-1.832656562328338623e-02
-1.085992380976676941e-01
-9.550604969263076782e-02
-2.149888724088668823e-01
-6.512638181447982788e-02
4.667869210243225098e-02
-1.593958139419555664e-01
-1.754168570041656494e-01
5.938854441046714783e-02
-1.701351404190063477e-01
-5.719395354390144348e-02
-6.160311400890350342e-02
-1.006341949105262756e-01
-1.988464444875717163e-01
-1.100288331508636475e-01
-1.141173839569091797e-01
1.455830596387386322e-02
-3.707794845104217529e-01
-9.137662500143051147e-02
-1.591599136590957642e-01
-7.058321684598922729e-02
-4.372870922088623047e-02
-8.692576736211776733e-02
-1.081187725067138672e-01
-1.493140161037445068e-01
-5.484876036643981934e-02
-1.238504797220230103e-01
-6.474897265434265137e-02
-1.570363529026508331e-02
-7.428077608346939087e-02
-1.283298134803771973e-01
-9.456081688404083252e-02
-2.221585363149642944e-01
2.656729333102703094e-02
-1.022375822067260742e-01
2.944891527295112610e-02
-4.857179149985313416e-02
-6.692980974912643433e-02
-1.693449318408966064e-01
-1.970499008893966675e-01
-1.044527515769004822e-01
-1.957259923219680786e-01
-1.526263952255249023e-01
-2.056672722101211548e-01
-8.507377654314041138e-02
-1.247405260801315308e-01
-1.212557628750801086e-01
-4.030004516243934631e-02
-1.013024374842643738e-01
-1.685979962348937988e-01
-4.181588813662528992e-02
-1.033623665571212769e-01
-1.357209086418151855e-01
-1.250889599323272705e-01
-2.530631124973297119e-01
-1.142307817935943604e-01
-1.593119651079177856e-01
3.748679161071777344e-02
-1.093396544456481934e-01
-9.088078886270523071e-02
-7.832658290863037109e-02
1.932550594210624695e-02
-1.468382962048053741e-02
-9.846935421228408813e-02
-1.436357498168945312e-01
3.106674738228321075e-02
-7.003642618656158447e-02
-1.024754643440246582e-01
-9.937782585620880127e-02
-1.567041575908660889e-01
-1.135943159461021423e-01
-1.593973636627197266e-01
1.963196089491248131e-03
-1.545482426881790161e-01
-1.402686238288879395e-01
-3.854117542505264282e-02
-8.677323162555694580e-02
-1.026877164840698242e-01
-4.240432754158973694e-02
-2.139351367950439453e-01
-1.109782978892326355e-02
-1.584998667240142822e-01
-2.104422310367226601e-03
-9.360293298959732056e-02
-1.216079667210578918e-01
-1.304616779088973999e-01
-1.730063259601593018e-01
-1.049807965755462646e-01
-1.569500118494033813e-01
-8.332270383834838867e-02
-1.415499746799468994e-01
-1.445503234863281250e-01
-5.513564869761466980e-02
-1.235172227025032043e-01
-7.652572542428970337e-02
4.276517778635025024e-02
-2.634715139865875244e-01
-1.116612479090690613e-01
-2.965555191040039062e-01
-1.399925947189331055e-01
1.433747820556163788e-02
-8.078071475028991699e-02
-2.257140129804611206e-01
5.900106392800807953e-03
-1.033994629979133606e-01
-1.299160420894622803e-01
-2.169548273086547852e-01
-9.259978681802749634e-02
-1.791373193264007568e-01
-1.031676009297370911e-01
-2.149246931076049805e-01
-8.773991465568542480e-02
-5.122988298535346985e-02
-5.403470620512962341e-02
-1.313112825155258179e-01
-2.027929872274398804e-01
-1.532156765460968018e-01
8.255226537585258484e-03
-1.393556892871856689e-01
-1.076020598411560059e-01
-1.209059581160545349e-01
-1.049886792898178101e-01
-9.871744364500045776e-02
-2.222505956888198853e-01
-2.292081266641616821e-01
-7.329574227333068848e-02
-1.251552104949951172e-01
-1.075940728187561035e-01
-1.574895232915878296e-01
-1.567460447549819946e-01
-1.630880832672119141e-01
-4.803945869207382202e-02
-1.629658341407775879e-01
-2.643532156944274902e-01
-9.657817333936691284e-02
-2.751258909702301025e-01
-1.583877205848693848e-01
-1.352237462997436523e-01
1.763535477221012115e-02
-1.493454873561859131e-01
-1.547173261642456055e-01
-7.296818494796752930e-02
-1.217808425426483154e-01
-8.388882130384445190e-02
-9.395050257444381714e-02
2.057585120201110840e-02
-1.324948221445083618e-01
-1.540230363607406616e-01
-1.473563760519027710e-01
-1.416729986667633057e-01
-2.790251374244689941e-01
-1.227909252047538757e-01
-3.629009053111076355e-02
-8.562392741441726685e-02
2.078779041767120361e-02
-1.885659545660018921e-01
-1.825098395347595215e-01
-9.097807109355926514e-02
-4.212543368339538574e-02
-1.093301624059677124e-01
-1.342824250459671021e-01
-1.848795562982559204e-01
-1.255701035261154175e-01
-8.881815522909164429e-02
-8.431649953126907349e-02
-4.582347720861434937e-02
-2.731411457061767578e-01
-1.552734822034835815e-01
-9.759252518415451050e-02
-1.502135582268238068e-02
-1.349120587110519409e-01
-1.419399380683898926e-01
7.018712908029556274e-02
-1.049004122614860535e-01
-5.483563244342803955e-02
-1.011775657534599304e-01
-1.008820012211799622e-01
-2.423403710126876831e-01
-9.762477129697799683e-02
3.281558677554130554e-02
-6.120296567678451538e-02
-1.219343990087509155e-01
-1.494146287441253662e-01
-1.564083397388458252e-01
-5.649952962994575500e-02
-1.491883844137191772e-01
-1.331007480621337891e-01
-9.842369705438613892e-02
-1.860615611076354980e-01
-8.307500742375850677e-03
-1.398066878318786621e-01
-1.403389126062393188e-01
-1.308728158473968506e-01
-1.378643214702606201e-01
-5.095069482922554016e-02
-9.758239984512329102e-02
-1.645106822252273560e-01
-1.512019336223602295e-01
-1.744208037853240967e-01
-1.025796011090278625e-01
-6.732275336980819702e-02
-8.869599550962448120e-02
-1.473414450883865356e-01
-2.027865946292877197e-01
5.680751800537109375e-02
-3.337768018245697021e-01
-1.857754886150360107e-01
-9.196835756301879883e-02
-1.680234819650650024e-01
-7.453008741140365601e-02
-1.983168423175811768e-01
-8.293196558952331543e-03
-1.044432446360588074e-01
-2.080029696226119995e-01
-1.970583349466323853e-01
-1.406507492065429688e-01
-1.680207997560501099e-01
-2.084718644618988037e-01
-2.043416947126388550e-01
-1.760480254888534546e-01
-1.674970239400863647e-01
-1.376750506460666656e-02
-1.229595094919204712e-01
-1.627558320760726929e-01
-2.159285694360733032e-01
-1.717373579740524292e-01
-1.817736625671386719e-01
-8.048601448535919189e-02
-1.252500116825103760e-01
-6.196680665016174316e-02
-8.290936797857284546e-02
-9.283906221389770508e-02
-1.177430152893066406e-01
-1.256363838911056519e-01
-1.995270848274230957e-01
-1.174216121435165405e-01
-6.927245110273361206e-02
-1.306250691413879395e-01
-1.258269250392913818e-01
-1.343608200550079346e-01
-1.974064260721206665e-01
-1.406104415655136108e-01
-1.136558502912521362e-01
-1.545206606388092041e-01
-9.410405158996582031e-02
-1.049166396260261536e-01
-1.151012554764747620e-01
-1.134983152151107788e-01
-1.613460332155227661e-01
-9.749195724725723267e-02
4.057903587818145752e-02
-1.594741046428680420e-01
-2.071176469326019287e-01
-1.684990376234054565e-01
5.154270329512655735e-04
3.947939723730087280e-03
3.665788972284644842e-04
-1.756641864776611328e-01
-4.306113719940185547e-02
-6.754966080188751221e-02
-1.623979508876800537e-01
-6.152195483446121216e-02
-2.186468690633773804e-01
-1.003519892692565918e-01
-1.922781765460968018e-01
-6.019435822963714600e-02
-9.751726686954498291e-02
-5.851402506232261658e-02
-1.512890607118606567e-01
-4.997544735670089722e-02
-1.827152967453002930e-01
-1.123401597142219543e-01
-1.085671186447143555e-01
-3.937309607863426208e-02
-1.241767704486846924e-01
-6.609669327735900879e-02
-2.142887860536575317e-01
-1.584237664937973022e-01
-1.446200311183929443e-01
-1.792161613702774048e-01
-1.496897637844085693e-01
-1.658717095851898193e-01
-9.623438119888305664e-02
-1.644328236579895020e-01
1.435609161853790283e-02
-6.367710232734680176e-02
-1.415051817893981934e-01
-1.046351864933967590e-01
1.235423609614372253e-02
-1.966460496187210083e-01
-1.765187829732894897e-01
-1.742901057004928589e-01
-1.031273603439331055e-02
-5.188130587339401245e-02
-3.100037276744842529e-01
-1.696164011955261230e-01
-8.857233077287673950e-02
-1.413336843252182007e-01
-1.202254593372344971e-01
-1.597185283899307251e-01
-5.107695609331130981e-02
-1.548915058374404907e-01
-2.314357757568359375e-01
-1.674785315990447998e-01
-9.678813070058822632e-02
-6.743285059928894043e-02
-6.758046895265579224e-02
-9.905926138162612915e-02
-1.027800813317298889e-01
-1.363850831985473633e-01
-1.335616558790206909e-01
7.641872018575668335e-02
4.905512556433677673e-02
-2.718132138252258301e-01
-1.789344996213912964e-01
-1.880788952112197876e-01
-1.976875215768814087e-01
-1.115736141800880432e-01
-4.311565309762954712e-03
-9.006766974925994873e-02
-1.169410571455955505e-01
-1.116262972354888916e-01
-2.112669050693511963e-01
-1.643626540899276733e-01
-2.173465043306350708e-01
-6.666347384452819824e-02
-1.159733012318611145e-01
-1.605162024497985840e-01
-1.054954379796981812e-01
-1.800196170806884766e-01
-6.636663526296615601e-02
-2.147429734468460083e-01
-4.104799404740333557e-02
-7.005621492862701416e-02
1.466040462255477905e-01
-1.003359332680702209e-01
1.935073919594287872e-02
-1.083542481064796448e-01
-2.436700165271759033e-01
-7.695841044187545776e-02
-1.155637875199317932e-01
-1.667663827538490295e-02
-6.878736615180969238e-02
-9.898395836353302002e-02
-7.614750415086746216e-02
1.624009571969509125e-02
-5.723687261343002319e-02
-7.612647861242294312e-02
-1.607928425073623657e-01
-1.199093759059906006e-01
-1.909893155097961426e-01
-1.097283959388732910e-01
3.528844937682151794e-02
-9.710966050624847412e-02
-1.205519735813140869e-01
-8.323383517563343048e-03
-6.774953752756118774e-02
3.441077424213290215e-03
-1.353622227907180786e-01
-1.023806482553482056e-01
-1.571335643529891968e-01
-5.708063021302223206e-03
-1.302209049463272095e-01
-3.683482110500335693e-02
-7.117372471839189529e-03
-9.656511247158050537e-02
-1.024271473288536072e-01
-1.828777492046356201e-01
-1.038383319973945618e-01
-1.515542864799499512e-01
-9.859786927700042725e-02
-8.142451941967010498e-02
-1.019491031765937805e-01
-1.535840928554534912e-01
-1.030053645372390747e-01
-9.611960500478744507e-02
-1.111753582954406738e-01
-1.270964741706848145e-01
-2.210953533649444580e-01
-2.122108638286590576e-01
-9.648564457893371582e-02
-2.036860436201095581e-01
-2.505749277770519257e-02
-8.255274593830108643e-02
-1.746922382153570652e-03
-1.531275361776351929e-01
-1.731277406215667725e-01
-8.906008303165435791e-02
-8.998312056064605713e-02
6.933497264981269836e-03
-1.686040163040161133e-01
-8.843574672937393188e-02
-1.008796542882919312e-01
-5.116957705467939377e-03
-1.140536740422248840e-01
-7.896382361650466919e-02
-9.789966791868209839e-02
-1.331155151128768921e-01
-1.078286021947860718e-01
-5.579942837357521057e-02
-1.107162088155746460e-01
-1.807517111301422119e-01
-3.910758346319198608e-02
7.601417601108551025e-03
-1.097350120544433594e-01
-1.495023369789123535e-01
-6.571256369352340698e-02
-4.210920259356498718e-02
-8.956117928028106689e-02
-1.175831034779548645e-01
-1.521035730838775635e-01
-8.204321563243865967e-02
-2.521952986717224121e-01
-1.513558924198150635e-01
-1.590477973222732544e-01
-1.223964542150497437e-01
-8.277565240859985352e-02
-2.879807353019714355e-01
-9.967909008264541626e-02
-2.097190767526626587e-01
-1.275719851255416870e-01
-2.809986658394336700e-02
-7.670164108276367188e-02
-1.439529061317443848e-01
-1.495990008115768433e-01
-8.215338736772537231e-02
-2.252345532178878784e-01
-9.213761985301971436e-02
-2.103709578514099121e-01
-1.332415044307708740e-01
-7.179472595453262329e-02
-1.917187571525573730e-01
3.012438677251338959e-02
-7.097288966178894043e-02
-1.175966113805770874e-01
-2.289200574159622192e-01
-1.170563250780105591e-01
-1.407603472471237183e-01
-8.456701785326004028e-02
-1.266355812549591064e-01
-1.553452312946319580e-01
-8.474880456924438477e-02
-1.181451082229614258e-01
-1.416903734207153320e-01
1.358674140647053719e-03
-1.897187232971191406e-01
-1.265843510627746582e-01
-1.836247146129608154e-01
-1.431926488876342773e-01
-1.189925298094749451e-01
-1.032352969050407410e-01
-1.283066868782043457e-01
-4.215933755040168762e-02
-7.530436664819717407e-02
6.974689196795225143e-03
-1.073520183563232422e-01
-2.064653038978576660e-01
-1.104478910565376282e-01
-1.270420849323272705e-01
-7.026889920234680176e-02
-9.773314744234085083e-02
-8.109889179468154907e-02
-1.114638447761535645e-01
-7.841337472200393677e-02
-8.807818591594696045e-02
-1.836929470300674438e-01
-1.041781082749366760e-01
-1.479735523462295532e-01
-4.843930900096893311e-02
2.827462041750550270e-03
-1.296406090259552002e-01
-1.337006092071533203e-01
-1.490238010883331299e-01
-1.470132768154144287e-01
-2.056579142808914185e-01
-7.509008049964904785e-02
-1.029964685440063477e-01
-1.436632126569747925e-01
-1.671799719333648682e-01
-5.557784065604209900e-02
-1.014423519372940063e-01
-1.373190581798553467e-01
-3.106840886175632477e-02
-1.543712913990020752e-01
-1.587517261505126953e-01
-1.014878302812576294e-01
-6.889221072196960449e-02
-6.622043251991271973e-02
4.334238544106483459e-02
8.165255934000015259e-02
8.620113134384155273e-03
-1.983035206794738770e-01
-6.808000802993774414e-02
-3.007294842973351479e-03
-1.026681810617446899e-01
-1.819284111261367798e-01
1.153476014733314514e-01
-1.030745655298233032e-01
-7.880968600511550903e-02
-9.633332490921020508e-02
-1.450331360101699829e-01
-1.094031035900115967e-01
-1.579926908016204834e-01
4.986985772848129272e-02
-9.071101248264312744e-02
-8.677604794502258301e-02
-1.559349596500396729e-01
-9.666537493467330933e-02
-1.032451167702674866e-01
-7.297821342945098877e-02
-1.486172229051589966e-01
7.694777846336364746e-02
-1.358528733253479004e-01
-1.640558838844299316e-01
-8.117647469043731689e-02
-1.682020165026187897e-02
-6.973719596862792969e-02
-1.413160711526870728e-01
-1.819400042295455933e-01
5.515072494745254517e-02
-2.156142890453338623e-02
-1.950970739126205444e-01
-1.371563524007797241e-01
-3.995735198259353638e-02
-1.546129584312438965e-01
4.496786743402481079e-02
-1.070593968033790588e-01
-1.517715454101562500e-01
-8.789967000484466553e-02
-2.109716087579727173e-02
-9.469853341579437256e-02
-1.023965552449226379e-01
-9.445740282535552979e-02
-2.327094972133636475e-01
-7.001110352575778961e-03
-1.409158706665039062e-01
-1.224165633320808411e-01
2.174019068479537964e-02
-1.459227204322814941e-01
2.483366616070270538e-02
-7.840570807456970215e-02
-1.016594395041465759e-01
-1.536305397748947144e-01
-1.035736799240112305e-01
-9.606217592954635620e-02
-2.072944939136505127e-01
-6.842119153589010239e-03
-1.117468848824501038e-01
-7.649762928485870361e-02
-1.730966717004776001e-01
-1.086120232939720154e-01
-1.430135369300842285e-01
3.480566199868917465e-03
-2.689697593450546265e-02
-1.038324683904647827e-01
-1.321626156568527222e-01
-1.517684459686279297e-01
-1.115655303001403809e-01
-1.137896105647087097e-01
-3.435547649860382080e-02
-1.697382330894470215e-01
-1.261128187179565430e-01
-1.062811166048049927e-01
-1.858866512775421143e-01
-4.657207801938056946e-02
-1.275045573711395264e-01
1.458083977922797203e-03
-7.814794033765792847e-02
-2.201529145240783691e-01
-2.065958827733993530e-01
-1.422628462314605713e-01
-1.280112564563751221e-01
-1.014632731676101685e-01
-1.097876951098442078e-01
-1.607835888862609863e-01
1.253246329724788666e-03
-1.409474015235900879e-01
-9.724275767803192139e-02
-9.332957863807678223e-02
4.575304221361875534e-03
-1.537820547819137573e-01
-1.078783497214317322e-01
1.692252000793814659e-03
-1.243948042392730713e-01
-1.207285225391387939e-01
-6.108859181404113770e-02
5.054419115185737610e-02
-1.297223865985870361e-01
-1.087402179837226868e-01
-1.391639113426208496e-01
-1.147039383649826050e-01
-1.536540836095809937e-01
-8.115676045417785645e-02
-1.054189354181289673e-01
-8.125315606594085693e-02
-1.130233630537986755e-01
-2.303514331579208374e-01
-7.805099338293075562e-02
-1.504533141851425171e-01
-1.136708855628967285e-01
-1.368651241064071655e-01
-1.280615180730819702e-01
-1.592822074890136719e-01
-1.697766333818435669e-01
-2.805107533931732178e-01
-1.420716047286987305e-01
-8.244369179010391235e-02
-1.014268547296524048e-01
-6.431411951780319214e-02
-1.645151339471340179e-02
-1.569356024265289307e-01
-1.677221655845642090e-01
-1.938788145780563354e-01
-2.739842981100082397e-02
-3.717690939083695412e-03
3.012191969901323318e-03
-1.251945048570632935e-01
-1.731240004301071167e-01
-1.579949408769607544e-01
-9.099180996417999268e-02
-9.245580434799194336e-02
-8.273456990718841553e-02
-9.430157393217086792e-02
-3.186391294002532959e-02
-5.493348836898803711e-02
-1.215129792690277100e-01
-8.116567879915237427e-02
-1.615341901779174805e-01
-1.271440461277961731e-02
-9.109150618314743042e-02
-1.733657717704772949e-01
-5.819628015160560608e-02
-1.047463417053222656e-01
-1.614863574504852295e-01
2.644181810319423676e-02
-1.566053032875061035e-01
-1.483677029609680176e-01
-2.214851230382919312e-01
-1.247667297720909119e-01
-1.958078891038894653e-01
-1.365065425634384155e-01
-1.028468310832977295e-01
-7.157436013221740723e-02
-1.380323618650436401e-01
-2.079565227031707764e-01
-1.418670266866683960e-01
-6.685957312583923340e-02
-1.750437319278717041e-01
-8.796101063489913940e-02
-1.229391992092132568e-01
-9.304591268301010132e-02
-1.018267720937728882e-01
-1.973021477460861206e-01
-1.080571413040161133e-01
-1.201566755771636963e-01
-8.180520683526992798e-02
-1.098523512482643127e-01
-7.852338999509811401e-02
1.390214543789625168e-03
-5.074477195739746094e-02
-6.487077474594116211e-02
-9.973788261413574219e-02
-9.082076698541641235e-02
-7.811284065246582031e-02
-1.744753420352935791e-01
-1.778755038976669312e-01
-1.190922781825065613e-01
-1.501081585884094238e-01
-7.152297347784042358e-02
-6.445239484310150146e-02
6.971531547605991364e-04
-1.150843426585197449e-01
-1.232348605990409851e-01
-2.576615214347839355e-01
-2.374032288789749146e-01
-8.898127824068069458e-02
-1.184568852186203003e-01
-9.151103347539901733e-02
-1.512247323989868164e-01
-1.106764376163482666e-01
-1.368986219167709351e-01
-7.505915593355894089e-03
-1.731047928333282471e-01
-1.125296652317047119e-01
-8.020158857107162476e-02
-8.298673480749130249e-02
-1.417735964059829712e-01
-2.023424357175827026e-01
-5.954268202185630798e-02
-8.037964254617691040e-02
-6.954447925090789795e-02
-1.010890826582908630e-01
-1.007018983364105225e-01
-1.309864073991775513e-01
-1.963837891817092896e-01
-1.773091405630111694e-01
-1.212154030799865723e-01
-1.192010939121246338e-01
-1.645576506853103638e-01
-1.019990891218185425e-01
-8.257891237735748291e-02
-9.314955770969390869e-02
-1.341774463653564453e-01
-8.352562040090560913e-02
2.934410236775875092e-02
-1.234505325555801392e-01
-7.364391535520553589e-02
-8.799662441015243530e-02
-1.757794022560119629e-01
6.223625037819147110e-03
-9.080488234758377075e-02
-1.822774182073771954e-03
-2.085844278335571289e-01
-1.158272475004196167e-01
-7.577167358249425888e-03
-1.921260058879852295e-01
-8.288498222827911377e-02
-8.373913168907165527e-02
-9.070405364036560059e-02
7.058615237474441528e-02
-1.629011332988739014e-01
-5.700892955064773560e-02
-7.385389506816864014e-02
-7.350498437881469727e-02
-1.982140839099884033e-01
-1.336540877819061279e-01
-1.470972895622253418e-01
1.783508807420730591e-02
-1.362441182136535645e-01
-8.775700628757476807e-02
-7.570105046033859253e-02
-4.905020073056221008e-02
2.029469609260559082e-02
-1.257637441158294678e-01
-3.066973686218261719e-01
1.088570058345794678e-02
-2.536427080631256104e-01
-1.770883649587631226e-01
-7.315647602081298828e-02
-1.231124997138977051e-01
3.311157925054430962e-03
-4.632426798343658447e-02
-1.893013864755630493e-01
-1.256738901138305664e-01
-1.246388480067253113e-01
-1.918571740388870239e-01
1.704064570367336273e-02
-1.512208580970764160e-01
-1.946506053209304810e-01
-2.155894786119461060e-01
-1.040500998497009277e-01
-1.838262230157852173e-01
-6.073527410626411438e-02
-4.737266898155212402e-02
-1.202677190303802490e-01
2.289677225053310394e-02
-1.225909888744354248e-01
-9.407527744770050049e-02
-1.111776679754257202e-01
-1.000641956925392151e-01
-8.057092130184173584e-02
-8.050949871540069580e-02
-6.654466688632965088e-02
-1.835796087980270386e-01
-1.978170275688171387e-01
-1.532636284828186035e-01
-1.712513267993927002e-01
-1.101728249341249466e-02
-8.918280154466629028e-02
-7.512104511260986328e-02
-1.190309897065162659e-01
-1.095274388790130615e-01
-9.303876012563705444e-02
-1.593369431793689728e-02
-9.555608779191970825e-02
-1.711604744195938110e-01
-1.769133806228637695e-01
6.970524787902832031e-02
-6.202513724565505981e-02
-6.506407260894775391e-02
-2.471904158592224121e-01
-6.775759160518646240e-02
-1.221167743206024170e-01
-6.702789664268493652e-02
4.609714075922966003e-02
-8.353669941425323486e-02
-6.840623170137405396e-02
-1.309787034988403320e-01
-8.881461620330810547e-02
-1.082123443484306335e-01
-1.194296181201934814e-01
-2.228699475526809692e-01
-1.429516077041625977e-01
-1.262462288141250610e-01
-8.813597261905670166e-02
-1.129103973507881165e-01
4.530648142099380493e-02
-1.125129461288452148e-01
-1.218520924448966980e-01
-1.373568773269653320e-01
-1.756139285862445831e-02
-9.975896030664443970e-02
-8.347463607788085938e-02
-9.137304872274398804e-02
-3.879440948367118835e-02
-1.895101219415664673e-01
-1.073795855045318604e-01
-1.032394915819168091e-01
-1.254443526268005371e-01
-6.037553027272224426e-02
-1.307808458805084229e-01
-1.242352277040481567e-01
-1.562046706676483154e-01
-5.457034334540367126e-02
-1.206273734569549561e-01
-1.690494641661643982e-02
-2.051057964563369751e-01
-1.031078770756721497e-01
-1.508818417787551880e-01
-1.146271005272865295e-01
-9.227088838815689087e-02
-1.546159535646438599e-01
-1.536970436573028564e-01
-2.425103634595870972e-01
-1.212118715047836304e-01
-9.964825958013534546e-02
-8.785268664360046387e-02
-1.444625556468963623e-01
-1.605574637651443481e-01
-8.642466366291046143e-02
-1.728895306587219238e-01
-5.408571101725101471e-03
-1.456365734338760376e-01
-2.301468849182128906e-01
-1.753806322813034058e-01
-2.047722786664962769e-01
-1.299910992383956909e-01
-1.810851991176605225e-01
-1.725165992975234985e-01
-2.167346030473709106e-01
-1.813050806522369385e-01
-1.007466390728950500e-01
-2.183169722557067871e-01
1.481268927454948425e-02
-2.217087894678115845e-01
-1.642575711011886597e-01
-1.419272124767303467e-01
7.262453902512788773e-03
-9.571427106857299805e-02
-8.943890780210494995e-02
-1.609467864036560059e-01
-1.073470264673233032e-01
-8.641000092029571533e-02
-1.102316752076148987e-01
-7.007077336311340332e-02
-3.393366560339927673e-02
-8.576095849275588989e-02
-1.256878525018692017e-01
-4.612579196691513062e-02
-1.133049279451370239e-01
-6.376294791698455811e-02
-2.026328295469284058e-01
-1.728197932243347168e-01
-8.112853020429611206e-02
-1.458146423101425171e-01
-1.610240191221237183e-01
-1.606840044260025024e-01
-1.351804584264755249e-01
-9.211079776287078857e-02
-1.322272717952728271e-01
-9.252018481492996216e-02
-1.170068457722663879e-01
2.119123190641403198e-02
-1.563197523355484009e-01
-7.990849018096923828e-02
-1.898177564144134521e-01
-1.413148343563079834e-01
-8.046425133943557739e-02
-1.497669667005538940e-01
1.501385960727930069e-02
-1.545698046684265137e-01
-1.124571114778518677e-01
-1.923942714929580688e-01
-1.380245089530944824e-01
-1.904218643903732300e-01
-9.901473671197891235e-02
-2.196581363677978516e-01
3.753198310732841492e-03
-7.705257087945938110e-02
-8.188508450984954834e-02
-1.475794166326522827e-01
-1.671594679355621338e-01
-6.677176058292388916e-02
-2.622013688087463379e-01
-1.637285351753234863e-01
9.055493399500846863e-03
-1.631204411387443542e-02
-9.113184362649917603e-02
-1.380388140678405762e-01
-7.980435155332088470e-03
-7.222599536180496216e-02
-3.048614785075187683e-02
-1.440898478031158447e-01
-1.716086566448211670e-01
-1.274100225418806076e-02
9.230399504303932190e-03
-1.529725939035415649e-01
-2.376129329204559326e-01
-1.298489421606063843e-01
-1.465521603822708130e-01
-1.502370834350585938e-01
-1.780366301536560059e-01
-1.223855167627334595e-01
-2.387470155954360962e-01
-4.525305703282356262e-02
-1.366561949253082275e-01
-6.845720857381820679e-02
-1.242706403136253357e-01
-1.629825383424758911e-01
-8.938194811344146729e-02
-5.600244924426078796e-02
