-1.061608418822288513e-01
8.213001489639282227e-02
-9.613272547721862793e-02
-8.709654957056045532e-02
-7.760979235172271729e-02
-1.187021136283874512e-01
-4.076208174228668213e-02
-6.807174533605575562e-02
-6.927618384361267090e-02
4.263204708695411682e-02
-1.137418076395988464e-01
-7.759231328964233398e-02
-6.821785122156143188e-02
-1.038339585065841675e-01
-5.836109444499015808e-02
-8.716055005788803101e-02
-6.362140923738479614e-02
-3.578111901879310608e-02
-4.627724364399909973e-02
-2.443789318203926086e-02
-4.079880565404891968e-02
-7.673302292823791504e-02
-1.121759861707687378e-01
-1.549182832241058350e-01
-7.111451774835586548e-02
-6.616368144750595093e-02
5.454499274492263794e-02
-5.522510036826133728e-02
3.881670907139778137e-02
-3.831809386610984802e-02
-5.338063091039657593e-02
-7.240774482488632202e-02
-1.161944344639778137e-01
-7.648184895515441895e-02
-6.335204094648361206e-02
-7.924542576074600220e-02
-7.237711548805236816e-02
2.991328760981559753e-02
-6.571406126022338867e-02
-5.121495947241783142e-02
-1.098911762237548828e-01
-6.426281481981277466e-02
4.177622962743043900e-03
-5.770010128617286682e-02
-4.289420321583747864e-02
-1.391850411891937256e-01
-5.160116031765937805e-02
-1.125958412885665894e-01
-1.068594902753829956e-01
-5.535900220274925232e-02
-2.143222652375698090e-02
-9.653130173683166504e-02
3.920369595289230347e-02
1.777992770075798035e-02
-4.495811462402343750e-02
-6.271620094776153564e-02
-7.159277796745300293e-02
-1.362336128950119019e-01
-5.360825732350349426e-02
-1.255150437355041504e-01
-1.387157104909420013e-02
-5.451288074254989624e-02
-1.370698213577270508e-01
-7.024927437305450439e-02
-9.566671401262283325e-02
-7.422891259193420410e-02
-8.165670186281204224e-02
-2.160631865262985229e-02
-6.735201925039291382e-02
-9.296961128711700439e-02
-3.073542751371860504e-02
-8.369252830743789673e-02
-1.025973185896873474e-01
-1.163302958011627197e-01
-1.128050014376640320e-01
1.118517145514488220e-01
-3.117977268993854523e-02
5.839009582996368408e-02
-1.058517321944236755e-01
-6.913808733224868774e-02
-1.264535188674926758e-01
-1.261939257383346558e-01
-6.809779256582260132e-02
7.003317028284072876e-02
1.118261739611625671e-01
-1.071663573384284973e-01
-1.259439885616302490e-01
-1.072570681571960449e-01
-4.581481218338012695e-02
-5.512529984116554260e-02
-7.737518753856420517e-03
-8.834216743707656860e-02
-1.637239381670951843e-02
-1.678055524826049805e-01
-9.391182661056518555e-02
-1.748205348849296570e-02
1.141066178679466248e-01
-1.119504347443580627e-01
2.378998883068561554e-02
5.366340652108192444e-02
-1.300333887338638306e-01
-6.824640184640884399e-02
-2.262257412075996399e-02
-7.757357507944107056e-02
-6.007287278771400452e-02
-1.744675263762474060e-02
7.992212474346160889e-02
-1.607159823179244995e-01
-1.194380223751068115e-01
5.898403748869895935e-02
-1.459724456071853638e-01
-4.755248501896858215e-02
-1.192224025726318359e-01
-8.010879158973693848e-02
-1.014856472611427307e-01
-6.842921674251556396e-02
-4.058774560689926147e-02
-7.441911846399307251e-02
-5.380551517009735107e-02
-1.830319166183471680e-01
-1.476648151874542236e-01
-5.851699039340019226e-02
-8.920010179281234741e-02
-1.490212231874465942e-02
-4.615881666541099548e-02
-1.069505363702774048e-01
2.887229025363922119e-01
-1.219505146145820618e-01
-1.161862835288047791e-01
-6.453864276409149170e-02
-5.322218313813209534e-02
-6.925588101148605347e-02
-1.494864970445632935e-01
-9.891204535961151123e-02
-4.579143226146697998e-02
-5.482321977615356445e-02
7.010850310325622559e-02
-3.143779188394546509e-02
7.166467141360044479e-03
-1.679263263940811157e-02
-4.684483259916305542e-02
3.172750025987625122e-02
-1.054875180125236511e-01
-9.991521388292312622e-02
1.719976663589477539e-01
-7.404967397451400757e-02
-5.553654208779335022e-02
3.140895441174507141e-02
3.282943507656455040e-03
4.365498945116996765e-02
8.422074466943740845e-02
-1.129285320639610291e-01
-1.114364787936210632e-01
-1.133083403110504150e-01
-1.287840753793716431e-01
-1.199678704142570496e-01
-3.810587897896766663e-02
-9.826293587684631348e-02
-8.298074454069137573e-02
-4.838874563574790955e-02
-9.850255399942398071e-02
-9.379140287637710571e-02
-1.269391626119613647e-01
-7.655700203031301498e-03
-2.031828276813030243e-02
-2.034476771950721741e-02
-1.276912242174148560e-01
-1.024023219943046570e-01
-1.114823818206787109e-01
7.619496434926986694e-02
-1.336483517661690712e-03
-9.042669087648391724e-02
-2.144518047571182251e-01
-1.201566457748413086e-01
-9.825307875871658325e-02
-7.215017080307006836e-02
-1.379365660250186920e-02
-6.606979668140411377e-02
-6.168251484632492065e-02
-3.260613232851028442e-02
-1.231919825077056885e-01
-1.099312603473663330e-01
-1.069618836045265198e-01
-1.247000098228454590e-01
-5.828438326716423035e-02
-9.943905472755432129e-02
-4.114735871553421021e-02
-2.721112780272960663e-02
-7.807676494121551514e-02
2.441450022161006927e-02
-8.835006505250930786e-02
-1.167644262313842773e-01
-2.647093124687671661e-02
-8.254117518663406372e-02
-9.913067519664764404e-02
-6.653165817260742188e-02
-1.081312745809555054e-01
-1.533869355916976929e-01
-7.348109036684036255e-02
-1.369276195764541626e-01
2.078209817409515381e-02
-1.075588464736938477e-01
-1.228317916393280029e-01
-9.973271191120147705e-02
-8.414186537265777588e-02
-7.177494466304779053e-02
-6.730238441377878189e-03
-2.849223278462886810e-02
-1.127760484814643860e-01
-7.548841834068298340e-02
4.216429963707923889e-02
-7.062261551618576050e-02
7.684369385242462158e-02
-1.307842135429382324e-01
-4.451405629515647888e-02
-7.957530021667480469e-02
-1.320016682147979736e-01
-8.041377365589141846e-02
-9.301477670669555664e-02
-1.085518822073936462e-01
-5.645447224378585815e-02
-9.575827419757843018e-02
-7.650968432426452637e-02
-1.125601008534431458e-01
-2.883990108966827393e-02
-8.220645785331726074e-02
-2.423302643001079559e-02
-1.199668571352958679e-01
-7.211012393236160278e-02
-9.013974666595458984e-02
-9.971340000629425049e-02
-4.781611636281013489e-02
6.296713650226593018e-02
-6.199225038290023804e-02
-5.459320172667503357e-02
-6.613124161958694458e-02
-5.573286116123199463e-02
-6.774062663316726685e-02
-1.287151873111724854e-01
-8.089843392372131348e-02
-7.124595344066619873e-02
-1.948620192706584930e-02
8.639422059059143066e-02
-1.244433745741844177e-01
1.620813459157943726e-01
-1.094638705253601074e-01
-1.330418884754180908e-01
-8.357544243335723877e-02
-8.338781446218490601e-02
-1.221021115779876709e-01
-1.626368761062622070e-01
-5.376269668340682983e-02
4.349972680211067200e-02
-4.843318369239568710e-03
-4.221623390913009644e-02
-6.174318119883537292e-02
