-9.984821826219558716e-02
-1.048674732446670532e-01
-9.195733070373535156e-02
-1.030209958553314209e-01
-6.789533048868179321e-02
-1.002581343054771423e-01
-9.735489636659622192e-02
-1.095882654190063477e-01
-9.277145564556121826e-02
-1.284723281860351562e-01
-7.641315460205078125e-02
-1.052476093173027039e-01
-9.194736927747726440e-02
-1.013176590204238892e-01
-5.224902182817459106e-02
-9.609194844961166382e-02
-9.338165074586868286e-02
-8.332188427448272705e-02
-3.777892142534255981e-02
-7.829229533672332764e-02
-8.565492928028106689e-02
-1.151513308286666870e-01
-1.170582845807075500e-01
-8.622929453849792480e-02
-7.518571615219116211e-02
-1.050107702612876892e-01
-1.133978366851806641e-01
-1.003738567233085632e-01
-8.461596816778182983e-02
-1.073246747255325317e-01
-9.192509204149246216e-02
-7.561005651950836182e-02
-6.461808085441589355e-02
-8.559320867061614990e-02
-4.523022845387458801e-02
-6.268173456192016602e-02
-9.097357839345932007e-02
-8.595024049282073975e-02
-8.244355767965316772e-02
-6.389406323432922363e-02
-9.885920584201812744e-02
-1.325274556875228882e-01
-1.013571768999099731e-01
-1.154868826270103455e-01
-1.012957841157913208e-01
-6.031034141778945923e-02
-7.563369721174240112e-02
-9.262214601039886475e-02
-1.495772004127502441e-01
-8.106438070535659790e-02
-1.128316968679428101e-01
-9.166857600212097168e-02
3.197650909423828125e-01
-2.747717685997486115e-02
-4.840275272727012634e-02
-8.911030739545822144e-02
6.790078710764646530e-03
-7.193738967180252075e-02
-6.884221732616424561e-02
-9.479872882366180420e-02
-1.228836849331855774e-01
-8.202410489320755005e-02
-5.022959038615226746e-02
1.257446855306625366e-01
-7.769010215997695923e-02
-9.828702360391616821e-02
-1.176276132464408875e-01
-4.980348795652389526e-02
-1.057042106986045837e-01
-8.480355888605117798e-02
-1.012764424085617065e-01
-1.597453504800796509e-01
-4.894652962684631348e-02
-6.238347664475440979e-02
-7.481867074966430664e-02
-7.051394879817962646e-02
-1.019841879606246948e-01
-7.742180675268173218e-02
-8.211023360490798950e-02
-7.151689380407333374e-02
-1.211417019367218018e-01
-8.327361941337585449e-02
-9.036444872617721558e-02
-5.744770914316177368e-02
-1.146381795406341553e-01
-1.100273951888084412e-01
-5.546085536479949951e-02
-2.913361042737960815e-02
-8.543679863214492798e-02
-8.629306405782699585e-02
-1.275473982095718384e-01
-1.266446262598037720e-01
-8.166384696960449219e-02
-5.898428335785865784e-02
-9.656766802072525024e-02
-8.159778267145156860e-02
-8.999409526586532593e-02
-1.029618158936500549e-01
-6.675621122121810913e-02
-9.814942628145217896e-02
-1.134859099984169006e-01
-1.808678209781646729e-01
-8.247299492359161377e-02
-9.670505672693252563e-02
-1.007929295301437378e-01
-1.231444403529167175e-01
-6.327135860919952393e-02
-1.121786534786224365e-01
-2.713589183986186981e-02
-3.318221494555473328e-02
-1.557909846305847168e-01
-7.179094851016998291e-02
-1.623664796352386475e-01
-9.714145213365554810e-02
-1.425769329071044922e-01
-7.520411908626556396e-02
-1.361384391784667969e-01
-1.398211121559143066e-01
-1.346569061279296875e-01
-5.971649661660194397e-02
-5.775715038180351257e-02
-9.644884616136550903e-02
-8.092473447322845459e-02
-9.804596751928329468e-02
-7.868719846010208130e-02
-8.657726645469665527e-02
-5.119898915290832520e-02
-7.533471286296844482e-02
-1.012315526604652405e-01
-1.200466379523277283e-01
-9.815164655447006226e-02
-1.010356917977333069e-01
-6.585498899221420288e-02
-1.069879382848739624e-01
-2.075406722724437714e-02
-2.653913795948028564e-01
-5.951498821377754211e-02
-7.222954928874969482e-02
-3.202861174941062927e-02
-1.047679111361503601e-01
-6.450570374727249146e-02
-1.332097649574279785e-01
-1.100875139236450195e-01
-8.153466880321502686e-02
-7.550790905952453613e-02
-1.182577610015869141e-01
-1.258673369884490967e-01
-1.691835224628448486e-01
-7.914491742849349976e-02
-1.208451390266418457e-01
-1.246241480112075806e-01
-2.385166734457015991e-01
-1.393699645996093750e-01
-7.391818612813949585e-02
-1.048775687813758850e-01
-9.800890833139419556e-02
-9.949601441621780396e-02
-7.721903175115585327e-02
-1.173979490995407104e-01
-9.713671356439590454e-02
-4.291884973645210266e-02
-1.488541662693023682e-01
-5.106018856167793274e-02
-8.168072998523712158e-02
-9.448008239269256592e-02
-1.573625355958938599e-01
-1.126962676644325256e-01
-9.716315567493438721e-02
-8.500456064939498901e-02
-1.073507219552993774e-01
-8.265922218561172485e-02
-7.099837064743041992e-02
-7.407569885253906250e-02
-1.163755059242248535e-01
-1.568191498517990112e-01
-1.126348674297332764e-01
-5.532613396644592285e-02
-9.686578810214996338e-02
-6.763161718845367432e-02
-1.166993230581283569e-01
-5.140427500009536743e-02
-1.441101729869842529e-01
-6.176265329122543335e-02
-1.074804663658142090e-01
-7.794403284788131714e-02
-7.247366756200790405e-02
-7.779280841350555420e-02
-1.025182604789733887e-01
-1.237932071089744568e-01
-1.352057307958602905e-01
-8.705005794763565063e-02
-7.571099698543548584e-02
-1.165192797780036926e-01
-8.679506927728652954e-02
4.854647815227508545e-02
-7.394006103277206421e-02
-2.552856318652629852e-02
-9.033546596765518188e-02
-7.601859420537948608e-02
-1.171642839908599854e-01
-1.208262518048286438e-01
-6.083432585000991821e-03
-4.755326360464096069e-02
-7.709784805774688721e-02
-9.775301069021224976e-02
-7.275182753801345825e-02
-3.207953646779060364e-02
-3.897847235202789307e-02
-1.067796200513839722e-01
-9.715472906827926636e-02
-9.190338104963302612e-02
-8.852175623178482056e-02
-2.002628296613693237e-01
-9.877949208021163940e-02
-8.187066018581390381e-02
-8.832744508981704712e-02
-1.043813973665237427e-01
-1.370548605918884277e-01
-1.252340376377105713e-01
-1.030882596969604492e-01
-1.257646530866622925e-01
-4.511035233736038208e-02
-7.519692182540893555e-02
5.329680442810058594e-02
-5.895603820681571960e-02
-5.910275876522064209e-02
-1.051887273788452148e-01
-1.036871448159217834e-01
-4.506908357143402100e-02
-1.061331331729888916e-01
-1.759114563465118408e-01
-5.978969857096672058e-02
-9.317332506179809570e-02
-1.379427015781402588e-01
-1.220228746533393860e-01
-1.003125533461570740e-01
-1.637375652790069580e-01
-7.848448306322097778e-02
-1.023940891027450562e-01
-9.694470465183258057e-02
-7.624123245477676392e-02
-1.180721968412399292e-01
-1.092776954174041748e-01
-7.718006521463394165e-02
-8.293735235929489136e-02
-5.979528278112411499e-02
-9.382117539644241333e-02
-9.840499609708786011e-02
-8.341006189584732056e-02
-6.195999309420585632e-02
-1.194473803043365479e-01
-4.627972096204757690e-02
-8.992444723844528198e-02
-1.486999541521072388e-01
-1.046154499053955078e-01
-1.029671132564544678e-01
-9.047347307205200195e-02
-4.884552583098411560e-02
-1.410786360502243042e-01
-1.832108050584793091e-01
-1.516889873892068863e-02
-4.688087478280067444e-02
-5.813965201377868652e-02
-5.700289830565452576e-02
-1.129621937870979309e-01
-9.493319690227508545e-02
-1.252273470163345337e-01
-1.070293970406055450e-02
-1.065350621938705444e-01
-8.567272126674652100e-02
-1.351127624511718750e-01
-5.723621323704719543e-02
-1.260937303304672241e-01
-9.415193647146224976e-02
-9.507182985544204712e-02
-1.147449761629104614e-01
-6.733431667089462280e-02
-9.961687028408050537e-02
-6.795969605445861816e-02
-1.329223364591598511e-01
-1.464314311742782593e-01
-5.867232754826545715e-02
-6.412535160779953003e-02
-4.768393933773040771e-02
-1.172543987631797791e-01
-9.355470538139343262e-02
-9.835588932037353516e-02
-1.173400357365608215e-01
-1.097432002425193787e-01
-1.426605731248855591e-01
-7.403495907783508301e-02
-4.715445637702941895e-02
-9.696918725967407227e-02
-1.358793303370475769e-02
-3.294451534748077393e-02
-1.437143385410308838e-01
-6.211199238896369934e-02
-2.011598087847232819e-02
-7.181936502456665039e-02
9.470374323427677155e-03
-1.050568148493766785e-01
-8.484852313995361328e-02
-7.183434814214706421e-02
-1.299792081117630005e-01
-1.062080636620521545e-01
-1.190393269062042236e-01
-1.652969419956207275e-01
-5.429521948099136353e-02
-7.269801944494247437e-02
-6.916916370391845703e-02
-5.942124128341674805e-02
-1.309373229742050171e-01
-6.501253694295883179e-02
-7.129528373479843140e-02
-5.915646627545356750e-02
-6.215900648385286331e-03
-1.063864752650260925e-01
-6.855009496212005615e-02
-1.128460466861724854e-01
-9.943000972270965576e-02
-9.454119950532913208e-02
-5.811444669961929321e-02
-1.073842048645019531e-01
-1.105827614665031433e-01
-1.708360463380813599e-01
-8.142876625061035156e-02
-1.045986786484718323e-01
-8.142592012882232666e-02
-8.911150693893432617e-02
-7.112709432840347290e-02
-1.419559121131896973e-01
-1.068255230784416199e-01
-1.229638382792472839e-01
-9.238245338201522827e-02
-9.026430547237396240e-02
-1.099182516336441040e-01
-1.137370169162750244e-01
-4.804410785436630249e-02
-9.165449440479278564e-02
-1.004393547773361206e-01
-7.933245599269866943e-02
-2.084179520606994629e-01
-1.454144567251205444e-01
-6.527784466743469238e-02
-1.446402966976165771e-01
-7.862841337919235229e-02
-1.035198420286178589e-01
-8.268560469150543213e-02
-4.341635853052139282e-02
-1.107299923896789551e-01
-9.774174541234970093e-02
-1.115179359912872314e-01
-8.486688882112503052e-02
-1.437396407127380371e-01
-6.947718560695648193e-02
-8.414395898580551147e-02
-1.178752258419990540e-01
-1.220962405204772949e-01
-1.188741400837898254e-01
-1.356297731399536133e-01
-1.045155152678489685e-01
-9.395490586757659912e-02
-8.447164297103881836e-02
-1.134813725948333740e-01
-1.424562036991119385e-01
-7.866261154413223267e-02
-8.621534705162048340e-02
-1.359556317329406738e-01
-5.822725594043731689e-02
-1.482905633747577667e-02
-1.197255998849868774e-01
-1.607490777969360352e-01
-7.896917313337326050e-02
-9.809593111276626587e-02
-4.917940497398376465e-02
-4.749973863363265991e-02
-9.616136550903320312e-02
-1.601539701223373413e-01
-6.368019431829452515e-02
-8.045397698879241943e-02
-5.233309417963027954e-02
-6.532777845859527588e-02
-1.140992790460586548e-01
-1.568257249891757965e-02
-1.156027689576148987e-01
-1.463568955659866333e-01
-7.883463799953460693e-02
-1.247612610459327698e-01
-9.105472266674041748e-02
-7.029618322849273682e-02
-8.934509754180908203e-02
-6.639476865530014038e-02
-1.394906789064407349e-01
-1.016219481825828552e-01
-1.145087704062461853e-01
-1.313317716121673584e-01
-8.213552832603454590e-02
-7.398439198732376099e-02
-3.792597353458404541e-01
-9.033076465129852295e-02
-6.010233238339424133e-02
-1.433246284723281860e-01
-1.673070937395095825e-01
-1.115630492568016052e-01
-1.318388134241104126e-01
-6.940903514623641968e-02
-1.003320440649986267e-01
-1.806526631116867065e-01
-1.036467775702476501e-01
-9.488741308450698853e-02
-9.353198111057281494e-02
-1.401185244321823120e-01
-7.787622511386871338e-02
-1.054445654153823853e-01
-5.282742530107498169e-02
-8.240429311990737915e-02
-6.400113552808761597e-02
-1.238461285829544067e-01
-1.470377445220947266e-01
-8.117389678955078125e-02
-2.381775528192520142e-02
-5.262443795800209045e-02
-5.603312328457832336e-02
-1.032971590757369995e-01
-8.278442919254302979e-02
-1.407954394817352295e-01
-9.688562154769897461e-02
-9.209205955266952515e-02
-8.065034449100494385e-02
-1.063743159174919128e-01
-3.925501927733421326e-02
-6.809182465076446533e-02
-1.000789180397987366e-01
-1.073220521211624146e-01
-1.063213944435119629e-01
-3.800044581294059753e-02
-1.039280220866203308e-01
-1.896865107119083405e-02
-1.141332387924194336e-01
-3.222731500864028931e-02
-4.421968758106231689e-02
-1.605355441570281982e-01
-1.352554708719253540e-01
-3.526605293154716492e-02
-1.171032935380935669e-01
-8.469326049089431763e-02
-5.664028972387313843e-02
-1.632990390062332153e-01
-6.315423548221588135e-02
-9.764892607927322388e-02
-1.255079060792922974e-01
-1.016991883516311646e-01
-1.051385700702667236e-01
-9.730172902345657349e-02
-6.264352798461914062e-02
-6.635808944702148438e-02
-1.348989903926849365e-01
-7.680661231279373169e-02
-6.941059976816177368e-02
-4.521569609642028809e-02
-9.321965277194976807e-02
-5.772812664508819580e-02
-1.046522259712219238e-01
-1.423316299915313721e-01
-8.809711784124374390e-02
-9.982296824455261230e-02
-1.233945190906524658e-01
-3.590051084756851196e-02
-9.009981900453567505e-02
4.488799571990966797e-01
-6.974937766790390015e-02
-9.494879096746444702e-02
-6.580717116594314575e-02
-5.767718330025672913e-02
-5.697407945990562439e-02
-6.115777790546417236e-02
-9.722711890935897827e-02
-7.081472873687744141e-02
-5.231804773211479187e-02
-3.302549943327903748e-02
-8.064644783735275269e-02
-6.107173115015029907e-02
-7.277146726846694946e-02
-8.780176192522048950e-02
-1.095953211188316345e-01
-9.931328147649765015e-02
-4.930982366204261780e-02
-1.016213074326515198e-01
-9.615985304117202759e-02
-8.025288581848144531e-02
-9.176416695117950439e-02
-5.259533971548080444e-02
-8.244998753070831299e-02
-1.074726134538650513e-01
-8.454634994268417358e-02
-1.078994795680046082e-01
-1.397539973258972168e-01
-6.327032297849655151e-02
-1.075277030467987061e-01
-6.213734298944473267e-02
-9.027781779877841473e-04
-1.791073530912399292e-01
-1.019281297922134399e-01
-1.004788503050804138e-01
-6.994465738534927368e-02
-9.653862565755844116e-02
-1.558430343866348267e-01
-7.264801859855651855e-02
-1.185150966048240662e-01
-1.247892007231712341e-01
-7.838974893093109131e-02
-1.230875626206398010e-01
