9.397946298122406006e-03
1.161339879035949707e-02
1.523129828274250031e-02
7.168614771217107773e-03
2.148725278675556183e-02
1.491591520607471466e-02
2.010144107043743134e-02
9.578203782439231873e-03
9.353011846542358398e-03
1.895642094314098358e-02
1.326496805995702744e-02
1.108766067773103714e-02
1.834748685359954834e-02
8.068917319178581238e-03
1.116293668746948242e-02
1.791745796799659729e-02
1.024002581834793091e-02
1.337252929806709290e-02
2.073313668370246887e-02
9.413295425474643707e-03
2.042591758072376251e-02
1.714584231376647949e-02
1.185050327330827713e-02
1.458166632801294327e-02
1.267364621162414551e-02
2.888888865709304810e-02
1.128605380654335022e-02
1.137672550976276398e-02
1.568277366459369659e-02
2.158412896096706390e-02
1.093332655727863312e-02
4.295563697814941406e-02
1.825816184282302856e-02
4.257880523800849915e-02
1.608472131192684174e-02
1.635289564728736877e-02
2.313636802136898041e-02
9.432232938706874847e-03
1.384161971509456635e-02
4.330373182892799377e-02
1.757968403398990631e-02
1.221835054457187653e-02
8.055092766880989075e-03
1.116675138473510742e-02
8.910704404115676880e-03
1.428364217281341553e-02
3.596218675374984741e-02
1.049790252000093460e-02
1.606926880776882172e-02
1.121927239000797272e-02
8.738544769585132599e-03
7.352711167186498642e-03
1.046231109648942947e-02
1.078642159700393677e-02
1.098255254328250885e-02
2.418710663914680481e-02
1.368539500981569290e-02
1.285283733159303665e-02
1.476246677339076996e-02
1.064613927155733109e-02
2.069494687020778656e-02
8.511427789926528931e-03
1.195972878485918045e-02
1.454718969762325287e-02
1.718587428331375122e-02
9.003260172903537750e-03
1.708665303885936737e-02
1.113738026469945908e-02
1.142859458923339844e-02
1.691407151520252228e-02
9.180479682981967926e-03
1.017005834728479385e-02
8.738349191844463348e-03
1.128925196826457977e-02
2.050516568124294281e-02
1.981116458773612976e-02
1.361475605517625809e-02
1.123675890266895294e-02
2.012369967997074127e-02
1.893297582864761353e-02
1.637865230441093445e-02
7.961238734424114227e-03
1.941554620862007141e-02
1.027079671621322632e-02
1.196152716875076294e-02
2.042285725474357605e-02
1.329364906996488571e-02
8.218210190534591675e-03
1.159072946757078171e-02
1.527722179889678955e-02
1.537422277033329010e-02
1.007038075476884842e-02
2.270226925611495972e-02
1.769288443028926849e-02
2.591921202838420868e-02
9.390543214976787567e-03
9.566861204802989960e-03
1.557413488626480103e-02
1.745164394378662109e-02
1.277440600097179413e-02
1.882582716643810272e-02
1.816141977906227112e-02
8.820964954793453217e-03
1.701871119439601898e-02
1.545905694365501404e-02
1.406200695782899857e-02
1.769201457500457764e-02
1.808777078986167908e-02
8.388731628656387329e-03
1.502278074622154236e-02
2.235282026231288910e-02
1.048614364117383957e-02
1.336591318249702454e-02
8.529487997293472290e-03
1.265918649733066559e-02
1.902303472161293030e-02
2.945961244404315948e-02
2.000582963228225708e-02
1.150462403893470764e-02
1.231720764189958572e-02
2.845008857548236847e-02
1.057445444166660309e-02
9.545709937810897827e-03
9.190606884658336639e-03
8.754576556384563446e-03
1.085438393056392670e-02
1.516579277813434601e-02
1.121916342526674271e-02
1.246347650885581970e-02
1.252225786447525024e-02
1.791596040129661560e-02
2.777396142482757568e-02
8.268448524177074432e-03
1.424509473145008087e-02
1.379447523504495621e-02
1.142624951899051666e-02
1.607835851609706879e-02
1.692812517285346985e-02
1.547295600175857544e-02
2.015327662229537964e-02
1.248038839548826218e-02
1.465704012662172318e-02
1.734664849936962128e-02
1.081181131303310394e-02
9.034572169184684753e-03
1.519431360065937042e-02
1.259934343397617340e-02
1.704291626811027527e-02
1.395929791033267975e-02
1.116757374256849289e-02
2.611942030489444733e-02
1.591174490749835968e-02
2.415344491600990295e-02
1.073859073221683502e-02
1.032446045428514481e-02
9.996728040277957916e-03
2.076838724315166473e-02
1.184645295143127441e-02
2.200439944863319397e-02
2.037315629422664642e-02
2.588675916194915771e-02
1.405925303697586060e-02
1.475693099200725555e-02
1.206459850072860718e-02
8.252656087279319763e-03
8.585082367062568665e-03
1.394912693649530411e-02
3.676191344857215881e-02
1.869994774460792542e-02
1.223586685955524445e-02
1.284891366958618164e-02
1.690551079809665680e-02
1.002972666174173355e-02
1.117506437003612518e-02
1.490821409970521927e-02
1.609887741506099701e-02
1.517556142061948776e-02
1.259642466902732849e-02
1.278942357748746872e-02
1.646873913705348969e-02
1.403997372835874557e-02
1.739612221717834473e-02
1.176108606159687042e-02
8.280729874968528748e-03
1.343422941863536835e-02
1.108530629426240921e-02
8.215179666876792908e-03
1.323735527694225311e-02
2.061147801578044891e-02
1.533018983900547028e-02
9.134086780250072479e-03
1.165497023612260818e-02
1.303949113935232162e-02
8.332176133990287781e-03
9.323408827185630798e-03
3.885782510042190552e-02
1.670191995799541473e-02
1.049876678735017776e-02
8.176368661224842072e-03
1.349654980003833771e-02
1.957359910011291504e-02
2.033996209502220154e-02
1.246028672903776169e-02
1.144203264266252518e-02
1.285119727253913879e-02
1.223645079880952835e-02
1.441409438848495483e-02
2.083348669111728668e-02
2.279540151357650757e-02
1.276344340294599533e-02
1.634084619581699371e-02
1.118174381554126740e-02
1.335056778043508530e-02
1.157945580780506134e-02
1.210749149322509766e-02
1.501244772225618362e-02
1.437426172196865082e-02
1.990729384124279022e-02
1.545732934027910233e-02
1.084631681442260742e-02
1.287064980715513229e-02
1.800611056387424469e-02
1.348696649074554443e-02
2.083675935864448547e-02
1.574455387890338898e-02
9.581626392900943756e-03
1.595683768391609192e-02
9.530003182590007782e-03
8.750025182962417603e-03
2.070280350744724274e-02
1.235534250736236572e-02
2.425861917436122894e-02
4.506317153573036194e-02
1.974555104970932007e-02
1.341013051569461823e-02
2.378457412123680115e-02
2.073043771088123322e-02
1.021624729037284851e-02
1.305602397769689560e-02
5.741745233535766602e-02
1.941919885575771332e-02
8.876337669789791107e-03
1.371129136532545090e-02
1.091663818806409836e-02
1.588001847267150879e-02
1.714203134179115295e-02
1.263947226107120514e-02
2.215206436812877655e-02
1.619117707014083862e-02
2.123744972050189972e-02
1.497037615627050400e-02
1.000470481812953949e-02
1.435032207518815994e-02
1.304578687995672226e-02
1.898692362010478973e-02
1.646643504500389099e-02
