2.620967924594879150e-01
3.215788602828979492e-01
2.448729872703552246e-01
2.114865034818649292e-01
3.267999887466430664e-01
2.435161322355270386e-01
2.156386971473693848e-01
2.307218909263610840e-01
2.695451378822326660e-01
2.750914990901947021e-01
2.824960649013519287e-01
2.512140870094299316e-01
2.563381791114807129e-01
2.037294805049896240e-01
2.354365736246109009e-01
2.637703120708465576e-01
4.753641188144683838e-01
2.649229168891906738e-01
2.369669526815414429e-01
2.414766699075698853e-01
2.727628350257873535e-01
2.451477348804473877e-01
2.360992580652236938e-01
2.170841097831726074e-01
3.014664351940155029e-01
2.697299420833587646e-01
2.468133419752120972e-01
2.789199054241180420e-01
3.303945362567901611e-01
2.917299568653106689e-01
3.452181816101074219e-01
2.318044900894165039e-01
3.255055844783782959e-01
2.573591470718383789e-01
3.032111525535583496e-01
2.646443843841552734e-01
2.617823779582977295e-01
2.797585129737854004e-01
2.797899246215820312e-01
3.068085312843322754e-01
2.608883380889892578e-01
2.641738355159759521e-01
2.328544408082962036e-01
2.804463207721710205e-01
3.043844699859619141e-01
2.757862210273742676e-01
2.430741190910339355e-01
2.709863781929016113e-01
2.862569093704223633e-01
2.182164341211318970e-01
3.449477851390838623e-01
2.840931415557861328e-01
2.519306242465972900e-01
2.694427073001861572e-01
2.632299959659576416e-01
3.126009404659271240e-01
3.637771606445312500e-01
2.615774571895599365e-01
2.657131850719451904e-01
2.560246586799621582e-01
2.916868627071380615e-01
2.494776844978332520e-01
2.843773663043975830e-01
4.718117117881774902e-01
2.657409310340881348e-01
3.068237304687500000e-01
3.444955646991729736e-01
2.990562319755554199e-01
2.642289102077484131e-01
2.469826042652130127e-01
2.525043189525604248e-01
2.514745891094207764e-01
3.080695271492004395e-01
2.446205168962478638e-01
3.432216942310333252e-01
2.711739242076873779e-01
2.237692177295684814e-01
3.013218343257904053e-01
2.443143278360366821e-01
2.402084022760391235e-01
3.475025892257690430e-01
2.575955986976623535e-01
3.270349204540252686e-01
3.539115190505981445e-01
2.733354568481445312e-01
2.255499511957168579e-01
2.898789942264556885e-01
2.277912348508834839e-01
2.351185381412506104e-01
2.396308034658432007e-01
3.011017739772796631e-01
2.403558939695358276e-01
2.223861366510391235e-01
2.478947043418884277e-01
2.245774418115615845e-01
2.240377813577651978e-01
2.468502819538116455e-01
2.309375256299972534e-01
2.632986605167388916e-01
2.634060680866241455e-01
2.790869176387786865e-01
2.518430650234222412e-01
2.800090312957763672e-01
2.446130365133285522e-01
2.976662516593933105e-01
2.751564383506774902e-01
2.420053631067276001e-01
2.187120020389556885e-01
2.845363616943359375e-01
2.397043555974960327e-01
2.797695994377136230e-01
3.142230212688446045e-01
2.763002216815948486e-01
2.980828583240509033e-01
2.910887300968170166e-01
2.839747071266174316e-01
2.811467349529266357e-01
2.724481225013732910e-01
2.350573092699050903e-01
2.382208108901977539e-01
2.589636147022247314e-01
2.495169937610626221e-01
2.484107613563537598e-01
3.140902221202850342e-01
3.129263222217559814e-01
2.750759720802307129e-01
2.403458356857299805e-01
3.563341200351715088e-01
2.469195127487182617e-01
2.235980480909347534e-01
2.914614379405975342e-01
3.248189687728881836e-01
2.186670899391174316e-01
2.661679089069366455e-01
3.039206862449645996e-01
2.682425677776336670e-01
2.716406583786010742e-01
2.511144578456878662e-01
2.502073645591735840e-01
3.170222043991088867e-01
2.250665873289108276e-01
2.530727982521057129e-01
2.507109344005584717e-01
3.077710270881652832e-01
3.040726184844970703e-01
2.268697917461395264e-01
2.614366710186004639e-01
2.576453089714050293e-01
2.604711353778839111e-01
2.547829151153564453e-01
2.604332566261291504e-01
2.639034986495971680e-01
2.276659160852432251e-01
2.928268015384674072e-01
2.573344409465789795e-01
3.470492660999298096e-01
2.346467375755310059e-01
2.561792135238647461e-01
2.767797708511352539e-01
2.590771615505218506e-01
2.467717826366424561e-01
3.630288243293762207e-01
2.376867085695266724e-01
2.364094704389572144e-01
2.634438872337341309e-01
2.696078121662139893e-01
3.163149356842041016e-01
2.683443427085876465e-01
2.288220226764678955e-01
2.532122135162353516e-01
2.582982480525970459e-01
2.396338433027267456e-01
2.456015795469284058e-01
2.459307163953781128e-01
2.764991223812103271e-01
2.786953151226043701e-01
3.768904209136962891e-01
2.457602173089981079e-01
3.137342929840087891e-01
2.286453247070312500e-01
3.002067804336547852e-01
2.731858193874359131e-01
2.224575430154800415e-01
2.333140224218368530e-01
2.699033319950103760e-01
2.767439484596252441e-01
3.007705807685852051e-01
2.910986542701721191e-01
2.490994185209274292e-01
2.733470797538757324e-01
2.698626518249511719e-01
2.331465929746627808e-01
3.383173048496246338e-01
2.442889958620071411e-01
2.186503559350967407e-01
2.160327583551406860e-01
2.683813273906707764e-01
2.911306023597717285e-01
2.736689746379852295e-01
2.730707228183746338e-01
2.387801110744476318e-01
2.742296457290649414e-01
2.566242516040802002e-01
2.150840163230895996e-01
2.666337192058563232e-01
2.220910489559173584e-01
3.123683035373687744e-01
2.516431212425231934e-01
3.027826249599456787e-01
2.210493534803390503e-01
2.549711465835571289e-01
2.485924214124679565e-01
2.588231563568115234e-01
2.553908526897430420e-01
2.718861103057861328e-01
2.526392638683319092e-01
2.365664243698120117e-01
2.272520959377288818e-01
2.148023843765258789e-01
4.157051444053649902e-01
2.861529588699340820e-01
2.299145162105560303e-01
2.673655450344085693e-01
2.972235679626464844e-01
2.809807062149047852e-01
2.581334114074707031e-01
3.224516510963439941e-01
2.482592314481735229e-01
2.455285191535949707e-01
2.362509369850158691e-01
3.371953368186950684e-01
2.682462632656097412e-01
2.831378579139709473e-01
2.891025841236114502e-01
2.696200907230377197e-01
2.112197577953338623e-01
2.316791713237762451e-01
2.805568277835845947e-01
2.583963572978973389e-01
2.218092679977416992e-01
2.283028960227966309e-01
2.976919710636138916e-01
2.596617341041564941e-01
2.587743401527404785e-01
2.350036501884460449e-01
2.814311087131500244e-01
2.352508604526519775e-01
2.185189276933670044e-01
2.883875072002410889e-01
2.113820910453796387e-01
3.295414447784423828e-01
2.334133833646774292e-01
2.369815856218338013e-01
2.294674962759017944e-01
2.725629210472106934e-01
2.382847815752029419e-01
2.575633823871612549e-01
2.500316500663757324e-01
2.626006901264190674e-01
2.841137051582336426e-01
2.555757164955139160e-01
2.931271493434906006e-01
2.636637687683105469e-01
3.386663496494293213e-01
2.636283040046691895e-01
2.402674704790115356e-01
2.602349519729614258e-01
2.746187746524810791e-01
2.925475239753723145e-01
2.565302848815917969e-01
2.692357003688812256e-01
2.738036215305328369e-01
2.711362242698669434e-01
2.961719036102294922e-01
2.272494137287139893e-01
3.079559206962585449e-01
3.413516283035278320e-01
3.478029370307922363e-01
2.545678317546844482e-01
2.584736049175262451e-01
2.291891276836395264e-01
2.588288784027099609e-01
3.912106156349182129e-01
3.004943132400512695e-01
3.347816765308380127e-01
2.613681256771087646e-01
2.406831532716751099e-01
2.505644857883453369e-01
2.759210169315338135e-01
2.891934514045715332e-01
2.189074307680130005e-01
2.635392844676971436e-01
2.661384046077728271e-01
2.207568138837814331e-01
2.231260836124420166e-01
3.372741341590881348e-01
2.450477182865142822e-01
2.828703522682189941e-01
2.600157856941223145e-01
2.835429310798645020e-01
2.618768811225891113e-01
2.330485433340072632e-01
4.312929511070251465e-01
2.552964091300964355e-01
2.945107221603393555e-01
2.591383159160614014e-01
2.615522444248199463e-01
2.385375648736953735e-01
2.954107522964477539e-01
2.719294726848602295e-01
3.858615458011627197e-01
2.689445912837982178e-01
3.474695980548858643e-01
2.407457083463668823e-01
2.933639585971832275e-01
2.799346148967742920e-01
2.849051952362060547e-01
2.962986230850219727e-01
3.131877481937408447e-01
2.531661093235015869e-01
2.291245311498641968e-01
2.250477671623229980e-01
2.884784042835235596e-01
2.961514294147491455e-01
2.658378779888153076e-01
2.860999107360839844e-01
2.413671761751174927e-01
2.618784010410308838e-01
2.094096690416336060e-01
2.570919692516326904e-01
2.541917860507965088e-01
2.646299600601196289e-01
2.616335153579711914e-01
2.482966780662536621e-01
2.497169077396392822e-01
2.165642827749252319e-01
2.677937150001525879e-01
2.486455589532852173e-01
2.766650915145874023e-01
6.513322591781616211e-01
3.163727521896362305e-01
2.429924756288528442e-01
2.631404697895050049e-01
3.476113975048065186e-01
2.502482831478118896e-01
2.500017881393432617e-01
2.929300963878631592e-01
2.126600742340087891e-01
2.540752589702606201e-01
2.714938521385192871e-01
2.727566361427307129e-01
2.793108522891998291e-01
2.598488330841064453e-01
2.705572843551635742e-01
3.016099035739898682e-01
3.029833137989044189e-01
2.334472686052322388e-01
2.553245723247528076e-01
3.031011223793029785e-01
2.689458429813385010e-01
2.281261384487152100e-01
2.191376686096191406e-01
3.078806400299072266e-01
2.797647416591644287e-01
2.786744534969329834e-01
2.834002077579498291e-01
2.556150853633880615e-01
2.538215816020965576e-01
2.559993863105773926e-01
2.791172266006469727e-01
1.120631337165832520e+00
2.173773199319839478e-01
2.662058770656585693e-01
3.037936985492706299e-01
2.415312379598617554e-01
2.517895400524139404e-01
2.054728716611862183e-01
2.738507986068725586e-01
3.175485134124755859e-01
2.856969535350799561e-01
2.425849735736846924e-01
3.349142670631408691e-01
2.651952505111694336e-01
2.995461821556091309e-01
2.906446158885955811e-01
4.671886563301086426e-01
2.540783882141113281e-01
2.569392919540405273e-01
2.342201024293899536e-01
2.695248425006866455e-01
2.241995930671691895e-01
2.061006724834442139e-01
2.754192650318145752e-01
2.974321246147155762e-01
2.350890338420867920e-01
3.158446252346038818e-01
2.182325124740600586e-01
2.400852739810943604e-01
2.757052481174468994e-01
2.192959189414978027e-01
2.332422882318496704e-01
2.422468662261962891e-01
2.355714589357376099e-01
2.281983494758605957e-01
2.908465564250946045e-01
2.720060348510742188e-01
2.449938356876373291e-01
2.382448762655258179e-01
2.733088135719299316e-01
2.739733159542083740e-01
2.909559309482574463e-01
2.249291688203811646e-01
2.778542637825012207e-01
2.586297988891601562e-01
2.297495454549789429e-01
3.189967572689056396e-01
3.093034029006958008e-01
2.723642587661743164e-01
3.374636471271514893e-01
1.893174201250076294e-01
2.816659808158874512e-01
2.381942868232727051e-01
2.737153470516204834e-01
2.084461748600006104e-01
2.652813792228698730e-01
2.808556556701660156e-01
2.365646511316299438e-01
2.550047039985656738e-01
2.485332190990447998e-01
3.286905884742736816e-01
2.296242713928222656e-01
2.808544039726257324e-01
2.598885297775268555e-01
2.408894598484039307e-01
2.590366601943969727e-01
2.638213038444519043e-01
2.453383505344390869e-01
3.009725511074066162e-01
2.139014303684234619e-01
3.167509138584136963e-01
2.148430794477462769e-01
2.225562483072280884e-01
2.733629047870635986e-01
2.439860999584197998e-01
2.436059564352035522e-01
2.736313939094543457e-01
2.582656443119049072e-01
2.373089641332626343e-01
2.968305349349975586e-01
2.626389861106872559e-01
2.674733102321624756e-01
2.658001482486724854e-01
5.060504674911499023e-01
3.258625864982604980e-01
2.765046358108520508e-01
2.988737821578979492e-01
2.276428490877151489e-01
2.644880712032318115e-01
2.430707216262817383e-01
2.332978695631027222e-01
2.307974100112915039e-01
2.826206982135772705e-01
3.089284300804138184e-01
2.736778557300567627e-01
2.277359068393707275e-01
2.491837888956069946e-01
2.703357636928558350e-01
5.312479138374328613e-01
2.246995419263839722e-01
3.025769889354705811e-01
2.296863496303558350e-01
3.075640499591827393e-01
2.984455227851867676e-01
2.398340553045272827e-01
2.679772973060607910e-01
3.097334504127502441e-01
2.820998430252075195e-01
2.705422937870025635e-01
2.147633880376815796e-01
2.240316271781921387e-01
2.384594827890396118e-01
2.547824680805206299e-01
2.858492136001586914e-01
2.283281534910202026e-01
2.508167922496795654e-01
2.341285049915313721e-01
3.603918850421905518e-01
1.209009647369384766e+00
3.078117668628692627e-01
2.213815152645111084e-01
3.069891929626464844e-01
2.045485675334930420e-01
2.542145848274230957e-01
2.394432276487350464e-01
2.724965214729309082e-01
9.146362543106079102e-01
2.464091181755065918e-01
2.471273839473724365e-01
2.914607524871826172e-01
3.194874525070190430e-01
2.403989285230636597e-01
2.454569637775421143e-01
2.644769847393035889e-01
2.558784186840057373e-01
2.457088381052017212e-01
2.263856381177902222e-01
2.538368403911590576e-01
2.843092083930969238e-01
2.742544412612915039e-01
2.980507016181945801e-01
2.957139015197753906e-01
2.691009640693664551e-01
