4.683172330260276794e-03
6.296421866863965988e-03
-5.627335049211978912e-03
-9.632017463445663452e-03
7.354460656642913818e-03
-7.171001285314559937e-03
-4.936176119372248650e-04
1.868036488303914666e-04
-3.862846409901976585e-03
4.029095289297401905e-04
9.960073046386241913e-03
4.153082147240638733e-03
5.035007488913834095e-04
-1.455998048186302185e-02
1.397198997437953949e-02
-9.118730202317237854e-03
-1.227077282965183258e-02
-1.985753327608108521e-02
2.671548351645469666e-02
-3.964315634220838547e-03
2.438975963741540909e-03
-7.688893470913171768e-03
-3.862170036882162094e-03
-9.766663424670696259e-03
-1.719795749522745609e-03
-2.188122831284999847e-02
-5.148340482264757156e-03
-1.276141963899135590e-02
-5.511301569640636444e-04
-4.630867857486009598e-03
-4.139261785894632339e-03
1.619225018657743931e-03
-3.795699449256062508e-03
-2.338015241548418999e-03
-1.583872176706790924e-02
-4.842324182391166687e-03
-2.864797413349151611e-02
-4.089029040187597275e-03
-1.560455709695816040e-01
2.349125221371650696e-03
-1.849816739559173584e-02
8.368205279111862183e-03
-9.928906336426734924e-03
-1.891416683793067932e-02
-1.003232784569263458e-02
7.395917549729347229e-03
4.811109101865440607e-04
-1.306429330725222826e-04
8.571700192987918854e-03
-2.146592363715171814e-02
9.810318006202578545e-04
-7.551168557256460190e-03
3.380561619997024536e-02
-4.995540250092744827e-03
-1.931543520186096430e-04
-6.045782938599586487e-03
-8.867078460752964020e-03
-3.079472575336694717e-03
1.051111891865730286e-02
8.117767050862312317e-03
7.992427796125411987e-03
-1.208818890154361725e-02
3.798727877438068390e-03
-7.295998744666576385e-03
-5.733693018555641174e-03
1.559033617377281189e-02
1.217485312372446060e-02
9.518782026134431362e-04
-2.390314126387238503e-03
1.184388156980276108e-02
2.853758342098444700e-04
-2.589420787990093231e-02
3.329533617943525314e-03
5.466045811772346497e-03
6.823523901402950287e-03
-1.370906131342053413e-03
4.809082485735416412e-03
4.824934527277946472e-03
-5.489719565957784653e-03
1.485932432115077972e-02
2.575668739154934883e-03
7.960115559399127960e-03
-4.660329781472682953e-03
2.470517763867974281e-03
4.247978329658508301e-03
6.853118073195219040e-03
-9.387436322867870331e-03
-2.912636147812008858e-03
-1.192140951752662659e-02
-6.483307108283042908e-03
-7.207271177321672440e-03
1.277899928390979767e-02
-3.456272883340716362e-03
4.107650369405746460e-03
-1.072507817298173904e-02
4.347672220319509506e-03
-4.488044418394565582e-03
-1.907845959067344666e-02
4.381056409329175949e-03
7.614953792653977871e-04
-1.126930303871631622e-02
-1.474775001406669617e-02
-1.060518063604831696e-02
-3.921732306480407715e-03
-2.282805182039737701e-02
-6.468624342232942581e-03
-1.312289573252201080e-02
-2.225448936223983765e-02
7.024104241281747818e-03
1.208208734169602394e-03
-1.884127408266067505e-02
-1.849517039954662323e-02
-7.398516871035099030e-03
9.603840112686157227e-02
-9.761495515704154968e-03
9.530810639262199402e-03
1.042790897190570831e-02
-1.163829676806926727e-02
-4.417777992784976959e-03
-2.011397853493690491e-03
-1.036391034722328186e-02
-4.053797572851181030e-03
-2.477046567946672440e-03
-1.137327030301094055e-02
-1.839977921918034554e-04
3.222533268854022026e-03
7.577556651085615158e-03
3.981232643127441406e-03
-8.607571944594383240e-03
-5.077514797449111938e-04
-7.222669199109077454e-03
-4.101182799786329269e-03
4.889019299298524857e-03
-9.863992221653461456e-03
-4.185662604868412018e-03
-8.368290960788726807e-03
1.386086805723607540e-03
2.059847116470336914e-02
2.030142582952976227e-03
9.265339933335781097e-03
-7.114641368389129639e-03
-1.648101373575627804e-03
-2.505046548321843147e-03
-2.435571048408746719e-03
-1.695541664958000183e-03
-5.627914331853389740e-03
-1.518157077953219414e-03
-3.306834492832422256e-03
-7.071907632052898407e-03
-4.000908695161342621e-03
-1.401219284161925316e-03
4.416514188051223755e-03
-3.819732461124658585e-03
-1.314539927989244461e-02
-7.906958460807800293e-03
9.309478919021785259e-04
1.294881105422973633e-02
-1.322821527719497681e-02
1.400475855916738510e-03
-8.822528645396232605e-03
-2.175232861191034317e-03
1.235263887792825699e-02
-3.389675403013825417e-04
-2.403623890131711960e-03
9.998131543397903442e-03
-1.347085926681756973e-02
-1.415690348949283361e-04
1.250187680125236511e-02
-1.182956527918577194e-02
4.243912640959024429e-03
-1.793843694031238556e-02
-2.619988226797431707e-04
1.274532405659556389e-04
-8.902080357074737549e-03
4.773890599608421326e-03
9.506234899163246155e-03
-2.808510093018412590e-03
-1.141365244984626770e-02
-2.982183359563350677e-03
-1.516332756727933884e-02
5.928130820393562317e-03
-4.865012597292661667e-03
-2.164967823773622513e-03
-2.010197937488555908e-02
1.808422530302777886e-04
-1.030020043253898621e-02
6.145561928860843182e-04
-2.319375751540064812e-03
7.387395948171615601e-03
-4.384716041386127472e-03
-1.073155552148818970e-02
-1.208092737942934036e-02
-4.384031984955072403e-03
9.864487685263156891e-03
-2.856404893100261688e-02
-1.875563152134418488e-02
1.215461641550064087e-03
-1.883529685437679291e-02
-1.674886047840118408e-02
-1.028350926935672760e-02
-1.700413972139358521e-02
1.701015047729015350e-02
3.669108031317591667e-03
-2.498614601790904999e-03
-1.529954280704259872e-02
9.514435194432735443e-03
7.396468892693519592e-03
7.073990534991025925e-03
-6.214865017682313919e-03
-1.929984800517559052e-02
4.926694091409444809e-03
-4.832103848457336426e-03
2.537029795348644257e-04
-2.643483923748135567e-03
-4.120976664125919342e-03
-9.326172876171767712e-04
-1.473201205953955650e-03
1.700764894485473633e-02
-7.487186230719089508e-03
-2.043595304712653160e-03
-3.690949082374572754e-02
-4.073743912158533931e-05
-2.070670714601874352e-03
8.273215964436531067e-03
-8.504350669682025909e-03
-6.861074361950159073e-03
-3.586546983569860458e-03
-9.695996530354022980e-03
-1.295179221779108047e-02
2.206816710531711578e-02
-6.845368072390556335e-03
9.338894858956336975e-03
-2.770018065348267555e-03
3.032035566866397858e-02
-1.093166787177324295e-02
7.856801152229309082e-03
9.790924377739429474e-03
1.059163082391023636e-02
3.402980801183730364e-04
1.476644072681665421e-02
1.613981276750564575e-02
-6.696240598103031516e-05
-1.256656926125288010e-02
-1.048326864838600159e-02
1.433375570923089981e-02
-1.409995369613170624e-03
1.374707836657762527e-02
-2.634659223258495331e-02
-1.672120951116085052e-02
1.052768994122743607e-02
-8.467356674373149872e-03
-1.580926962196826935e-02
-1.683541387319564819e-02
1.754571869969367981e-02
-5.777102895081043243e-03
1.591000705957412720e-02
-1.298854127526283264e-02
-2.250658289995044470e-04
2.135666273534297943e-02
-9.361829143017530441e-04
-1.064998004585504532e-02
1.438847649842500687e-02
1.267787441611289978e-02
-1.058692298829555511e-02
-1.107215415686368942e-02
4.411637783050537109e-03
-8.803968084976077080e-04
-1.234829425811767578e-02
-1.290657371282577515e-02
3.137580817565321922e-03
-5.232843570411205292e-03
-1.281521376222372055e-02
-1.762377843260765076e-02
-1.658230647444725037e-02
-4.772354383021593094e-03
1.113942242227494717e-03
4.450417123734951019e-03
-4.411426372826099396e-03
-1.440864335745573044e-02
-6.613326258957386017e-03
-5.889246705919504166e-03
2.476559486240148544e-03
1.101272460073232651e-02
2.795595442876219749e-03
4.895751364529132843e-03
-6.188225932419300079e-03
-4.508118610829114914e-03
-4.821065347641706467e-03
1.672752201557159424e-03
1.402667537331581116e-02
3.840200835838913918e-03
2.714439295232295990e-03
-6.243693176656961441e-03
-3.529243171215057373e-03
1.141364569775760174e-03
-2.068352885544300079e-02
-6.189139559864997864e-03
6.870228797197341919e-03
-8.556457236409187317e-03
-1.058939844369888306e-02
-7.636340335011482239e-03
-3.976666368544101715e-03
-9.158630855381488800e-03
-5.566477309912443161e-03
2.679250668734312057e-03
-1.664891466498374939e-02
1.588845741935074329e-03
-6.466894410550594330e-03
2.903507789596915245e-03
-9.472345001995563507e-03
1.007350161671638489e-01
-4.791839513927698135e-03
4.446716513484716415e-03
-8.388278074562549591e-03
7.916908711194992065e-03
7.241295650601387024e-03
4.440294113010168076e-03
-1.002831663936376572e-02
8.677958510816097260e-03
6.634559831582009792e-04
-7.152845617383718491e-03
3.960652276873588562e-03
2.021550666540861130e-03
6.542309653013944626e-03
-6.802274379879236221e-03
4.315843340009450912e-03
-4.228092730045318604e-03
-6.523061078041791916e-03
1.111045829020440578e-03
1.771474815905094147e-02
1.483405590988695621e-03
2.102483622729778290e-02
-1.437345612794160843e-02
5.508128087967634201e-03
-1.197703182697296143e-02
9.798279963433742523e-03
-1.590262353420257568e-02
-8.202237077057361603e-03
-8.105752989649772644e-03
-9.900380857288837433e-03
-6.114553660154342651e-03
3.193209879100322723e-03
-3.605916630476713181e-03
4.796264227479696274e-03
8.021830581128597260e-03
1.134707406163215637e-02
2.036281395703554153e-03
1.805646577849984169e-03
-4.053337965160608292e-03
2.554343082010746002e-03
-1.295897830277681351e-02
8.461478166282176971e-03
-8.032338693737983704e-03
-6.070487201213836670e-03
8.841170929372310638e-03
1.651642471551895142e-02
2.203051745891571045e-02
-1.208279468119144440e-02
-3.785436740145087242e-03
-6.791191641241312027e-03
5.910273175686597824e-03
-1.286249887198209763e-02
-1.948134228587150574e-02
3.788264933973550797e-03
-1.907618343830108643e-02
8.976767770946025848e-03
-1.150696189142763615e-03
-3.068563994020223618e-03
-3.332551103085279465e-03
7.426068186759948730e-03
-2.981195691972970963e-03
-2.231070306152105331e-03
-4.354773554950952530e-03
-2.710959874093532562e-03
-1.888552360469475389e-04
-3.044305834919214249e-03
6.078016012907028198e-03
1.352295745164155960e-02
1.418087538331747055e-02
1.539766672067344189e-03
2.190295979380607605e-02
-4.429318942129611969e-03
-1.846263068728148937e-03
4.494249355047941208e-03
2.949906978756189346e-03
9.263484389521181583e-04
5.592513829469680786e-03
-2.654356649145483971e-03
1.028463896363973618e-02
-8.445577695965766907e-03
-5.676256958395242691e-03
9.845978580415248871e-03
1.143309008330106735e-02
-1.596488431096076965e-02
-2.381877275183796883e-03
-7.138316053897142410e-03
9.928295388817787170e-03
-1.286532846279442310e-03
5.081940069794654846e-02
4.645716398954391479e-03
-3.727402538061141968e-03
-1.356652285903692245e-02
-1.819767057895660400e-02
-5.439918022602796555e-03
-6.011889781802892685e-03
-5.387021228671073914e-03
-1.497595012187957764e-02
-5.655003245919942856e-03
-1.214744988828897476e-02
3.170300333295017481e-04
-2.171410433948040009e-02
-3.744367277249693871e-04
1.864234800450503826e-03
3.209103597328066826e-04
1.642153784632682800e-02
4.380071535706520081e-03
8.809519000351428986e-03
1.867569051682949066e-03
-6.593478843569755554e-03
-1.617880538105964661e-02
3.197299316525459290e-03
-1.658936729654669762e-03
-8.990779519081115723e-03
1.231178082525730133e-02
7.484662346541881561e-03
-5.036907270550727844e-03
3.165418049320578575e-03
-4.029599018394947052e-03
-7.261198945343494415e-03
8.721856772899627686e-02
3.724765032529830933e-03
-6.514105480164289474e-03
8.744767867028713226e-03
-8.235991932451725006e-03
-9.626001119613647461e-03
-7.666560122743248940e-04
-4.806331824511289597e-03
2.425546385347843170e-02
2.095660427585244179e-03
-6.126202642917633057e-03
1.353981811553239822e-02
-2.210422046482563019e-02
9.736492484807968140e-02
-1.458241313230246305e-04
-8.851427584886550903e-03
7.966224802657961845e-04
1.044843718409538269e-02
-1.972655765712261200e-03
-6.802195683121681213e-03
-6.506098434329032898e-03
-1.410657260566949844e-02
-2.163668861612677574e-03
-3.765343688428401947e-03
-9.782352484762668610e-03
3.793478012084960938e-03
1.882389537058770657e-03
8.986174361780285835e-04
2.331162104383111000e-03
-2.884770277887582779e-03
6.904579699039459229e-02
-5.633445456624031067e-03
-1.478764135390520096e-02
-1.877662725746631622e-02
4.331035306677222252e-04
5.437605548650026321e-03
5.370476748794317245e-03
4.644592991098761559e-04
1.304231863468885422e-02
4.073996562510728836e-03
1.384391821920871735e-02
1.162297651171684265e-02
-6.202214397490024567e-03
1.161710172891616821e-02
-1.192396879196166992e-02
6.214396562427282333e-03
1.900755916722118855e-03
-1.393988579511642456e-01
-9.978523477911949158e-03
-2.643823623657226562e-02
-1.098991138860583305e-03
-5.287013482302427292e-03
-1.082105096429586411e-02
-5.891985073685646057e-02
-6.152254529297351837e-03
-1.355039793998003006e-02
-4.098795354366302490e-03
-6.400369107723236084e-03
-1.006102748215198517e-02
-1.037588436156511307e-02
1.954687014222145081e-02
-1.260098163038492203e-02
1.392476027831435204e-03
4.353608191013336182e-02
-1.024381630122661591e-02
2.759872702881693840e-03
4.356324672698974609e-03
-7.087892852723598480e-03
1.185772358439862728e-03
-6.926783360540866852e-03
-8.690722286701202393e-03
-8.512367494404315948e-03
4.540722351521253586e-03
8.102153660729527473e-04
-4.122918006032705307e-03
-2.964823797810822725e-04
7.987651973962783813e-03
-1.228354987688362598e-03
-9.741093032062053680e-03
-1.905400119721889496e-02
4.549699660856276751e-04
-1.167407911270856857e-02
9.816911071538925171e-03
1.066250633448362350e-02
-4.630421288311481476e-03
-1.054750988259911537e-03
8.367797359824180603e-03
2.317324280738830566e-03
6.995911709964275360e-03
-9.835437871515750885e-03
1.718531711958348751e-03
1.354890316724777222e-02
9.247038513422012329e-03
-8.462875150144100189e-03
-3.477308433502912521e-03
5.790070630609989166e-03
9.228067472577095032e-03
8.563712472096085548e-04
-1.473400183022022247e-02
-1.108428835868835449e-02
-6.047922652214765549e-03
-1.444120053201913834e-02
-5.965820048004388809e-03
-7.720576249994337559e-04
8.322521352965850383e-06
-7.916014641523361206e-03
-5.385082680732011795e-03
-1.290756277740001678e-02
9.496458806097507477e-03
8.307569660246372223e-03
-2.496010437607765198e-02
-1.639882475137710571e-02
3.573602065443992615e-03
1.312634703936055303e-04
-2.698225434869527817e-04
-1.736153732053935528e-03
-1.406599674373865128e-02
-7.098788861185312271e-03
-6.094296928495168686e-03
-5.255584605038166046e-03
-1.116639468818902969e-02
8.575065061450004578e-03
2.554906299337744713e-03
1.160002779215574265e-03
-1.037520635873079300e-02
5.040133371949195862e-03
7.783310953527688980e-03
5.422299727797508240e-03
3.253953764215111732e-03
5.179337691515684128e-03
-2.150239888578653336e-03
-1.492033991962671280e-02
-5.933581851422786713e-03
-6.272198632359504700e-03
2.961856545880436897e-03
-3.357329871505498886e-03
-2.367433626204729080e-04
2.785837510600686073e-03
-7.997854845598340034e-04
4.412364587187767029e-02
-8.971695788204669952e-03
-1.055635511875152588e-02
3.983187489211559296e-03
-1.721546240150928497e-02
-4.046548157930374146e-03
-5.611762171611189842e-04
-2.216982096433639526e-02
3.886326029896736145e-02
-1.147853303700685501e-02
-5.298753734678030014e-03
1.701703993603587151e-03
5.555348470807075500e-04
-3.293253015726804733e-03
4.697209689766168594e-03
-1.015314646065235138e-02
9.969640523195266724e-03
1.249737478792667389e-02
-8.122856728732585907e-03
2.897465368732810020e-03
-1.078491378575563431e-02
3.617191920056939125e-03
-1.644869893789291382e-02
2.786111319437623024e-03
1.688257761998102069e-04
1.128000300377607346e-02
-5.161097273230552673e-03
3.327440703287720680e-03
-1.507116295397281647e-02
-1.613485254347324371e-02
-6.794622167944908142e-03
5.002512596547603607e-03
1.274062320590019226e-03
2.292673103511333466e-03
-7.085057441145181656e-03
5.188887007534503937e-04
1.076913252472877502e-02
-1.209459383971989155e-03
5.204865708947181702e-03
3.550508292391896248e-03
1.993148028850555420e-02
4.027612449135631323e-04
-1.706955954432487488e-02
-9.421274065971374512e-03
-5.252302507869899273e-04
-4.028295632451772690e-03
8.520032279193401337e-03
-1.205452252179384232e-02
-1.315820403397083282e-02
1.656878180801868439e-02
-4.282305948436260223e-03
-1.170696970075368881e-02
-1.440713554620742798e-02
3.973154351115226746e-03
-2.026565745472908020e-02
-2.142038755118846893e-02
9.731158614158630371e-03
-7.868104614317417145e-03
1.169305853545665741e-02
-4.730177111923694611e-03
4.261795431375503540e-03
-2.108644926920533180e-03
2.405032981187105179e-03
-4.506258293986320496e-03
-1.136848609894514084e-02
2.621900057420134544e-03
1.053012255579233170e-02
-1.858149096369743347e-02
1.425095088779926300e-02
7.472111377865076065e-03
-6.033776793628931046e-03
3.836194984614849091e-03
-4.118718206882476807e-03
-2.291236072778701782e-03
1.505004987120628357e-02
-1.705645024776458740e-02
-1.400617999024689198e-03
-2.648421004414558411e-02
1.685716770589351654e-02
-2.761728363111615181e-03
2.502223663032054901e-02
-6.530738901346921921e-03
-4.576491191983222961e-03
7.732551079243421555e-03
5.294525995850563049e-03
-8.212433196604251862e-03
-4.190634004771709442e-03
-2.381905680522322655e-03
-1.016055420041084290e-02
-7.109310477972030640e-03
-1.689317449927330017e-02
5.276408046483993530e-03
-5.087903700768947601e-03
-8.398562786169350147e-04
-6.728097330778837204e-03
-1.100972481071949005e-02
-4.233290965203195810e-04
-6.500990130007266998e-03
-1.545913331210613251e-02
9.811269119381904602e-03
-1.409990014508366585e-03
8.406614884734153748e-03
-2.007327601313591003e-02
-6.206899415701627731e-03
3.506698878481984138e-03
1.663767546415328979e-02
6.082293111830949783e-03
-8.853203617036342621e-03
5.243665073066949844e-03
2.111875079572200775e-02
6.532079540193080902e-03
1.766583323478698730e-02
-1.242590835317969322e-03
-7.607623701915144920e-04
-1.272984780371189117e-02
2.277503488585352898e-03
2.296720398589968681e-03
-1.233129482716321945e-02
3.687243908643722534e-03
-4.560155794024467468e-03
-5.953675135970115662e-03
8.886490948498249054e-03
-1.194823626428842545e-02
3.938874695450067520e-03
2.655009273439645767e-03
-9.111763909459114075e-03
1.373946666717529297e-02
-8.025414310395717621e-03
-1.378498971462249756e-03
3.611138090491294861e-03
-1.789865270256996155e-02
-1.063687540590763092e-02
9.980564564466476440e-02
-6.611895514652132988e-04
9.736024658195674419e-04
-8.355638012290000916e-03
-8.265247195959091187e-02
-6.586951669305562973e-03
3.181301290169358253e-03
7.754814624786376953e-02
1.011719810776412487e-03
1.222246210090816021e-04
-1.307217031717300415e-02
-2.562784356996417046e-03
-1.956584304571151733e-02
-2.610227093100547791e-03
-1.298149768263101578e-02
2.075906284153461456e-02
1.748136477544903755e-03
-9.577864781022071838e-03
-6.005136296153068542e-03
-1.569066895171999931e-03
-2.853502752259373665e-03
-9.725464507937431335e-03
-1.078801788389682770e-02
5.870583467185497284e-03
-9.102443233132362366e-03
1.496404316276311874e-02
-1.269435510039329529e-02
7.036884315311908722e-03
-6.428586784750223160e-03
-1.229825392365455627e-01
5.907521117478609085e-03
3.453662153333425522e-03
-1.382299792021512985e-02
-8.657427504658699036e-03
-1.412058249115943909e-02
-1.192532945424318314e-02
-5.955049768090248108e-03
-1.509961299598217010e-02
-4.282142501324415207e-03
-1.005728356540203094e-02
-1.191608887165784836e-02
3.216429846361279488e-03
-5.107182078063488007e-03
3.584852907806634903e-03
2.106813713908195496e-03
-2.820705296471714973e-03
-5.098336841911077499e-03
1.333417952992022038e-03
-2.287834417074918747e-03
-1.773123443126678467e-02
-1.607599668204784393e-02
-3.024621633812785149e-03
3.299908479675650597e-03
5.681619048118591309e-03
-2.517977170646190643e-02
-4.553872626274824142e-03
1.171545591205358505e-02
-1.162857050076127052e-03
-9.435234824195504189e-04
7.343585137277841568e-03
-1.236803829669952393e-02
-4.914079327136278152e-03
-2.772513544186949730e-03
-1.568778790533542633e-02
1.167326234281063080e-03
3.182336688041687012e-03
9.046840481460094452e-03
-5.025904159992933273e-03
8.839020156301558018e-04
6.137849297374486923e-03
-1.130872312933206558e-02
-1.510830223560333252e-02
-5.842260550707578659e-03
-5.872708279639482498e-03
4.224197473376989365e-04
-2.621847204864025116e-03
1.121210586279630661e-02
-6.525450944900512695e-02
2.747840946540236473e-03
9.106770157814025879e-03
-2.395373955368995667e-02
2.270860830321907997e-03
-1.256989501416683197e-02
1.443605683743953705e-02
7.855519652366638184e-03
4.163772799074649811e-03
1.235285308212041855e-02
-5.474544130265712738e-03
1.299248659051954746e-03
2.225107047706842422e-03
-1.605451456271111965e-03
-9.101550094783306122e-03
-1.520108431577682495e-02
-3.227097913622856140e-03
-6.505418568849563599e-04
7.738657761365175247e-03
-7.071042433381080627e-03
-8.305916562676429749e-03
1.140084341168403625e-01
-4.695988260209560394e-03
-1.756225526332855225e-02
-4.305634065531194210e-04
-8.985600434243679047e-03
5.221969913691282272e-03
-2.107370644807815552e-03
-4.948165267705917358e-03
-7.375825662165880203e-03
-2.294664969667792320e-03
1.084866281598806381e-02
-1.843280158936977386e-02
1.178643666207790375e-02
-7.167729549109935760e-03
-2.035720972344279289e-03
1.073536276817321777e-02
-7.179523352533578873e-03
5.316951312124729156e-03
-7.875665090978145599e-03
3.608337137848138809e-03
-4.332602024078369141e-03
-6.170055828988552094e-03
-2.173531567677855492e-03
1.151241268962621689e-02
-8.355298079550266266e-03
-1.534063741564750671e-02
7.049804087728261948e-03
9.164157323539257050e-03
-1.196529250591993332e-03
4.572081379592418671e-03
8.189244195818901062e-03
4.887194838374853134e-03
1.176909659989178181e-03
3.977179061621427536e-03
-3.010224085301160812e-03
-3.251985181123018265e-03
1.724711805582046509e-02
-9.261760860681533813e-03
1.226268056780099869e-02
-9.700971655547618866e-03
-1.336270570755004883e-02
2.098640799522399902e-02
1.560843316838145256e-03
-6.730854045599699020e-03
-1.212977804243564606e-02
1.235215691849589348e-03
-8.821132592856884003e-03
-2.361537655815482140e-03
-8.416991680860519409e-03
-1.219561416655778885e-02
2.698200056329369545e-03
-3.482670290395617485e-03
1.392866298556327820e-02
-1.045135129243135452e-02
-4.060624632984399796e-05
7.960774935781955719e-03
2.459665527567267418e-03
-7.822037674486637115e-03
-3.794770687818527222e-03
-2.019909908995032310e-03
6.480962038040161133e-03
-2.771461848169565201e-03
1.322573516517877579e-02
2.832487924024462700e-03
1.232444029301404953e-02
-1.333443261682987213e-02
1.079385448247194290e-02
-3.296754788607358932e-03
-2.991321869194507599e-02
-1.114777848124504089e-02
-8.793447166681289673e-03
-6.660976214334368706e-04
-2.922532381489872932e-03
-2.334376797080039978e-03
-5.891248118132352829e-03
8.487959392368793488e-03
9.868621826171875000e-03
-3.249477362260222435e-03
-1.229433715343475342e-02
8.579544373787939548e-04
-7.078567519783973694e-03
-8.483837358653545380e-03
-1.197338756173849106e-02
-1.739441230893135071e-02
-9.444273076951503754e-03
2.143905498087406158e-02
-1.533711049705743790e-02
-3.299126867204904556e-03
1.059082336723804474e-03
-1.373803615570068359e-02
-3.089272417128086090e-03
-7.461981847882270813e-03
-1.099755987524986267e-02
7.585466373711824417e-03
-5.599833675660192966e-04
3.050233062822371721e-04
6.040442269295454025e-03
7.713853381574153900e-03
8.790166117250919342e-03
2.341751707717776299e-03
8.686756715178489685e-03
1.466548163443803787e-02
-3.052168991416692734e-03
-4.098868928849697113e-03
-9.658720344305038452e-03
-1.109298085793852806e-03
3.226474160328507423e-03
-2.432938781566917896e-04
-6.272536236792802811e-03
-1.158925704658031464e-02
-1.025621686130762100e-02
-7.209629751741886139e-03
6.177841685712337494e-03
-2.402472076937556267e-03
1.497337035834789276e-02
1.328953262418508530e-02
2.864739391952753067e-03
8.313539437949657440e-03
7.055289577692747116e-03
-1.104604918509721756e-02
5.514512769877910614e-03
2.546397736296057701e-03
3.206172492355108261e-03
-2.474525012075901031e-02
-1.939507317729294300e-03
6.834638305008411407e-03
3.646473214030265808e-02
-1.634871028363704681e-02
-2.247203886508941650e-02
-6.009448319673538208e-03
-7.674815598875284195e-03
-1.040776446461677551e-02
-1.225092168897390366e-02
4.543713293969631195e-03
-1.041526324115693569e-03
-5.948203150182962418e-03
-1.778330042725428939e-04
-1.848359941504895687e-03
3.108406905084848404e-03
-6.455737166106700897e-03
-5.555709823966026306e-03
-5.590300424955785275e-04
-9.505933150649070740e-03
-1.255233306437730789e-02
1.016362290829420090e-02
-1.798203773796558380e-02
-8.998913690447807312e-03
9.737639687955379486e-03
-3.460576292127370834e-03
5.475275218486785889e-03
2.541970694437623024e-03
-6.461994722485542297e-03
-1.034679263830184937e-02
-3.602126380428671837e-03
-1.195125863887369633e-03
-9.415881708264350891e-03
-5.745531525462865829e-04
-8.287437260150909424e-03
-1.292154751718044281e-02
2.775301923975348473e-03
4.529992002062499523e-04
9.937957860529422760e-03
1.096386648714542389e-02
1.398715935647487640e-02
-9.421544382348656654e-04
-1.673474907875061035e-02
-2.198241837322711945e-02
2.988849533721804619e-03
-1.367377350106835365e-03
-6.806910503655672073e-03
-9.011708199977874756e-03
-1.875155977904796600e-02
-1.597114652395248413e-02
-6.956909317523241043e-03
-5.362887866795063019e-03
4.578357096761465073e-03
2.559776185080409050e-04
-2.921205246821045876e-03
1.152611337602138519e-02
7.598651107400655746e-03
3.492954419925808907e-03
1.362222130410373211e-03
-4.531106911599636078e-03
-3.315115580335259438e-03
1.695317588746547699e-02
-4.917810205370187759e-03
6.185767240822315216e-03
-1.429775031283497810e-03
1.382976304739713669e-02
-1.465998124331235886e-02
-4.251988604664802551e-03
-2.738272072747349739e-03
-8.128354325890541077e-03
-1.419867109507322311e-02
-6.003455724567174911e-03
3.637308254837989807e-03
-5.105683114379644394e-03
8.730458095669746399e-03
-1.308665145188570023e-02
-6.765553727746009827e-03
-5.640464369207620621e-03
6.784223951399326324e-03
-1.394544688082532957e-05
-7.320416625589132309e-03
-9.042705409228801727e-03
1.532767992466688156e-02
1.607252401299774647e-03
-4.918998107314109802e-03
1.158692501485347748e-02
4.423680249601602554e-03
-9.962180629372596741e-03
-1.857758872210979462e-02
5.010326392948627472e-03
-3.586399601772427559e-03
4.249859135597944260e-03
-6.673068273812532425e-03
1.388061442412436008e-03
8.172371308319270611e-04
-1.397415879182517529e-03
1.261392841115593910e-03
-7.875756360590457916e-03
-7.312001194804906845e-03
-1.014970429241657257e-02
-2.457280829548835754e-02
2.320987172424793243e-02
-4.091826267540454865e-03
-2.531440230086445808e-03
-3.599077928811311722e-03
-9.013338945806026459e-03
-2.359471749514341354e-03
-4.507784731686115265e-03
-6.938350200653076172e-02
-1.171041149063967168e-04
2.109627239406108856e-03
1.359882578253746033e-02
-6.727725733071565628e-03
2.545605972409248352e-02
-4.024419467896223068e-03
-1.167537085711956024e-02
-5.638941191136837006e-03
-1.086170505732297897e-02
-9.988059289753437042e-03
6.067126058042049408e-03
2.047812100499868393e-03
-8.171178400516510010e-03
4.043423570692539215e-03
1.794862374663352966e-02
-8.991421200335025787e-03
1.944166142493486404e-03
-8.358348160982131958e-03
-1.294272835366427898e-03
-1.298381481319665909e-02
5.253546871244907379e-03
3.655862063169479370e-03
-1.074752025306224823e-02
-1.007823459804058075e-02
-2.763859555125236511e-02
-2.452988410368561745e-03
-1.299352850764989853e-02
-2.103429287672042847e-02
-2.129331231117248535e-02
-2.259536646306514740e-03
-6.995546282269060612e-04
-4.858722910284996033e-03
3.604284720495343208e-03
-2.970865694805979729e-03
2.398606017231941223e-02
-8.637221530079841614e-03
-6.805575452744960785e-03
2.815641462802886963e-03
-2.619828097522258759e-02
-1.242383383214473724e-02
-1.279256958514451981e-02
-1.645125634968280792e-02
1.181278564035892487e-02
-2.390567399561405182e-02
-5.036727990955114365e-03
-1.389235351234674454e-02
-8.431628346443176270e-02
1.353066472802311182e-04
3.463691473007202148e-02
-2.546308003365993500e-02
-9.726464748382568359e-03
-1.113480050116777420e-02
9.543709456920623779e-03
4.035438876599073410e-03
-1.481791585683822632e-02
6.729358807206153870e-03
4.944251850247383118e-03
4.672568291425704956e-03
-1.900798641145229340e-03
2.540390379726886749e-02
-3.457179758697748184e-03
1.239891280420124531e-04
-1.179245952516794205e-02
-5.263714585453271866e-03
-6.992577575147151947e-03
3.704325761646032333e-03
9.279313497245311737e-03
-7.595159113407135010e-03
-2.659036312252283096e-03
-1.495030149817466736e-02
-7.326187565922737122e-03
-2.539419801905751228e-03
-4.504879005253314972e-03
-2.689254237338900566e-03
7.310243789106607437e-03
-9.587278589606285095e-03
2.739516273140907288e-02
-9.974290151149034500e-04
3.836724208667874336e-03
9.534549899399280548e-03
7.386274170130491257e-03
1.258924370631575584e-03
-1.181499566882848740e-02
-1.130078919231891632e-03
8.088963804766535759e-04
-8.671834133565425873e-03
-3.574797185137867928e-03
-8.120822720229625702e-03
-3.535205963999032974e-03
5.171748343855142593e-03
-1.090876292437314987e-02
4.610527772456407547e-03
-9.282417595386505127e-03
9.506867267191410065e-03
-2.182351611554622650e-02
-1.102712750434875488e-02
-9.237544145435094833e-04
6.800630595535039902e-03
-4.975203424692153931e-03
1.367001980543136597e-02
9.151534177362918854e-03
-1.383309531956911087e-02
9.862208738923072815e-03
-2.098462544381618500e-03
1.089977100491523743e-02
4.027233459055423737e-03
6.946133449673652649e-03
-1.525582373142242432e-02
7.671486120671033859e-03
5.663564894348382950e-03
1.447484828531742096e-03
-1.701929606497287750e-02
-1.548471278510987759e-03
-6.407589185982942581e-03
1.599213806912302971e-03
-7.964301039464771748e-04
1.153331133536994457e-03
-1.085625030100345612e-02
-1.188972126692533493e-02
2.815304906107485294e-04
-2.136903349310159683e-03
-1.188908936455845833e-03
-1.362260431051254272e-03
7.566316518932580948e-03
-1.584136276505887508e-03
-5.251404829323291779e-03
-6.140917073935270309e-03
-2.043806714937090874e-03
-1.319870911538600922e-02
-7.131256628781557083e-03
-1.049945130944252014e-02
-4.400706384330987930e-03
9.171664714813232422e-03
2.222477272152900696e-02
-2.363180741667747498e-03
2.536742947995662689e-03
-2.479948569089174271e-03
-1.317522861063480377e-02
-1.208573766052722931e-02
4.209442436695098877e-02
-1.033232430927455425e-03
-9.397832676768302917e-03
-1.843693479895591736e-02
7.681724149733781815e-03
1.885980018414556980e-04
1.731085125356912613e-03
-1.143862865865230560e-02
-1.079934882000088692e-03
-2.217582426965236664e-03
-7.631197106093168259e-03
-1.071292534470558167e-02
1.255266275256872177e-02
-9.802317246794700623e-03
-5.651885177940130234e-03
9.518807637505233288e-04
1.845311559736728668e-02
-7.704875897616147995e-03
3.709542797878384590e-03
-6.545764859765768051e-03
1.544544356875121593e-03
1.264781132340431213e-02
-9.240726940333843231e-03
-1.655560731887817383e-02
8.295002393424510956e-03
-4.905128385871648788e-03
-6.102595478296279907e-03
7.654894609004259109e-03
2.872840967029333115e-03
-3.501871833577752113e-03
3.295484231784939766e-03
1.147006545215845108e-02
-7.497202605009078979e-03
-5.751316901296377182e-03
-1.050456706434488297e-02
-9.138293564319610596e-03
-1.422997657209634781e-02
-2.051372313871979713e-03
-1.539470395073294640e-04
1.082745008170604706e-02
3.925065509974956512e-03
-9.485922753810882568e-03
2.760389586910605431e-03
3.658269066363573074e-03
1.019298378378152847e-02
6.849580095149576664e-04
6.071111187338829041e-03
-1.366939023137092590e-02
2.663037041202187538e-03
1.815891452133655548e-02
-2.106827497482299805e-02
3.922033589333295822e-03
-5.393879488110542297e-03
5.681011825799942017e-03
-8.765844628214836121e-03
-1.277855504304170609e-02
1.096344739198684692e-02
2.237607352435588837e-02
5.090599879622459412e-03
5.943927913904190063e-03
1.627270365133881569e-03
-1.828814484179019928e-02
7.867090404033660889e-03
-1.654687523841857910e-02
-7.611234672367572784e-03
4.176612012088298798e-03
-6.299291271716356277e-03
4.586935508996248245e-03
1.017616875469684601e-02
-1.046803314238786697e-03
-7.942911237478256226e-03
4.169135936535894871e-04
-1.605022326111793518e-02
6.628191098570823669e-03
-1.435185316950082779e-02
-5.614730063825845718e-03
-5.980281159281730652e-03
3.255629213526844978e-03
-3.202858148142695427e-03
1.907318830490112305e-03
5.108163226395845413e-03
2.684138249605894089e-03
-1.581107266247272491e-02
-1.066876138793304563e-04
2.504307776689529419e-03
-9.532235562801361084e-04
-1.779877580702304840e-02
1.489582564681768417e-02
8.660095743834972382e-03
2.409419830655679107e-04
2.713257912546396255e-03
-3.306623082607984543e-03
1.685182750225067139e-01
-9.489710442721843719e-03
-9.205012582242488861e-03
-1.743642240762710571e-02
-2.881418447941541672e-03
-1.292521599680185318e-02
-2.785761095583438873e-02
-8.627099916338920593e-03
-1.423614192754030228e-02
-5.991766229271888733e-03
3.588450141251087189e-03
-6.131826899945735931e-03
2.315173391252756119e-03
9.391958825290203094e-03
-1.289526117034256458e-03
-1.690262346528470516e-03
-1.372296363115310669e-02
1.165592670440673828e-02
3.549808752723038197e-04
-3.829865017905831337e-03
-1.259635435417294502e-03
-1.041247043758630753e-03
1.024500280618667603e-02
-5.364228039979934692e-03
1.015909668058156967e-02
9.360411204397678375e-03
7.829498499631881714e-03
-1.080967485904693604e-02
-8.100960403680801392e-03
-6.796092260628938675e-03
9.832239709794521332e-03
-1.118073239922523499e-02
7.197928614914417267e-03
1.201513223350048065e-02
-2.254544571042060852e-02
-1.882402226328849792e-02
-8.140055462718009949e-03
-1.173557154834270477e-02
-7.430227007716894150e-03
-1.042277668602764606e-03
1.062628463841974735e-03
8.355557918548583984e-03
-1.088587287813425064e-02
1.277874223887920380e-02
2.092626132071018219e-02
1.960805244743824005e-02
-9.994609281420707703e-03
-2.103536017239093781e-02
-5.708112847059965134e-03
-1.440452318638563156e-02
2.742173615843057632e-03
-2.701732330024242401e-03
-1.557373534888029099e-02
-1.385308103635907173e-03
1.327295554801821709e-03
-7.933512679301202297e-04
3.030244261026382446e-04
3.973995801061391830e-03
-1.248761266469955444e-02
-2.615274861454963684e-02
-1.790069043636322021e-02
-2.477950043976306915e-02
4.512122366577386856e-03
-1.307163480669260025e-02
-3.274807007983326912e-03
-1.264412887394428253e-02
-3.015340073034167290e-03
-1.172235584817826748e-03
-1.251746062189340591e-02
-2.436023904010653496e-03
-2.625254169106483459e-02
-4.862163681536912918e-03
4.913873039186000824e-03
-2.108960412442684174e-02
8.175522089004516602e-03
-1.872287364676594734e-03
1.018331199884414673e-02
3.621034091338515282e-03
9.145354852080345154e-03
-1.544693298637866974e-02
-5.784314591437578201e-03
3.294273978099226952e-03
-2.234614687040448189e-03
2.667204244062304497e-03
1.732988841831684113e-02
1.488173659890890121e-02
-1.338090747594833374e-02
1.384819950908422470e-02
-2.637591911479830742e-03
-3.040114883333444595e-03
-6.920656305737793446e-04
5.948264617472887039e-03
-5.195443984121084213e-03
-1.005459576845169067e-03
1.750710420310497284e-03
3.596187569200992584e-03
1.074601151049137115e-02
1.972957834368571639e-04
-9.364840388298034668e-02
-3.568524494767189026e-02
-2.277449518442153931e-02
-3.442176384851336479e-03
-1.432812772691249847e-02
1.531052310019731522e-02
3.500722581520676613e-03
-6.586167495697736740e-03
-1.129733026027679443e-02
1.026612333953380585e-02
-3.422566456720232964e-03
-1.898435759358108044e-03
1.408839318901300430e-02
1.471850438974797726e-03
-3.217210294678807259e-03
7.078809663653373718e-03
-9.272161871194839478e-03
-9.622788056731224060e-03
-6.836907472461462021e-03
-2.178792376071214676e-03
3.874641377478837967e-03
6.032723933458328247e-03
-5.017056129872798920e-03
-3.920049406588077545e-03
2.639086218550801277e-03
-2.915899269282817841e-03
3.679124056361615658e-04
9.261526167392730713e-03
-1.140621397644281387e-02
-1.492351945489645004e-02
-4.401924554258584976e-03
-7.296026684343814850e-03
3.772711846977472305e-03
3.302287776023149490e-03
-7.315993774682283401e-03
4.344603978097438812e-03
5.365379620343446732e-03
7.429541088640689850e-03
9.915999136865139008e-03
-1.036390196532011032e-02
-3.709988202899694443e-03
2.031012624502182007e-02
-5.498704034835100174e-03
-1.177935674786567688e-02
-1.911910623311996460e-02
4.275089129805564880e-03
-1.090883556753396988e-02
-4.726027604192495346e-03
9.380723349750041962e-03
8.289256365969777107e-04
-8.405739441514015198e-03
9.927274659276008606e-03
-4.256860818713903427e-03
7.265097927302122116e-03
-1.565777137875556946e-02
3.251796588301658630e-03
-9.799908846616744995e-03
-8.654462173581123352e-03
8.685223758220672607e-03
5.170559976249933243e-03
-4.573805723339319229e-03
-3.921106457710266113e-03
-1.349779684096574783e-02
-5.736732389777898788e-03
6.133428309112787247e-03
4.216114059090614319e-03
-1.339773833751678467e-02
-9.890569373965263367e-03
-1.932520768605172634e-03
6.442005280405282974e-03
-3.815839765593409538e-03
1.011589821428060532e-02
-6.381417158991098404e-03
-5.875075003132224083e-04
-3.750900272279977798e-03
-2.386617474257946014e-03
-4.155095666646957397e-03
7.197313476353883743e-03
-1.348810736089944839e-02
-1.829206012189388275e-02
-9.603965096175670624e-03
-9.080353192985057831e-03
6.948832888156175613e-03
1.908606034703552723e-03
-1.347594708204269409e-02
-1.215859223157167435e-02
7.607553619891405106e-03
-1.456633955240249634e-02
-7.596865296363830566e-03
1.712247170507907867e-02
1.162192318588495255e-02
7.464383263140916824e-03
-7.840617559850215912e-03
-1.217736024409532547e-02
-6.964359781704843044e-04
-1.381129678338766098e-02
-2.590368734672665596e-03
1.257097255438566208e-02
2.581313252449035645e-03
2.527615055441856384e-03
1.642265240661799908e-03
3.504883265122771263e-03
-1.175697543658316135e-03
1.238491386175155640e-02
-1.433371007442474365e-02
1.167741511017084122e-02
-1.080087944865226746e-02
-3.593111876398324966e-03
-1.715522632002830505e-02
-1.700176484882831573e-02
4.403391387313604355e-03
7.677651941776275635e-03
3.285610349848866463e-03
3.742301370948553085e-03
-6.274831946939229965e-03
1.240721438080072403e-02
9.910009801387786865e-03
-5.662508774548768997e-03
1.279446296393871307e-02
-8.879709057509899139e-03
-1.585253514349460602e-02
-3.330555511638522148e-03
-8.837400935590267181e-03
-1.406275667250156403e-03
7.103721611201763153e-03
1.426077360520139337e-04
2.620515041053295135e-02
-1.214738842099905014e-02
4.576993640512228012e-03
2.853152574971318245e-03
5.544212646782398224e-03
-8.726235479116439819e-03
-1.876341411843895912e-03
-1.469050720334053040e-02
1.692114770412445068e-02
7.134687621146440506e-04
-9.316192939877510071e-03
2.578608132898807526e-02
6.148364394903182983e-03
-1.018963195383548737e-02
-6.922298576682806015e-03
1.374356914311647415e-03
-2.014540834352374077e-03
-1.031641964800655842e-03
9.052206762135028839e-03
-9.032675996422767639e-03
1.327020395547151566e-02
-1.258574146777391434e-02
2.624294254928827286e-03
-2.006823755800724030e-02
-1.470795180648565292e-02
-7.778816390782594681e-03
7.496564090251922607e-02
-1.002290472388267517e-02
-1.729945652186870575e-02
3.312415501568466425e-04
5.174674093723297119e-03
-4.689740948379039764e-03
3.018528688699007034e-03
1.217369455844163895e-02
-1.251975912600755692e-02
4.750288091599941254e-03
-3.326870501041412354e-03
9.113083593547344208e-03
-1.853801868855953217e-02
-4.869448486715555191e-03
2.910364186391234398e-03
1.553466357290744781e-02
6.238503381609916687e-03
-7.807834539562463760e-03
3.106866264715790749e-03
-4.408992361277341843e-03
-1.427683327347040176e-02
-1.659349724650382996e-02
-1.111523341387510300e-02
-2.698652679100632668e-04
-4.775376990437507629e-03
3.917614463716745377e-03
-3.044368233531713486e-03
4.371176473796367645e-03
-6.321186199784278870e-03
-8.117011748254299164e-03
-6.431470974348485470e-04
-1.078995969146490097e-02
-6.258061621338129044e-04
-2.617940772324800491e-03
-3.690937533974647522e-03
3.723664674907922745e-03
1.217207778245210648e-02
4.257246386259794235e-03
5.246405489742755890e-04
-1.125754322856664658e-02
1.433669775724411011e-02
1.106735225766897202e-02
-9.844793006777763367e-03
-6.095675285905599594e-03
1.963912509381771088e-03
-1.098339259624481201e-02
6.849503610283136368e-03
-7.383061572909355164e-03
6.239959038794040680e-03
1.324205775745213032e-03
4.103954415768384933e-03
6.265558302402496338e-03
-2.922716317698359489e-03
-1.511328388005495071e-02
6.429688073694705963e-03
1.441897917538881302e-02
8.837093599140644073e-03
3.160494845360517502e-03
1.955257263034582138e-03
-2.122371457517147064e-02
-5.046078935265541077e-03
1.479370519518852234e-02
9.969109669327735901e-03
1.537281274795532227e-02
2.147546503692865372e-03
3.060576971620321274e-03
1.560420496389269829e-03
6.972820963710546494e-03
4.422749858349561691e-03
-8.171659894287586212e-03
1.192994997836649418e-03
-1.137968851253390312e-03
9.073858964256942272e-04
1.125945989042520523e-02
2.433192450553178787e-03
-1.247481629252433777e-02
-2.584651811048388481e-03
-5.820624064654111862e-03
-2.391150192124769092e-04
-1.583770103752613068e-02
3.986584953963756561e-03
-3.321949159726500511e-03
1.402784488163888454e-03
-1.286841434193775058e-04
-7.597507908940315247e-03
3.605803847312927246e-02
-1.236944645643234253e-02
-4.165474325418472290e-03
1.224133092910051346e-02
1.213577762246131897e-02
-2.368709538131952286e-03
-3.243423253297805786e-02
-1.379442866891622543e-03
1.169038098305463791e-02
4.418363329023122787e-03
-1.761442981660366058e-03
-5.050794570706784725e-04
-6.698976270854473114e-03
-1.039727497845888138e-02
8.183446712791919708e-03
1.905385963618755341e-02
1.699997344985604286e-03
3.717396408319473267e-03
-3.385878400877118111e-03
1.779223792254924774e-03
6.852655671536922455e-03
9.478079155087471008e-03
3.077047644183039665e-03
3.978987515438348055e-04
-2.366930944845080376e-03
-6.948270834982395172e-03
1.099685396184213459e-04
1.029794290661811829e-02
-2.934805583208799362e-03
5.923251155763864517e-03
-6.935112760402262211e-04
-1.192092662677168846e-03
-4.107977263629436493e-03
-4.311658442020416260e-03
5.378192756325006485e-03
-3.978564869612455368e-03
6.877165287733078003e-04
1.000184379518032074e-02
-1.632524095475673676e-02
-6.196696311235427856e-03
9.356426075100898743e-03
-1.516916882246732712e-02
-1.157713937573134899e-03
2.550280187278985977e-03
-1.336289476603269577e-02
-8.356317877769470215e-03
-8.861421607434749603e-03
-4.362453706562519073e-03
1.663344213739037514e-03
-3.815908217802643776e-03
9.787361137568950653e-03
-8.097232319414615631e-03
-7.467630784958600998e-03
3.558656899258494377e-03
-1.665502786636352539e-02
-5.904048215597867966e-03
-1.028782408684492111e-02
-3.566551953554153442e-03
-9.654144756495952606e-03
7.389289326965808868e-03
7.089618127793073654e-03
-2.305305935442447662e-02
-3.704446367919445038e-03
7.690700702369213104e-03
-8.745304308831691742e-03
1.585583388805389404e-02
-3.090014914050698280e-03
4.469229374080896378e-03
3.149119904264807701e-03
-3.438815008848905563e-03
1.039141137152910233e-02
-1.682646572589874268e-02
-7.125735282897949219e-04
2.759502269327640533e-03
-5.897863302379846573e-03
-7.394212298095226288e-03
-5.992810241878032684e-03
8.757057599723339081e-03
-1.329252310097217560e-02
-7.501373067498207092e-03
-6.024285685271024704e-03
-7.195119978860020638e-04
1.598264276981353760e-02
1.864959136582911015e-03
2.316491678357124329e-03
1.836981973610818386e-03
6.318745203316211700e-03
-1.395561546087265015e-02
-2.580999163910746574e-03
-4.599548876285552979e-03
-7.618774659931659698e-03
-4.974992945790290833e-03
-2.622387558221817017e-02
-1.475491188466548920e-02
8.748123049736022949e-02
-5.623835604637861252e-03
-1.407520473003387451e-02
-1.418420695699751377e-03
7.132553961127996445e-03
3.041958808898925781e-02
-4.927637986838817596e-03
-8.860592730343341827e-03
-1.314066257327795029e-02
1.475395984016358852e-03
-2.008444163948297501e-03
-3.625227371230721474e-03
9.704125113785266876e-03
-9.218491613864898682e-03
-1.442716643214225769e-02
-6.759393960237503052e-03
-1.023153308779001236e-02
-9.151880629360675812e-03
-1.167287491261959076e-02
-1.043478026986122131e-02
-5.213944241404533386e-03
-1.069351099431514740e-02
8.088640868663787842e-03
8.999719284474849701e-03
-3.975926898419857025e-03
1.593578490428626537e-03
-5.384957417845726013e-03
-1.017290446907281876e-02
1.627638819627463818e-03
1.304717734456062317e-03
-9.172702208161354065e-03
-1.272328011691570282e-02
-9.151643025688827038e-04
9.958004578948020935e-03
1.817981153726577759e-02
2.739953575655817986e-03
-5.254406016319990158e-03
7.390932645648717880e-03
-6.457014009356498718e-03
-1.593410596251487732e-02
-2.386507950723171234e-02
-1.151993346866220236e-04
-4.711748100817203522e-03
-5.574936978518962860e-03
1.407292485237121582e-02
1.383981760591268539e-02
-7.949024438858032227e-03
-9.301035106182098389e-02
-7.543028797954320908e-03
4.832090809941291809e-03
-1.349574420601129532e-02
-6.641947664320468903e-03
1.050976105034351349e-02
8.506969548761844635e-03
7.226627785712480545e-03
-4.106766544282436371e-03
2.208084566518664360e-03
1.194578362628817558e-03
-7.402880000881850719e-04
-1.884257234632968903e-02
-7.931950502097606659e-03
-1.325631979852914810e-02
1.348278419754933566e-05
-4.424376878887414932e-03
-8.288792334496974945e-03
2.817896020133048296e-04
-2.437331713736057281e-03
-5.390645819716155529e-04
-9.333345107734203339e-03
-3.692057507578283548e-04
-2.188897691667079926e-03
-7.061461246848921292e-07
-8.927439339458942413e-03
4.221299663186073303e-03
-1.578086405061185360e-03
-3.858427517116069794e-03
-1.474623568356037140e-02
-1.528968941420316696e-02
-1.185161247849464417e-02
-1.215071883052587509e-02
-1.236755168065428734e-03
-7.527653127908706665e-03
-2.309458144009113312e-02
3.019798547029495239e-03
-1.945705711841583252e-02
-9.990090504288673401e-03
-6.953184027224779129e-03
-8.670352981425821781e-04
5.557879339903593063e-03
-3.127085743471980095e-03
5.333467386662960052e-03
-1.741711795330047607e-02
-6.328213959932327271e-03
6.588332820683717728e-03
-5.192853510379791260e-03
-1.206084713339805603e-02
-4.262508824467658997e-03
1.301695778965950012e-02
-8.259316906332969666e-03
7.910147309303283691e-03
3.490270581096410751e-03
3.913621767424046993e-04
-8.699759840965270996e-03
-3.861796809360384941e-03
-5.507133435457944870e-03
2.240024134516716003e-02
-4.460826516151428223e-03
8.547123521566390991e-03
-1.942152529954910278e-02
-6.196306087076663971e-03
-1.692274119704961777e-03
4.342114552855491638e-03
3.709169337525963783e-03
1.188359805382788181e-03
-2.019508369266986847e-02
-2.069879323244094849e-02
-6.898716092109680176e-03
-9.843972511589527130e-03
-4.399974830448627472e-03
8.573264814913272858e-03
-5.193711724132299423e-03
-6.373178912326693535e-04
6.553492275997996330e-04
4.033131524920463562e-03
-3.818141121882945299e-04
-1.196589320898056030e-02
-5.055777262896299362e-03
-5.562996957451105118e-03
-6.289122626185417175e-03
-1.585014164447784424e-02
7.423103787004947662e-03
-2.296046121045947075e-03
-9.944505058228969574e-03
-9.299645316787064075e-04
-1.623663119971752167e-02
6.107899826020002365e-04
-6.524475757032632828e-03
5.595996510237455368e-03
-3.121508751064538956e-03
-1.236936636269092560e-02
2.043316699564456940e-02
1.497367396950721741e-02
1.133439317345619202e-02
-5.890233907848596573e-03
-3.135638777166604996e-03
-1.653085462749004364e-03
3.074568882584571838e-02
-1.861893571913242340e-03
-1.343599404208362103e-03
-5.722370930016040802e-03
-1.455490943044424057e-02
-1.102493889629840851e-02
-1.320018991827964783e-02
-5.377117544412612915e-03
-7.628228515386581421e-03
-4.635107237845659256e-03
-1.141413208097219467e-02
-9.466659277677536011e-03
-2.377186203375458717e-03
2.977749565616250038e-03
-2.973725832998752594e-02
-7.087581790983676910e-03
-9.646726772189140320e-03
-1.151005271822214127e-02
-8.327386341989040375e-03
4.560787696391344070e-03
5.717623513191938400e-03
-7.849059998989105225e-03
8.244299679063260555e-04
7.687442004680633545e-03
6.986453663557767868e-03
-2.283696318045258522e-03
5.237372126430273056e-03
-3.054333850741386414e-03
1.070735696703195572e-02
4.493930377066135406e-03
-9.109350852668285370e-03
-1.813688501715660095e-02
-2.026726119220256805e-02
-1.021425332874059677e-02
5.376127664931118488e-04
1.344121620059013367e-02
-7.699021138250827789e-03
-5.187441594898700714e-03
5.503618158400058746e-03
-1.719098351895809174e-02
-2.963529899716377258e-03
1.495189499109983444e-03
2.451088977977633476e-03
-5.631770938634872437e-03
9.187190444208681583e-04
-5.800889339298009872e-03
-6.266428157687187195e-03
7.127424236387014389e-03
9.553832001984119415e-03
-6.457153707742691040e-03
1.897799596190452576e-02
2.665547421202063560e-03
1.627010409720242023e-03
-8.118441328406333923e-03
3.205376677215099335e-03
4.998017568141222000e-03
-5.735015962272882462e-03
8.947504684329032898e-03
-1.772815245203673840e-03
1.600095443427562714e-02
2.003617119044065475e-03
-1.479581277817487717e-02
1.857220567762851715e-02
1.044855639338493347e-02
-1.985597237944602966e-02
-7.569707813672721386e-04
-8.268442004919052124e-03
-8.114581927657127380e-03
-1.052374951541423798e-02
8.884820155799388885e-03
-8.664865046739578247e-03
-1.049279328435659409e-02
-4.599905107170343399e-03
-6.132157519459724426e-03
-9.245163761079311371e-03
6.673317402601242065e-03
9.966711513698101044e-04
-1.206680387258529663e-02
-1.292653032578527927e-04
-6.201185169629752636e-04
2.301550470292568207e-03
-8.704144507646560669e-03
6.176245515234768391e-04
1.189534645527601242e-02
2.881709951907396317e-03
-1.235031709074974060e-02
-1.435204409062862396e-03
-9.124804288148880005e-03
1.407903283834457397e-01
6.710345391184091568e-03
-1.539124827831983566e-02
-8.188772480934858322e-04
1.168143237009644508e-03
8.313716389238834381e-03
1.110142748802900314e-02
-1.868910156190395355e-02
1.399798877537250519e-02
-1.578852534294128418e-02
2.003563567996025085e-03
-3.496847348287701607e-03
-1.271533407270908356e-02
-6.516975816339254379e-03
1.349502988159656525e-02
-1.060513034462928772e-02
5.467289593070745468e-03
3.269851673394441605e-03
-7.888153195381164551e-03
-2.631660550832748413e-03
8.225766941905021667e-03
-2.111824043095111847e-02
-7.374464068561792374e-03
6.995207630097866058e-03
-1.168777607381343842e-02
-9.202273562550544739e-03
-9.265147149562835693e-03
8.476772159337997437e-02
-6.465237587690353394e-03
7.563201244920492172e-03
-5.637182388454675674e-03
1.085946056991815567e-02
-1.930023659951984882e-03
1.522017121315002441e-01
2.558510052040219307e-03
-2.401856705546379089e-03
8.464712649583816528e-03
-2.897344762459397316e-03
-8.619672618806362152e-03
-1.792493090033531189e-02
8.055156096816062927e-03
-4.750336054712533951e-03
-2.792381448671221733e-03
-2.466814126819372177e-03
-2.664615400135517120e-03
9.482198394834995270e-03
-3.397110849618911743e-03
-5.822512786835432053e-03
-1.404847204685211182e-02
-5.020067095756530762e-03
-8.024890907108783722e-03
1.395472674630582333e-03
3.389785531908273697e-03
-8.653437253087759018e-04
2.005209913477301598e-03
1.075683860108256340e-03
2.883831970393657684e-03
1.240636222064495087e-02
7.836850360035896301e-03
-6.938433740288019180e-03
1.507405377924442291e-02
-6.694165058434009552e-04
-1.764261722564697266e-02
2.023352868854999542e-02
-9.906433522701263428e-03
-2.835447085089981556e-04
4.747322294861078262e-03
2.919263206422328949e-03
-1.085773762315511703e-02
-1.162150502204895020e-02
3.769921371713280678e-03
-5.524239968508481979e-03
-5.244961474090814590e-03
1.556465588510036469e-02
-3.477019257843494415e-03
-8.958325721323490143e-03
1.690366887487471104e-03
5.005178973078727722e-04
-6.240623071789741516e-03
1.416889764368534088e-02
1.043139118701219559e-02
7.085524965077638626e-03
-6.366912741214036942e-03
-3.188253846019506454e-03
3.101640148088335991e-03
8.311565965414047241e-03
1.514847762882709503e-02
-6.771684158593416214e-03
4.096329794265329838e-04
-3.908110316842794418e-03
2.269952092319726944e-03
5.626862123608589172e-02
-8.544938638806343079e-03
-1.468014065176248550e-02
4.180984944105148315e-02
-1.444072555750608444e-02
-1.825148006901144981e-03
4.402672639116644859e-04
-1.064328104257583618e-02
-2.609976101666688919e-03
2.250555437058210373e-03
-1.336639188230037689e-02
-8.709099143743515015e-03
-4.248315468430519104e-03
-5.867902189493179321e-03
-1.516843121498823166e-02
7.142317481338977814e-03
-5.881206598132848740e-03
7.568190339952707291e-03
-1.242790836840867996e-02
2.368606859818100929e-03
-7.306595798581838608e-03
-1.328711118549108505e-02
1.336396439000964165e-03
-1.032927352935075760e-02
-1.093755476176738739e-02
-1.379962358623743057e-02
4.820493981242179871e-03
7.529652211815118790e-04
6.897747516632080078e-02
-6.031417753547430038e-03
-4.060180508531630039e-04
-2.662389539182186127e-03
2.825395204126834869e-03
