2.392252683639526367e-01
2.747259736061096191e-01
2.593106925487518311e-01
2.177850753068923950e-01
3.941677510738372803e-01
2.512136697769165039e-01
2.046795636415481567e-01
2.237929552793502808e-01
2.204668074846267700e-01
2.626072466373443604e-01
1.752510815858840942e-01
2.545004189014434814e-01
3.094789683818817139e-01
2.113583087921142578e-01
3.021922707557678223e-01
2.612774372100830078e-01
2.989506721496582031e-01
1.711087226867675781e-01
2.683525979518890381e-01
2.330202311277389526e-01
3.258021771907806396e-01
2.755784392356872559e-01
2.161960899829864502e-01
2.714701592922210693e-01
3.594992160797119141e-01
2.908028066158294678e-01
1.966299414634704590e-01
2.408556491136550903e-01
2.642517387866973877e-01
2.079571038484573364e-01
3.062898814678192139e-01
2.697232365608215332e-01
2.529257237911224365e-01
2.390400916337966919e-01
3.526450991630554199e-01
2.198926657438278198e-01
2.741657495498657227e-01
2.867136597633361816e-01
4.212273359298706055e-01
3.021563589572906494e-01
2.656767666339874268e-01
3.263081312179565430e-01
3.274617791175842285e-01
2.328942418098449707e-01
1.729584187269210815e-01
3.245781958103179932e-01
2.368442565202713013e-01
3.761549592018127441e-01
2.368300408124923706e-01
2.659814357757568359e-01
2.541220486164093018e-01
2.247482687234878540e-01
5.411954522132873535e-01
2.230202704668045044e-01
2.152819484472274780e-01
2.299225330352783203e-01
2.230558097362518311e-01
2.092952877283096313e-01
2.379724532365798950e-01
2.803928256034851074e-01
2.175265699625015259e-01
2.294712662696838379e-01
3.123229444026947021e-01
2.066665440797805786e-01
2.490386217832565308e-01
4.934279024600982666e-01
2.872899472713470459e-01
2.516096234321594238e-01
2.398947775363922119e-01
2.405979633331298828e-01
2.682008147239685059e-01
2.292670756578445435e-01
2.726492285728454590e-01
2.150204330682754517e-01
2.301291823387145996e-01
2.134196907281875610e-01
2.488708496093750000e-01
3.097112178802490234e-01
2.066842615604400635e-01
2.614383995532989502e-01
2.335059195756912231e-01
2.747126519680023193e-01
3.419586122035980225e-01
2.650318443775177002e-01
2.824338078498840332e-01
3.891030848026275635e-01
2.602033913135528564e-01
3.317189514636993408e-01
3.913106322288513184e-01
2.329686880111694336e-01
2.759676277637481689e-01
1.609239280223846436e-01
2.326794862747192383e-01
2.451900094747543335e-01
2.120896130800247192e-01
3.282834887504577637e-01
2.471059709787368774e-01
2.511152327060699463e-01
2.299095243215560913e-01
2.375772148370742798e-01
2.032231539487838745e-01
2.088731974363327026e-01
2.752942144870758057e-01
3.835367262363433838e-01
2.342501878738403320e-01
2.010501921176910400e-01
2.220838963985443115e-01
2.087544947862625122e-01
2.425829917192459106e-01
2.897205054759979248e-01
3.033598661422729492e-01
2.168473154306411743e-01
1.968990713357925415e-01
2.296511828899383545e-01
3.873198330402374268e-01
2.785345315933227539e-01
2.250746786594390869e-01
2.454123944044113159e-01
2.398715466260910034e-01
4.181213974952697754e-01
2.093218863010406494e-01
2.108039706945419312e-01
2.989977896213531494e-01
2.397847473621368408e-01
2.562346458435058594e-01
2.408097535371780396e-01
1.970038563013076782e-01
3.263717889785766602e-01
2.538444399833679199e-01
2.645060718059539795e-01
2.208785414695739746e-01
2.672272920608520508e-01
2.097396701574325562e-01
3.079504668712615967e-01
2.813792824745178223e-01
2.443497031927108765e-01
1.821367889642715454e-01
3.833221495151519775e-01
3.018078207969665527e-01
3.098788857460021973e-01
2.302851676940917969e-01
1.936154961585998535e-01
2.492769956588745117e-01
3.456949591636657715e-01
2.080325633287429810e-01
2.960923016071319580e-01
2.734303772449493408e-01
3.095070123672485352e-01
1.790740787982940674e-01
4.760708808898925781e-01
2.810088098049163818e-01
2.837331295013427734e-01
3.149444758892059326e-01
2.266695350408554077e-01
3.198705017566680908e-01
3.813337683677673340e-01
2.751202285289764404e-01
3.746243715286254883e-01
2.831638455390930176e-01
2.484619170427322388e-01
1.939751654863357544e-01
2.022113800048828125e-01
2.119827717542648315e-01
2.836123108863830566e-01
2.648101747035980225e-01
2.100459784269332886e-01
2.557390928268432617e-01
2.982119321823120117e-01
3.093641996383666992e-01
2.131306976079940796e-01
3.217791318893432617e-01
3.894217610359191895e-01
2.462504059076309204e-01
3.031066954135894775e-01
2.484745383262634277e-01
2.574552595615386963e-01
2.701176702976226807e-01
2.339183539152145386e-01
2.836737334728240967e-01
2.507275938987731934e-01
3.536477088928222656e-01
3.145281076431274414e-01
4.113405644893646240e-01
3.552376329898834229e-01
2.168326526880264282e-01
2.608185410499572754e-01
2.367284893989562988e-01
2.143207341432571411e-01
2.564463913440704346e-01
2.702045738697052002e-01
2.051097899675369263e-01
2.212640643119812012e-01
2.925979495048522949e-01
2.747724354267120361e-01
2.275241911411285400e-01
2.232497185468673706e-01
2.383311837911605835e-01
2.134073525667190552e-01
3.135505914688110352e-01
1.688322871923446655e-01
3.375746309757232666e-01
2.371737957000732422e-01
2.381187081336975098e-01
2.713199853897094727e-01
2.073477655649185181e-01
2.505451440811157227e-01
2.413173764944076538e-01
2.652350664138793945e-01
2.209161669015884399e-01
2.344335764646530151e-01
2.665034234523773193e-01
2.467981427907943726e-01
2.872546017169952393e-01
2.989930510520935059e-01
1.821952313184738159e-01
2.280659228563308716e-01
3.141568601131439209e-01
1.891318261623382568e-01
2.869870662689208984e-01
2.472344934940338135e-01
1.606165021657943726e-01
2.737888395786285400e-01
2.397369742393493652e-01
2.100951373577117920e-01
2.430711686611175537e-01
2.814598977565765381e-01
2.018673568964004517e-01
3.302876055240631104e-01
3.020206391811370850e-01
2.947926223278045654e-01
2.184633910655975342e-01
3.218417167663574219e-01
2.193120419979095459e-01
2.108310312032699585e-01
2.268347889184951782e-01
2.026657909154891968e-01
2.856093049049377441e-01
2.642171680927276611e-01
3.450576961040496826e-01
3.879270553588867188e-01
2.603531479835510254e-01
1.926433295011520386e-01
2.674848139286041260e-01
5.332517027854919434e-01
2.295126318931579590e-01
3.120218813419342041e-01
3.469007313251495361e-01
2.753257155418395996e-01
2.620749473571777344e-01
3.079591691493988037e-01
4.501725137233734131e-01
1.936171352863311768e-01
3.600550889968872070e-01
2.990897595882415771e-01
2.467189878225326538e-01
2.241774350404739380e-01
2.880127131938934326e-01
3.126654028892517090e-01
2.544989883899688721e-01
1.946214139461517334e-01
3.782345354557037354e-01
4.228965640068054199e-01
2.382414788007736206e-01
2.334880530834197998e-01
2.585493624210357666e-01
2.455257922410964966e-01
2.902992665767669678e-01
5.267412066459655762e-01
2.747265398502349854e-01
3.371743261814117432e-01
2.185310125350952148e-01
2.126054167747497559e-01
2.290035933256149292e-01
2.877188622951507568e-01
2.729275822639465332e-01
1.289062649011611938e-01
2.415306121110916138e-01
2.367564886808395386e-01
2.671441733837127686e-01
3.799078464508056641e-01
2.473249733448028564e-01
2.001720964908599854e-01
2.464589029550552368e-01
1.890729963779449463e-01
2.844626903533935547e-01
2.350076138973236084e-01
2.722957432270050049e-01
2.714125812053680420e-01
2.185454517602920532e-01
3.046071827411651611e-01
2.460353225469589233e-01
2.898174822330474854e-01
2.637872695922851562e-01
2.810279726982116699e-01
2.075609415769577026e-01
2.326947748661041260e-01
2.518851161003112793e-01
2.003672569990158081e-01
3.042145967483520508e-01
2.459609508514404297e-01
3.282945752143859863e-01
3.003880381584167480e-01
2.696923613548278809e-01
2.988301515579223633e-01
2.841393351554870605e-01
2.339305877685546875e-01
2.699671387672424316e-01
2.412025630474090576e-01
2.536885440349578857e-01
2.489763796329498291e-01
2.209844142198562622e-01
2.509019076824188232e-01
2.968640029430389404e-01
4.187229275703430176e-01
1.917082816362380981e-01
2.672484815120697021e-01
3.164083957672119141e-01
2.574380040168762207e-01
2.873961925506591797e-01
2.686547935009002686e-01
2.658074200153350830e-01
3.341800570487976074e-01
2.973441779613494873e-01
2.781665921211242676e-01
2.388764321804046631e-01
1.816215366125106812e-01
2.170360386371612549e-01
2.476624846458435059e-01
2.720719575881958008e-01
4.258536398410797119e-01
1.803267747163772583e-01
2.932217717170715332e-01
2.415854334831237793e-01
2.085180580615997314e-01
2.851302921772003174e-01
2.076067626476287842e-01
2.227509170770645142e-01
2.253270447254180908e-01
1.868441104888916016e-01
2.765918374061584473e-01
2.305531203746795654e-01
2.413440942764282227e-01
2.234793305397033691e-01
3.668872117996215820e-01
1.777610331773757935e-01
3.762079179286956787e-01
5.512424111366271973e-01
2.973757684230804443e-01
3.407485485076904297e-01
3.103221952915191650e-01
2.283929586410522461e-01
2.062708735466003418e-01
2.005662471055984497e-01
3.021653592586517334e-01
2.105964273214340210e-01
3.561860620975494385e-01
3.482120633125305176e-01
2.075552195310592651e-01
2.005055546760559082e-01
2.317449301481246948e-01
2.775185108184814453e-01
2.219357788562774658e-01
1.990135461091995239e-01
2.304591238498687744e-01
2.667613029479980469e-01
3.458657562732696533e-01
2.534674704074859619e-01
2.759289741516113281e-01
3.111737966537475586e-01
2.755485475063323975e-01
3.008102774620056152e-01
3.212714195251464844e-01
2.498567849397659302e-01
2.597630023956298828e-01
3.159789443016052246e-01
2.241419106721878052e-01
1.861285716295242310e-01
2.685720920562744141e-01
2.732226550579071045e-01
2.412042766809463501e-01
3.221614956855773926e-01
2.985356450080871582e-01
1.934743076562881470e-01
2.948980629444122314e-01
2.185436189174652100e-01
2.615872621536254883e-01
2.724087834358215332e-01
2.842214107513427734e-01
3.761443197727203369e-01
4.730611145496368408e-01
2.535031735897064209e-01
2.317983359098434448e-01
2.310432642698287964e-01
2.407183647155761719e-01
2.667871415615081787e-01
2.046816498041152954e-01
2.942737042903900146e-01
2.668502330780029297e-01
2.502931952476501465e-01
2.452620118856430054e-01
2.570054531097412109e-01
3.294314444065093994e-01
2.916305065155029297e-01
2.209881395101547241e-01
2.332387119531631470e-01
2.502709031105041504e-01
1.906131058931350708e-01
2.099978178739547729e-01
2.464831620454788208e-01
2.282267510890960693e-01
1.827852278947830200e-01
4.235863983631134033e-01
2.439607828855514526e-01
2.705776393413543701e-01
3.328789174556732178e-01
2.295188456773757935e-01
2.457069903612136841e-01
2.585484683513641357e-01
2.488697469234466553e-01
2.969765365123748779e-01
2.207519859075546265e-01
2.044754624366760254e-01
2.439672946929931641e-01
2.499460130929946899e-01
3.358873426914215088e-01
2.951201498508453369e-01
3.293849229812622070e-01
2.679639756679534912e-01
2.298065572977066040e-01
2.207165211439132690e-01
2.630054056644439697e-01
3.914811015129089355e-01
2.502025663852691650e-01
2.354171872138977051e-01
2.359822541475296021e-01
2.945421338081359863e-01
2.205402553081512451e-01
2.419096678495407104e-01
2.425619959831237793e-01
2.526369988918304443e-01
2.002813369035720825e-01
2.776491641998291016e-01
2.098045349121093750e-01
3.200216293334960938e-01
2.433817684650421143e-01
2.064726054668426514e-01
2.927024960517883301e-01
2.615144550800323486e-01
2.784842252731323242e-01
2.408207058906555176e-01
2.092078626155853271e-01
3.247829377651214600e-01
2.058612108230590820e-01
2.435549348592758179e-01
1.860319375991821289e-01
1.992493569850921631e-01
2.423820048570632935e-01
2.597200870513916016e-01
2.977841496467590332e-01
2.527812123298645020e-01
2.639951407909393311e-01
2.075022161006927490e-01
2.720317542552947998e-01
3.239460885524749756e-01
3.661445081233978271e-01
3.448913693428039551e-01
2.939394712448120117e-01
2.882713973522186279e-01
2.274697124958038330e-01
2.520980834960937500e-01
3.157780766487121582e-01
2.323602885007858276e-01
3.636399209499359131e-01
4.770205914974212646e-01
2.879913151264190674e-01
2.589229345321655273e-01
5.717907547950744629e-01
1.942926496267318726e-01
2.615541219711303711e-01
2.603259682655334473e-01
2.332822829484939575e-01
1.759013980627059937e-01
1.372193098068237305e-01
3.479727506637573242e-01
3.783588707447052002e-01
2.838732302188873291e-01
1.962027102708816528e-01
2.350525110960006714e-01
2.086625099182128906e-01
3.383537530899047852e-01
3.541646301746368408e-01
2.487382441759109497e-01
1.973546743392944336e-01
2.463129460811614990e-01
2.327326089143753052e-01
2.667668759822845459e-01
3.486515879631042480e-01
2.650351524353027344e-01
2.675442099571228027e-01
3.650743365287780762e-01
2.121349424123764038e-01
2.776403725147247314e-01
3.312682509422302246e-01
2.377365082502365112e-01
2.690148353576660156e-01
2.517237663269042969e-01
2.267019152641296387e-01
2.333591431379318237e-01
2.015303224325180054e-01
2.227730005979537964e-01
2.545329034328460693e-01
4.388682544231414795e-01
2.949493527412414551e-01
2.188482284545898438e-01
2.229950726032257080e-01
2.185447067022323608e-01
3.152298033237457275e-01
2.485698908567428589e-01
2.253964096307754517e-01
3.078283369541168213e-01
2.526022493839263916e-01
2.277447581291198730e-01
2.418000102043151855e-01
2.282058894634246826e-01
2.292626798152923584e-01
3.441371619701385498e-01
2.633136510848999023e-01
2.401417195796966553e-01
1.996298283338546753e-01
2.344220131635665894e-01
2.826619148254394531e-01
2.397494912147521973e-01
2.543622255325317383e-01
2.368659526109695435e-01
2.974607944488525391e-01
1.596832573413848877e-01
2.229427695274353027e-01
2.519720792770385742e-01
2.979527413845062256e-01
2.165712565183639526e-01
2.356420457363128662e-01
2.267504036426544189e-01
2.281394898891448975e-01
2.034316062927246094e-01
3.027477264404296875e-01
3.285297155380249023e-01
2.466872781515121460e-01
2.718449831008911133e-01
2.405719757080078125e-01
3.409948348999023438e-01
2.187236100435256958e-01
2.936601936817169189e-01
3.054029941558837891e-01
2.660291790962219238e-01
2.437063902616500854e-01
2.588878273963928223e-01
2.850902974605560303e-01
3.195016384124755859e-01
2.301125675439834595e-01
3.003058433532714844e-01
1.890690773725509644e-01
2.811236977577209473e-01
3.184494972229003906e-01
2.280217856168746948e-01
4.687121510505676270e-01
1.944711357355117798e-01
2.555033564567565918e-01
3.598934113979339600e-01
2.799436151981353760e-01
4.024559557437896729e-01
3.105470240116119385e-01
2.873876094818115234e-01
3.086043596267700195e-01
3.034198582172393799e-01
2.936045527458190918e-01
3.826519846916198730e-01
3.018712103366851807e-01
2.123488485813140869e-01
1.842345297336578369e-01
2.897127568721771240e-01
3.405769765377044678e-01
1.894737333059310913e-01
2.845470607280731201e-01
2.393313199281692505e-01
2.740964889526367188e-01
2.596991956233978271e-01
3.091576397418975830e-01
1.692930757999420166e-01
2.728341221809387207e-01
4.451119303703308105e-01
2.411505728960037231e-01
3.236461877822875977e-01
3.211500942707061768e-01
2.998940348625183105e-01
2.509399950504302979e-01
2.252859175205230713e-01
2.416694462299346924e-01
2.607902288436889648e-01
2.939558327198028564e-01
4.133553802967071533e-01
2.340520322322845459e-01
2.513621151447296143e-01
1.721642762422561646e-01
2.448635697364807129e-01
2.269746661186218262e-01
3.365927338600158691e-01
4.319961369037628174e-01
2.854360640048980713e-01
2.831606864929199219e-01
2.180134803056716919e-01
1.909301877021789551e-01
2.901176214218139648e-01
3.719747066497802734e-01
2.309947758913040161e-01
2.427699416875839233e-01
2.188564091920852661e-01
3.031133413314819336e-01
5.049349069595336914e-01
2.643677592277526855e-01
2.126450091600418091e-01
2.787346243858337402e-01
2.327560931444168091e-01
2.207222580909729004e-01
3.323046565055847168e-01
6.883518099784851074e-01
1.763696372509002686e-01
2.646376788616180420e-01
2.067649811506271362e-01
3.242208957672119141e-01
2.261411696672439575e-01
3.592698872089385986e-01
2.277734428644180298e-01
2.836525440216064453e-01
2.994650304317474365e-01
3.273844420909881592e-01
2.513174116611480713e-01
2.260034680366516113e-01
3.250359594821929932e-01
3.025463223457336426e-01
1.944347620010375977e-01
2.683738470077514648e-01
2.304324060678482056e-01
2.449667155742645264e-01
2.458014339208602905e-01
2.437261641025543213e-01
3.223840594291687012e-01
5.186836719512939453e-01
2.503183484077453613e-01
2.159216552972793579e-01
2.654189467430114746e-01
2.558320760726928711e-01
1.707767397165298462e-01
2.714871764183044434e-01
2.690908014774322510e-01
2.661437988281250000e-01
3.417074382305145264e-01
3.215931057929992676e-01
2.651848196983337402e-01
2.506271302700042725e-01
2.463672161102294922e-01
1.957202851772308350e-01
2.463887035846710205e-01
2.428201586008071899e-01
2.718530893325805664e-01
2.328384667634963989e-01
2.048618197441101074e-01
3.786005079746246338e-01
5.092861056327819824e-01
2.752527594566345215e-01
2.527288794517517090e-01
2.475300729274749756e-01
2.622840404510498047e-01
2.703234553337097168e-01
2.932972908020019531e-01
2.613627016544342041e-01
1.965002417564392090e-01
2.750786542892456055e-01
3.717189431190490723e-01
2.597538828849792480e-01
3.181395232677459717e-01
2.443245351314544678e-01
2.915283739566802979e-01
1.965945810079574585e-01
2.557652294635772705e-01
2.545463442802429199e-01
1.824622601270675659e-01
2.907430529594421387e-01
2.942751348018646240e-01
2.093311250209808350e-01
3.660609722137451172e-01
2.393342256546020508e-01
2.319494336843490601e-01
2.757944166660308838e-01
2.071343064308166504e-01
3.048849105834960938e-01
2.819998562335968018e-01
2.664066255092620850e-01
2.382520735263824463e-01
1.665822118520736694e-01
2.878307104110717773e-01
2.360207736492156982e-01
3.594631254673004150e-01
5.563725829124450684e-01
2.941623926162719727e-01
1.703594475984573364e-01
2.370436340570449829e-01
2.320901900529861450e-01
3.493522107601165771e-01
2.490977495908737183e-01
2.546599805355072021e-01
2.544634044170379639e-01
3.024787604808807373e-01
3.116025328636169434e-01
2.526496052742004395e-01
2.450591325759887695e-01
2.094620615243911743e-01
3.228748440742492676e-01
1.972824484109878540e-01
2.320566624402999878e-01
2.209252864122390747e-01
2.285062074661254883e-01
2.714216411113739014e-01
2.795398533344268799e-01
3.730341792106628418e-01
2.553677558898925781e-01
2.386606782674789429e-01
2.299802750349044800e-01
2.750107944011688232e-01
1.406337022781372070e-01
3.964418172836303711e-01
2.917602956295013428e-01
1.827007681131362915e-01
2.422058284282684326e-01
2.196497917175292969e-01
2.343872487545013428e-01
2.610051631927490234e-01
2.107842564582824707e-01
2.950707972049713135e-01
2.033803462982177734e-01
2.351496964693069458e-01
2.620902657508850098e-01
2.389383316040039062e-01
2.613447904586791992e-01
2.312461435794830322e-01
2.460386008024215698e-01
2.622862756252288818e-01
1.947145611047744751e-01
2.469945847988128662e-01
2.712945044040679932e-01
2.331193983554840088e-01
2.899208068847656250e-01
2.535819113254547119e-01
2.457669079303741455e-01
3.657722473144531250e-01
2.923802137374877930e-01
2.065768092870712280e-01
2.015128433704376221e-01
2.055928260087966919e-01
6.285951137542724609e-01
2.626627385616302490e-01
2.507612109184265137e-01
2.371138632297515869e-01
3.507939875125885010e-01
2.269734144210815430e-01
2.202560007572174072e-01
2.471375614404678345e-01
3.268176317214965820e-01
3.151716589927673340e-01
3.258368074893951416e-01
2.092067599296569824e-01
3.341767787933349609e-01
2.298597395420074463e-01
3.172398209571838379e-01
2.705377936363220215e-01
3.086158335208892822e-01
2.204117923974990845e-01
2.502052485942840576e-01
1.717774868011474609e-01
2.405388355255126953e-01
3.377318084239959717e-01
2.582767307758331299e-01
3.588953018188476562e-01
2.581159174442291260e-01
2.928774654865264893e-01
3.165627419948577881e-01
1.963566988706588745e-01
2.481454014778137207e-01
3.039627075195312500e-01
2.137742489576339722e-01
2.873620092868804932e-01
2.742867469787597656e-01
2.339497059583663940e-01
1.865697354078292847e-01
2.173300832509994507e-01
2.515393197536468506e-01
2.590291798114776611e-01
2.120518237352371216e-01
2.674172818660736084e-01
2.565880715847015381e-01
3.502396643161773682e-01
2.048115432262420654e-01
2.170192897319793701e-01
1.547069847583770752e-01
1.994991898536682129e-01
2.207159996032714844e-01
2.904959917068481445e-01
2.751339972019195557e-01
2.180142700672149658e-01
2.700615227222442627e-01
2.600776851177215576e-01
5.325748324394226074e-01
2.726493477821350098e-01
3.069264292716979980e-01
2.463099807500839233e-01
2.895503938198089600e-01
2.052788883447647095e-01
3.755993545055389404e-01
2.311134487390518188e-01
2.308849245309829712e-01
3.274789154529571533e-01
2.577656805515289307e-01
2.024775445461273193e-01
1.839263141155242920e-01
2.280609905719757080e-01
2.882470190525054932e-01
3.292041122913360596e-01
2.132309228181838989e-01
1.516845375299453735e-01
2.538873851299285889e-01
3.043605089187622070e-01
3.123101294040679932e-01
3.715842664241790771e-01
2.661353349685668945e-01
1.572716087102890015e-01
2.421657294034957886e-01
1.992592066526412964e-01
2.673058807849884033e-01
1.898328065872192383e-01
1.738397926092147827e-01
3.442819416522979736e-01
1.889044344425201416e-01
2.180632948875427246e-01
3.079863786697387695e-01
4.355790317058563232e-01
2.848406434059143066e-01
3.511343598365783691e-01
3.333965241909027100e-01
1.791687905788421631e-01
2.246201783418655396e-01
2.310835570096969604e-01
2.624747157096862793e-01
2.431912720203399658e-01
3.033673763275146484e-01
2.838783860206604004e-01
2.409393936395645142e-01
2.515475451946258545e-01
2.685103714466094971e-01
2.879783511161804199e-01
2.834419608116149902e-01
3.988943099975585938e-01
2.540880441665649414e-01
1.968370676040649414e-01
2.187649756669998169e-01
1.931533217430114746e-01
2.861984372138977051e-01
2.404845207929611206e-01
1.645006388425827026e-01
2.572536766529083252e-01
2.668400406837463379e-01
2.039496153593063354e-01
2.980296313762664795e-01
3.002085387706756592e-01
1.956337094306945801e-01
3.789786994457244873e-01
4.178162515163421631e-01
5.936978459358215332e-01
2.534253299236297607e-01
3.321356773376464844e-01
2.697057723999023438e-01
6.227335333824157715e-01
1.867431998252868652e-01
2.367843538522720337e-01
2.813848555088043213e-01
2.473828792572021484e-01
2.763242423534393311e-01
2.525872290134429932e-01
2.833267152309417725e-01
1.755087375640869141e-01
2.551248967647552490e-01
1.996548622846603394e-01
2.870125174522399902e-01
2.573853433132171631e-01
1.753326952457427979e-01
3.188683688640594482e-01
1.618857383728027344e-01
4.033593833446502686e-01
1.838677227497100830e-01
2.316464483737945557e-01
3.646861910820007324e-01
2.410099655389785767e-01
1.983074694871902466e-01
2.065758705139160156e-01
2.385755628347396851e-01
2.090509682893753052e-01
2.793882191181182861e-01
2.257670313119888306e-01
2.800926566123962402e-01
3.683981895446777344e-01
2.570910453796386719e-01
2.883334457874298096e-01
2.391593754291534424e-01
2.395063191652297974e-01
3.390885293483734131e-01
2.615524530410766602e-01
2.512342333793640137e-01
2.603127956390380859e-01
2.871747612953186035e-01
1.519840508699417114e-01
5.491253733634948730e-01
2.569646537303924561e-01
2.187888771295547485e-01
1.800380200147628784e-01
2.503011822700500488e-01
2.739172577857971191e-01
7.309276461601257324e-01
3.832585811614990234e-01
2.820627689361572266e-01
2.404842227697372437e-01
3.827196955680847168e-01
2.496056854724884033e-01
2.576542794704437256e-01
3.733271956443786621e-01
2.997397482395172119e-01
2.766297757625579834e-01
2.018864154815673828e-01
2.533684074878692627e-01
2.397212833166122437e-01
3.193759322166442871e-01
3.330957293510437012e-01
2.537386417388916016e-01
1.850617825984954834e-01
6.206117272377014160e-01
4.368892312049865723e-01
2.761766016483306885e-01
3.899234831333160400e-01
8.050447106361389160e-01
1.537783741950988770e-01
2.320770472288131714e-01
2.998091876506805420e-01
2.501150369644165039e-01
2.089856415987014771e-01
2.290116101503372192e-01
3.217554986476898193e-01
3.247837126255035400e-01
2.109638303518295288e-01
2.435450106859207153e-01
1.808129549026489258e-01
2.277817577123641968e-01
3.776269555091857910e-01
3.781751692295074463e-01
2.517085969448089600e-01
2.072008401155471802e-01
2.458645403385162354e-01
2.652207314968109131e-01
2.441337853670120239e-01
3.121220767498016357e-01
1.817621737718582153e-01
2.643180787563323975e-01
2.653997540473937988e-01
2.741289436817169189e-01
2.979383766651153564e-01
2.370097488164901733e-01
2.849849462509155273e-01
2.338589727878570557e-01
2.652741372585296631e-01
2.397110611200332642e-01
1.815245896577835083e-01
2.784046232700347900e-01
2.238638997077941895e-01
2.428391575813293457e-01
3.547799885272979736e-01
2.087528407573699951e-01
2.039189487695693970e-01
2.317378222942352295e-01
2.540806829929351807e-01
2.684336900711059570e-01
2.230025082826614380e-01
2.868597507476806641e-01
3.112276792526245117e-01
3.964958190917968750e-01
1.994343549013137817e-01
2.359018325805664062e-01
3.240704536437988281e-01
2.722767293453216553e-01
2.272651195526123047e-01
2.621185183525085449e-01
2.118956446647644043e-01
2.266641855239868164e-01
2.092898339033126831e-01
2.004987597465515137e-01
2.397028654813766479e-01
2.098243832588195801e-01
2.200941294431686401e-01
3.370702564716339111e-01
2.493181526660919189e-01
2.095956653356552124e-01
3.314886093139648438e-01
2.131938934326171875e-01
3.699404597282409668e-01
1.977753937244415283e-01
2.736808657646179199e-01
2.790992558002471924e-01
2.524010837078094482e-01
2.607483565807342529e-01
1.878640800714492798e-01
2.530222833156585693e-01
3.136880397796630859e-01
2.892658114433288574e-01
2.836347818374633789e-01
2.881395816802978516e-01
3.780633509159088135e-01
2.759577333927154541e-01
1.970562636852264404e-01
2.674425840377807617e-01
2.294778078794479370e-01
2.735344171524047852e-01
2.214622050523757935e-01
2.379013001918792725e-01
2.152042984962463379e-01
1.683493852615356445e-01
1.913587898015975952e-01
2.163136303424835205e-01
3.040395677089691162e-01
2.882807254791259766e-01
2.392333298921585083e-01
2.727506756782531738e-01
2.137817740440368652e-01
4.074284732341766357e-01
2.966021001338958740e-01
1.805812269449234009e-01
2.621792256832122803e-01
2.653863430023193359e-01
2.711479067802429199e-01
2.979149818420410156e-01
3.084118962287902832e-01
2.784801125526428223e-01
2.592361569404602051e-01
1.754733026027679443e-01
2.150270640850067139e-01
3.017062246799468994e-01
2.965082526206970215e-01
3.139287531375885010e-01
2.313523441553115845e-01
2.329020053148269653e-01
2.234357893466949463e-01
3.257864117622375488e-01
1.871596425771713257e-01
3.670827150344848633e-01
2.910409569740295410e-01
2.078470885753631592e-01
2.358790338039398193e-01
3.932973444461822510e-01
2.630180120468139648e-01
2.432480603456497192e-01
8.403624296188354492e-01
2.122644037008285522e-01
2.758474946022033691e-01
2.457546442747116089e-01
2.027433961629867554e-01
2.170819789171218872e-01
2.165107727050781250e-01
2.505745589733123779e-01
2.387991696596145630e-01
2.520363032817840576e-01
3.208588063716888428e-01
3.483287990093231201e-01
2.262084782123565674e-01
2.553043961524963379e-01
3.164351880550384521e-01
2.884405255317687988e-01
2.634334266185760498e-01
2.167415916919708252e-01
2.498735934495925903e-01
2.881729006767272949e-01
2.934294641017913818e-01
2.129138559103012085e-01
3.049063980579376221e-01
2.441892921924591064e-01
2.587187290191650391e-01
3.863549530506134033e-01
2.544102668762207031e-01
2.388348281383514404e-01
2.348050177097320557e-01
3.766936659812927246e-01
2.481284290552139282e-01
2.486814260482788086e-01
4.060662388801574707e-01
2.280389219522476196e-01
2.636437714099884033e-01
2.288282662630081177e-01
3.505125343799591064e-01
2.576681971549987793e-01
2.194160223007202148e-01
2.996852099895477295e-01
2.278006523847579956e-01
3.370996415615081787e-01
3.279124498367309570e-01
2.097867727279663086e-01
3.209421634674072266e-01
2.174906581640243530e-01
2.401888817548751831e-01
3.196418881416320801e-01
1.996876448392868042e-01
2.260745763778686523e-01
2.276114821434020996e-01
3.059723377227783203e-01
2.505390048027038574e-01
3.519182503223419189e-01
3.819604516029357910e-01
3.078919053077697754e-01
2.266514003276824951e-01
2.313189506530761719e-01
3.036102950572967529e-01
2.047339677810668945e-01
2.485083639621734619e-01
2.143740504980087280e-01
3.954745233058929443e-01
2.663680315017700195e-01
2.721432447433471680e-01
2.105660736560821533e-01
3.085765540599822998e-01
5.043633580207824707e-01
3.500722050666809082e-01
3.085417747497558594e-01
3.786042332649230957e-01
4.078609347343444824e-01
2.347580194473266602e-01
1.952637434005737305e-01
2.828094959259033203e-01
2.098625749349594116e-01
2.704851329326629639e-01
1.929408609867095947e-01
2.718375921249389648e-01
4.443903267383575439e-01
2.397789806127548218e-01
2.396094650030136108e-01
3.018134534358978271e-01
2.338155806064605713e-01
3.136703670024871826e-01
3.077861666679382324e-01
2.388398647308349609e-01
2.318946868181228638e-01
2.125162482261657715e-01
2.628319561481475830e-01
2.878032624721527100e-01
2.307884693145751953e-01
2.106637805700302124e-01
2.820184528827667236e-01
2.445193976163864136e-01
1.784431636333465576e-01
2.793555855751037598e-01
2.239657342433929443e-01
2.296353727579116821e-01
2.787182331085205078e-01
2.294341921806335449e-01
4.247194528579711914e-01
2.656001448631286621e-01
2.032314687967300415e-01
2.497152239084243774e-01
4.365574717521667480e-01
2.636183798313140869e-01
2.002590894699096680e-01
2.666225433349609375e-01
2.941043078899383545e-01
3.081379532814025879e-01
2.842238545417785645e-01
2.237129211425781250e-01
1.991202682256698608e-01
2.921152412891387939e-01
4.348537325859069824e-01
2.061167955398559570e-01
2.206728607416152954e-01
2.776907384395599365e-01
2.744664847850799561e-01
2.002073824405670166e-01
4.629576802253723145e-01
2.413357496261596680e-01
2.829073965549468994e-01
2.476442456245422363e-01
4.822549521923065186e-01
2.916133105754852295e-01
2.252575606107711792e-01
2.073459327220916748e-01
3.016622960567474365e-01
2.009819597005844116e-01
2.173717468976974487e-01
3.874605298042297363e-01
3.091171681880950928e-01
2.464285194873809814e-01
3.168503940105438232e-01
3.139970302581787109e-01
2.504446208477020264e-01
2.269957065582275391e-01
2.035447210073471069e-01
2.234930247068405151e-01
2.012050151824951172e-01
2.039554268121719360e-01
3.369727730751037598e-01
3.542988002300262451e-01
2.669899761676788330e-01
2.681862711906433105e-01
3.002603650093078613e-01
2.649572789669036865e-01
5.109350085258483887e-01
2.075659036636352539e-01
2.934334874153137207e-01
4.336835443973541260e-01
2.311063706874847412e-01
2.504563033580780029e-01
3.266076743602752686e-01
2.124727517366409302e-01
1.818633675575256348e-01
5.116651654243469238e-01
2.569325268268585205e-01
2.279892265796661377e-01
3.409257233142852783e-01
3.453000783920288086e-01
2.497163861989974976e-01
2.758286893367767334e-01
2.973904311656951904e-01
3.140890002250671387e-01
2.114673107862472534e-01
2.193724215030670166e-01
2.002928853034973145e-01
2.961712479591369629e-01
2.875773906707763672e-01
3.677439987659454346e-01
2.526864707469940186e-01
2.013897299766540527e-01
2.483996748924255371e-01
2.197210490703582764e-01
1.829588711261749268e-01
4.483248889446258545e-01
2.489100843667984009e-01
2.306304126977920532e-01
2.605064511299133301e-01
2.704923450946807861e-01
2.302450090646743774e-01
2.423662990331649780e-01
2.392777949571609497e-01
2.479849457740783691e-01
3.125611543655395508e-01
2.600740194320678711e-01
2.742586433887481689e-01
2.845280468463897705e-01
3.205743432044982910e-01
2.762078344821929932e-01
3.004332482814788818e-01
3.115658462047576904e-01
3.344479203224182129e-01
2.258968502283096313e-01
2.553029358386993408e-01
2.946910560131072998e-01
1.720579266548156738e-01
2.513506412506103516e-01
2.158981710672378540e-01
2.551995217800140381e-01
2.684241235256195068e-01
1.789941042661666870e-01
2.312809228897094727e-01
1.841794699430465698e-01
2.278160005807876587e-01
1.724552661180496216e-01
2.435640394687652588e-01
1.762682944536209106e-01
1.782789528369903564e-01
2.752240598201751709e-01
2.553167641162872314e-01
2.285948395729064941e-01
3.055362999439239502e-01
2.224710285663604736e-01
2.872329950332641602e-01
2.706732749938964844e-01
3.479157388210296631e-01
2.740877866744995117e-01
2.635626792907714844e-01
2.194603532552719116e-01
2.557657063007354736e-01
2.332136631011962891e-01
2.028299719095230103e-01
2.525724172592163086e-01
4.066682457923889160e-01
1.523758620023727417e-01
3.115767240524291992e-01
3.112854659557342529e-01
1.928687542676925659e-01
1.597654372453689575e-01
2.034453302621841431e-01
2.297651469707489014e-01
3.042689859867095947e-01
2.229493409395217896e-01
2.334550023078918457e-01
6.215965747833251953e-01
2.500818967819213867e-01
4.599566459655761719e-01
2.457803487777709961e-01
2.375766187906265259e-01
2.635641992092132568e-01
2.202259302139282227e-01
2.650987803936004639e-01
2.335343062877655029e-01
2.090238630771636963e-01
4.956787228584289551e-01
1.982610225677490234e-01
2.392442375421524048e-01
2.289638966321945190e-01
2.645002901554107666e-01
2.873871922492980957e-01
2.513006329536437988e-01
2.263814061880111694e-01
2.567849457263946533e-01
2.112625688314437866e-01
2.329182177782058716e-01
3.354292213916778564e-01
2.498989105224609375e-01
2.379419654607772827e-01
2.422865033149719238e-01
2.677714228630065918e-01
2.813700139522552490e-01
2.561432123184204102e-01
2.375971823930740356e-01
3.670124113559722900e-01
1.493972837924957275e-01
3.456200361251831055e-01
2.753149569034576416e-01
2.306939214468002319e-01
2.029836922883987427e-01
5.050177574157714844e-01
2.512545883655548096e-01
1.989494413137435913e-01
3.063272833824157715e-01
2.105017900466918945e-01
1.930826157331466675e-01
2.176411598920822144e-01
1.499272882938385010e-01
3.351159095764160156e-01
2.989350259304046631e-01
2.423268705606460571e-01
2.696014344692230225e-01
2.024649381637573242e-01
2.074757665395736694e-01
3.044818937778472900e-01
2.845732867717742920e-01
1.720254570245742798e-01
2.606541514396667480e-01
2.754310369491577148e-01
2.533017992973327637e-01
2.431043684482574463e-01
2.029250562191009521e-01
2.794432342052459717e-01
2.044344693422317505e-01
2.122581750154495239e-01
2.431238591670989990e-01
1.940121501684188843e-01
1.944264620542526245e-01
2.595486938953399658e-01
2.361354529857635498e-01
2.818039953708648682e-01
3.488209545612335205e-01
2.626202106475830078e-01
2.435630410909652710e-01
1.727890223264694214e-01
2.492351830005645752e-01
2.422330677509307861e-01
1.974963247776031494e-01
2.610540986061096191e-01
3.437924385070800781e-01
3.721908628940582275e-01
2.638379633426666260e-01
3.598849177360534668e-01
2.004678696393966675e-01
2.598087489604949951e-01
1.797866076231002808e-01
2.316292971372604370e-01
2.649536430835723877e-01
2.631503045558929443e-01
2.527696490287780762e-01
2.496662884950637817e-01
2.070011645555496216e-01
2.975869774818420410e-01
2.259038984775543213e-01
3.286118805408477783e-01
2.813313603401184082e-01
3.153524100780487061e-01
2.317350804805755615e-01
4.215312600135803223e-01
5.540438294410705566e-01
4.021832346916198730e-01
2.783619463443756104e-01
2.547363042831420898e-01
3.022385835647583008e-01
1.658952832221984863e-01
2.671762108802795410e-01
3.488430380821228027e-01
3.029311895370483398e-01
2.383829951286315918e-01
2.056373655796051025e-01
3.030160963535308838e-01
2.694611549377441406e-01
2.120955437421798706e-01
2.726925015449523926e-01
3.287340700626373291e-01
2.392165511846542358e-01
2.188943326473236084e-01
2.498178929090499878e-01
2.530779242515563965e-01
3.990358412265777588e-01
3.919457793235778809e-01
2.610874176025390625e-01
2.855745851993560791e-01
3.400696218013763428e-01
2.452781200408935547e-01
3.679428398609161377e-01
2.163021564483642578e-01
3.279523849487304688e-01
2.817801237106323242e-01
2.698243856430053711e-01
1.903754621744155884e-01
2.493074685335159302e-01
2.619188427925109863e-01
3.617033660411834717e-01
2.592091262340545654e-01
2.851691544055938721e-01
2.927055358886718750e-01
2.207723110914230347e-01
2.023410797119140625e-01
2.885759770870208740e-01
2.185629904270172119e-01
2.624712586402893066e-01
2.211384475231170654e-01
2.539652884006500244e-01
2.716268599033355713e-01
3.772166073322296143e-01
2.449077963829040527e-01
2.343648523092269897e-01
2.730017006397247314e-01
1.831616312265396118e-01
3.362998664379119873e-01
2.316268086433410645e-01
2.689179182052612305e-01
2.307817041873931885e-01
2.024026215076446533e-01
2.430427521467208862e-01
1.944711655378341675e-01
2.235252857208251953e-01
2.319607883691787720e-01
2.545000910758972168e-01
2.275906503200531006e-01
2.633191645145416260e-01
2.937839031219482422e-01
2.740220129489898682e-01
2.971497774124145508e-01
3.915492296218872070e-01
3.025480806827545166e-01
2.054706513881683350e-01
2.011689841747283936e-01
2.467295527458190918e-01
2.609457671642303467e-01
2.128113359212875366e-01
3.023551106452941895e-01
5.836422443389892578e-01
2.978459000587463379e-01
2.992880344390869141e-01
2.043497115373611450e-01
2.410438805818557739e-01
3.274426162242889404e-01
2.981531023979187012e-01
2.517634630203247070e-01
2.390714734792709351e-01
2.314321696758270264e-01
2.365909516811370850e-01
2.753280997276306152e-01
3.331382274627685547e-01
2.089553177356719971e-01
1.811036169528961182e-01
2.659036517143249512e-01
2.394114583730697632e-01
2.336216121912002563e-01
1.846861541271209717e-01
2.917602360248565674e-01
2.240746468305587769e-01
2.861321866512298584e-01
3.062199354171752930e-01
3.221315741539001465e-01
2.364819645881652832e-01
2.311274260282516479e-01
3.234381973743438721e-01
2.814055085182189941e-01
3.581760525703430176e-01
2.144492268562316895e-01
4.033309519290924072e-01
5.103433728218078613e-01
2.970518767833709717e-01
4.603961706161499023e-01
2.510028481483459473e-01
2.631222307682037354e-01
2.344823777675628662e-01
2.572393417358398438e-01
3.027530312538146973e-01
1.902576833963394165e-01
2.768745124340057373e-01
2.073495984077453613e-01
2.234201729297637939e-01
2.602795064449310303e-01
2.570699751377105713e-01
1.912668794393539429e-01
2.306245565414428711e-01
2.757191956043243408e-01
4.728532135486602783e-01
2.135434299707412720e-01
2.240648865699768066e-01
3.008765876293182373e-01
1.953200399875640869e-01
3.558643162250518799e-01
2.575500905513763428e-01
2.573627531528472900e-01
2.519721686840057373e-01
2.207724750041961670e-01
2.509135007858276367e-01
2.714531719684600830e-01
2.231736481189727783e-01
2.297247350215911865e-01
2.391535639762878418e-01
2.814642786979675293e-01
2.580825686454772949e-01
2.238975614309310913e-01
2.245756536722183228e-01
2.491877228021621704e-01
2.409750074148178101e-01
2.788153886795043945e-01
3.720233738422393799e-01
2.330002486705780029e-01
2.247962355613708496e-01
2.976028919219970703e-01
5.649504661560058594e-01
1.698244214057922363e-01
2.454355508089065552e-01
2.539817392826080322e-01
2.814718484878540039e-01
3.816739320755004883e-01
2.039437592029571533e-01
1.580553203821182251e-01
3.084470927715301514e-01
2.036028504371643066e-01
2.091941237449645996e-01
2.510050237178802490e-01
4.812128841876983643e-01
4.730120301246643066e-01
1.891917288303375244e-01
2.026535272598266602e-01
2.948439121246337891e-01
2.916634082794189453e-01
2.296303808689117432e-01
1.690314114093780518e-01
1.859095394611358643e-01
2.003401517868041992e-01
3.249781131744384766e-01
2.196696549654006958e-01
2.349063158035278320e-01
1.821492165327072144e-01
2.120085209608078003e-01
2.275582253932952881e-01
2.320708185434341431e-01
2.606722414493560791e-01
4.925459027290344238e-01
2.623207271099090576e-01
2.734880447387695312e-01
2.163078486919403076e-01
2.425251454114913940e-01
2.296201884746551514e-01
2.225618064403533936e-01
3.342501223087310791e-01
1.853162348270416260e-01
2.180855274200439453e-01
2.409431040287017822e-01
2.331531196832656860e-01
2.695892751216888428e-01
3.716011047363281250e-01
2.492815852165222168e-01
2.764049768447875977e-01
2.282450348138809204e-01
3.352184891700744629e-01
2.140469253063201904e-01
2.167107015848159790e-01
3.169469833374023438e-01
2.276382297277450562e-01
2.313563078641891479e-01
3.960899114608764648e-01
2.758250534534454346e-01
2.748104035854339600e-01
3.470597267150878906e-01
2.269354015588760376e-01
3.267526328563690186e-01
2.492112666368484497e-01
2.293812185525894165e-01
4.493074417114257812e-01
2.053380310535430908e-01
3.039566576480865479e-01
2.034056931734085083e-01
2.168096154928207397e-01
2.789910137653350830e-01
2.598318755626678467e-01
4.602030515670776367e-01
3.215208947658538818e-01
2.037941813468933105e-01
2.126799523830413818e-01
4.559838473796844482e-01
2.461790591478347778e-01
2.003356963396072388e-01
2.523734867572784424e-01
2.198400497436523438e-01
2.358294278383255005e-01
2.511352300643920898e-01
2.032630592584609985e-01
4.595435559749603271e-01
2.313645631074905396e-01
2.891898155212402344e-01
2.329854220151901245e-01
2.185767889022827148e-01
2.667791843414306641e-01
2.104760706424713135e-01
1.990435868501663208e-01
2.490516901016235352e-01
2.505618631839752197e-01
2.003448754549026489e-01
2.860992848873138428e-01
2.205576449632644653e-01
3.208695054054260254e-01
2.374650090932846069e-01
2.118434160947799683e-01
1.961779296398162842e-01
2.034860402345657349e-01
3.318211734294891357e-01
4.097454547882080078e-01
3.079635202884674072e-01
2.253004014492034912e-01
2.616219520568847656e-01
2.734543085098266602e-01
2.048387378454208374e-01
2.456120699644088745e-01
2.741774618625640869e-01
2.024602591991424561e-01
2.261270880699157715e-01
1.679636538028717041e-01
2.981629371643066406e-01
3.066076934337615967e-01
2.739035785198211670e-01
2.772970795631408691e-01
1.871315687894821167e-01
2.788661122322082520e-01
2.415418922901153564e-01
3.131004869937896729e-01
3.896756172180175781e-01
3.494149446487426758e-01
2.968828678131103516e-01
2.365411669015884399e-01
2.846166789531707764e-01
2.306771576404571533e-01
2.945992350578308105e-01
2.830407619476318359e-01
2.570836246013641357e-01
3.287226557731628418e-01
2.514712512493133545e-01
3.399367630481719971e-01
2.771452665328979492e-01
2.313535362482070923e-01
2.385918647050857544e-01
2.578007876873016357e-01
3.260817229747772217e-01
2.337080985307693481e-01
2.408304065465927124e-01
4.370222091674804688e-01
2.992200553417205811e-01
2.095294594764709473e-01
2.251590192317962646e-01
2.287944853305816650e-01
2.715329825878143311e-01
2.141944468021392822e-01
2.357568144798278809e-01
2.881898283958435059e-01
1.876827478408813477e-01
2.357664257287979126e-01
2.397173643112182617e-01
2.704840004444122314e-01
2.513801455497741699e-01
3.829088807106018066e-01
2.073988914489746094e-01
2.305337786674499512e-01
2.763525843620300293e-01
2.741603553295135498e-01
2.894989550113677979e-01
3.219454288482666016e-01
2.465324699878692627e-01
2.225228250026702881e-01
2.836546599864959717e-01
2.773450613021850586e-01
3.406810462474822998e-01
2.145056575536727905e-01
2.333887219429016113e-01
1.742087751626968384e-01
2.030467838048934937e-01
3.628223538398742676e-01
1.817621290683746338e-01
2.243732959032058716e-01
2.832205295562744141e-01
3.633930385112762451e-01
2.344560474157333374e-01
1.970749497413635254e-01
2.241784334182739258e-01
2.477257996797561646e-01
1.924360990524291992e-01
1.656496971845626831e-01
2.369212508201599121e-01
2.371665537357330322e-01
2.466077208518981934e-01
4.726558625698089600e-01
2.462803572416305542e-01
3.069230318069458008e-01
2.554324567317962646e-01
3.173531591892242432e-01
2.794056236743927002e-01
2.474342882633209229e-01
2.558534145355224609e-01
2.393601387739181519e-01
2.454819381237030029e-01
4.129017591476440430e-01
2.547079026699066162e-01
2.190989404916763306e-01
2.338466942310333252e-01
2.141529470682144165e-01
2.165441662073135376e-01
4.346760213375091553e-01
2.994081079959869385e-01
2.106074392795562744e-01
2.164942175149917603e-01
2.400332838296890259e-01
2.730064988136291504e-01
2.287686169147491455e-01
3.054823875427246094e-01
2.170075923204421997e-01
2.900501787662506104e-01
3.590129315853118896e-01
3.103391826152801514e-01
2.789255976676940918e-01
2.228181362152099609e-01
2.157990634441375732e-01
2.663673162460327148e-01
2.615891695022583008e-01
3.141629099845886230e-01
2.825733423233032227e-01
2.455727308988571167e-01
2.524603009223937988e-01
2.259069085121154785e-01
2.152741849422454834e-01
2.736219167709350586e-01
2.365034371614456177e-01
1.716318726539611816e-01
2.273437082767486572e-01
2.029713094234466553e-01
2.391128242015838623e-01
2.622684836387634277e-01
3.146950900554656982e-01
3.152874410152435303e-01
2.463587522506713867e-01
2.227352708578109741e-01
2.351887673139572144e-01
5.625869631767272949e-01
2.772702276706695557e-01
3.272747993469238281e-01
2.879639267921447754e-01
3.107672929763793945e-01
2.617201209068298340e-01
2.033922374248504639e-01
2.726820707321166992e-01
2.845961153507232666e-01
2.048321366310119629e-01
3.113857209682464600e-01
1.746847778558731079e-01
2.137979865074157715e-01
2.753012180328369141e-01
2.803488075733184814e-01
2.944425642490386963e-01
2.152338624000549316e-01
3.004115223884582520e-01
2.625027298927307129e-01
3.318320214748382568e-01
2.673148810863494873e-01
4.552306830883026123e-01
2.514583766460418701e-01
2.525933384895324707e-01
2.335072308778762817e-01
3.026281893253326416e-01
2.294180840253829956e-01
3.012367188930511475e-01
2.081563025712966919e-01
3.373347520828247070e-01
2.234660983085632324e-01
3.362014591693878174e-01
2.021692544221878052e-01
2.342655509710311890e-01
1.680041849613189697e-01
2.614111900329589844e-01
2.414566129446029663e-01
2.559553384780883789e-01
3.466322124004364014e-01
3.140144348144531250e-01
2.683934867382049561e-01
2.116398662328720093e-01
3.964649438858032227e-01
2.407998740673065186e-01
2.929882705211639404e-01
2.264069765806198120e-01
1.690753400325775146e-01
3.473315238952636719e-01
3.929954469203948975e-01
2.275923788547515869e-01
2.370490878820419312e-01
2.048868685960769653e-01
2.108897715806961060e-01
1.714543700218200684e-01
3.156889975070953369e-01
2.592485249042510986e-01
3.516093790531158447e-01
1.926540285348892212e-01
2.463858574628829956e-01
3.263948261737823486e-01
5.754591822624206543e-01
1.767016947269439697e-01
2.659302651882171631e-01
2.858541607856750488e-01
2.068535685539245605e-01
1.911749541759490967e-01
2.198744118213653564e-01
1.920041143894195557e-01
2.872259914875030518e-01
2.515957951545715332e-01
2.885270416736602783e-01
4.214394688606262207e-01
2.718793749809265137e-01
2.474594563245773315e-01
1.644444316625595093e-01
2.145891785621643066e-01
2.736820280551910400e-01
2.823162972927093506e-01
2.806682586669921875e-01
3.062975406646728516e-01
2.082604914903640747e-01
2.517148554325103760e-01
3.946643471717834473e-01
3.181067407131195068e-01
2.424642145633697510e-01
2.040023058652877808e-01
2.638989686965942383e-01
2.486946284770965576e-01
2.904351353645324707e-01
2.122766375541687012e-01
3.371286690235137939e-01
2.624543309211730957e-01
2.283488959074020386e-01
2.338079810142517090e-01
2.222989052534103394e-01
3.750966489315032959e-01
2.870211601257324219e-01
2.990210950374603271e-01
2.677049934864044189e-01
2.736806571483612061e-01
2.813785970211029053e-01
2.288226336240768433e-01
2.935666739940643311e-01
2.813371121883392334e-01
2.467048764228820801e-01
2.396091669797897339e-01
2.634540200233459473e-01
2.558351457118988037e-01
2.437003403902053833e-01
3.355352282524108887e-01
3.427683711051940918e-01
2.261542826890945435e-01
2.063945978879928589e-01
2.222306877374649048e-01
3.009898364543914795e-01
2.183382958173751831e-01
2.544856369495391846e-01
2.243045121431350708e-01
1.930420100688934326e-01
3.855535387992858887e-01
3.027473986148834229e-01
3.619567751884460449e-01
2.660618722438812256e-01
2.335890829563140869e-01
1.996398568153381348e-01
1.833029389381408691e-01
2.045443356037139893e-01
4.494220316410064697e-01
2.015405893325805664e-01
3.262679576873779297e-01
1.118499487638473511e-01
2.602069377899169922e-01
2.661108374595642090e-01
2.202095985412597656e-01
2.488674968481063843e-01
1.987928748130798340e-01
2.120332121849060059e-01
2.940709590911865234e-01
3.830873668193817139e-01
3.966701030731201172e-01
2.683368623256683350e-01
1.841901242733001709e-01
3.394374549388885498e-01
2.650855779647827148e-01
2.420034557580947876e-01
2.334377616643905640e-01
2.364432513713836670e-01
1.906254887580871582e-01
2.310103327035903931e-01
1.875771880149841309e-01
2.438637316226959229e-01
2.556379437446594238e-01
2.319286167621612549e-01
2.499438226222991943e-01
3.329478800296783447e-01
2.131779193878173828e-01
2.570118904113769531e-01
2.718606293201446533e-01
3.072525560855865479e-01
2.830554544925689697e-01
2.554353475570678711e-01
4.106009304523468018e-01
2.428348660469055176e-01
3.454163968563079834e-01
2.120740860700607300e-01
2.652662098407745361e-01
2.814914286136627197e-01
2.430390715599060059e-01
2.816226184368133545e-01
1.807073652744293213e-01
2.419907152652740479e-01
2.053144276142120361e-01
2.731032073497772217e-01
2.162858694791793823e-01
1.847142875194549561e-01
3.013749122619628906e-01
3.278185129165649414e-01
3.366523087024688721e-01
2.498524636030197144e-01
2.392906397581100464e-01
2.663525938987731934e-01
2.701808810234069824e-01
2.055042237043380737e-01
2.446101456880569458e-01
2.816753685474395752e-01
1.515899598598480225e-01
2.128308713436126709e-01
2.100724577903747559e-01
2.227782607078552246e-01
1.949401795864105225e-01
3.108403682708740234e-01
2.158203274011611938e-01
3.475588858127593994e-01
1.632212102413177490e-01
2.383352071046829224e-01
2.253555506467819214e-01
2.541220784187316895e-01
2.504085600376129150e-01
1.808418184518814087e-01
2.894591391086578369e-01
3.915611207485198975e-01
1.981190443038940430e-01
2.178453356027603149e-01
2.133209556341171265e-01
2.262020260095596313e-01
2.592238187789916992e-01
2.651771008968353271e-01
2.998334765434265137e-01
3.100033402442932129e-01
4.009745121002197266e-01
3.100124299526214600e-01
4.032939970493316650e-01
3.441025018692016602e-01
3.257719576358795166e-01
3.089989721775054932e-01
2.133878916501998901e-01
2.067254781723022461e-01
3.294349014759063721e-01
2.129779011011123657e-01
3.117493391036987305e-01
2.368758469820022583e-01
2.551605999469757080e-01
2.761267125606536865e-01
1.615746468305587769e-01
3.228918910026550293e-01
3.149443566799163818e-01
2.267081141471862793e-01
2.637229561805725098e-01
2.720850408077239990e-01
2.750982940196990967e-01
1.844583004713058472e-01
3.064450621604919434e-01
1.658174395561218262e-01
1.934508085250854492e-01
4.317496120929718018e-01
3.219617903232574463e-01
2.631217539310455322e-01
2.232906371355056763e-01
2.391870617866516113e-01
1.877911686897277832e-01
2.530722022056579590e-01
3.100127875804901123e-01
8.983428478240966797e-01
2.387194633483886719e-01
2.335569262504577637e-01
1.822874844074249268e-01
2.617270946502685547e-01
2.624375522136688232e-01
2.803051471710205078e-01
1.954300403594970703e-01
3.458212614059448242e-01
2.402592003345489502e-01
2.392979711294174194e-01
2.318520098924636841e-01
2.434808462858200073e-01
2.335547953844070435e-01
2.902404963970184326e-01
2.101176232099533081e-01
4.096366465091705322e-01
2.296827733516693115e-01
3.269925713539123535e-01
2.484453171491622925e-01
2.088401615619659424e-01
2.062404155731201172e-01
2.075686007738113403e-01
1.872846782207489014e-01
2.257936149835586548e-01
1.909887194633483887e-01
2.245105206966400146e-01
1.803334802389144897e-01
2.701123058795928955e-01
2.525587975978851318e-01
