-6.529091596603393555e-01
-4.060795307159423828e-01
2.664921283721923828e-01
-2.812836766242980957e-01
-8.868655562400817871e-02
-3.466421961784362793e-01
-1.184739321470260620e-01
-1.502096580452416674e-07
2.163170129060745239e-01
-2.933729588985443115e-01
-3.562957942485809326e-01
1.238034605979919434e+00
-1.371292173862457275e-01
-2.185049057006835938e-01
-3.451259732246398926e-01
-2.084987983107566833e-02
-4.188673198223114014e-01
7.947176694869995117e-01
-3.732099831104278564e-01
-3.145686388015747070e-01
-2.570413351058959961e-01
-1.525805443525314331e-01
-1.802484691143035889e-01
-1.199784094296774128e-08
-4.355898201465606689e-01
-1.910565942525863647e-01
-3.030204474925994873e-01
2.847690305785022247e-09
-2.584925889968872070e-01
-3.301290571689605713e-01
-8.828104473650455475e-03
2.296303808689117432e-01
1.909616589546203613e-02
-1.391814798116683960e-01
-3.106376826763153076e-01
-5.045277476310729980e-01
-2.346676886081695557e-01
-2.423528432846069336e-01
-3.049798905849456787e-01
3.705359101295471191e-01
-1.410627663135528564e-01
-1.281504333019256592e-01
-3.331449329853057861e-01
-4.969555437564849854e-01
-2.496395111083984375e-01
-3.510108888149261475e-01
-4.171235263347625732e-01
-3.309670984745025635e-01
-2.377165257930755615e-01
-4.895637929439544678e-01
-2.400584146380424500e-02
-3.374762535095214844e-01
9.853198379278182983e-02
-3.660127818584442139e-01
-3.879567235708236694e-02
-6.935393810272216797e-01
-9.130582512284490804e-09
-2.667978703975677490e-01
-6.682550690584321273e-08
1.128989458084106445e+00
-1.582178622484207153e-01
-1.157484576106071472e-02
-4.571400880813598633e-01
-1.195841282606124878e-01
