5.994981620460748672e-04
1.204403699375689030e-03
9.222694206982851028e-04
5.870810127817094326e-04
9.141678456217050552e-04
1.029853825457394123e-03
8.610656368546187878e-04
9.805653244256973267e-04
7.869431283324956894e-04
6.949545932002365589e-04
3.509699308779090643e-04
5.849096341989934444e-04
9.524770430289208889e-04
1.413777237758040428e-03
8.659573504701256752e-04
1.131080789491534233e-03
1.068649580702185631e-03
5.700063193216919899e-04
6.874401587992906570e-04
6.092441035434603691e-04
6.462382152676582336e-04
8.699794416315853596e-04
7.371820393018424511e-04
6.303298869170248508e-04
1.130193122662603855e-03
1.257236115634441376e-03
5.768714472651481628e-04
6.356271915137767792e-04
7.134555489756166935e-04
6.568195531144738197e-04
6.473214598372578621e-04
6.746186991222202778e-04
7.531755836680531502e-04
7.247208268381655216e-04
1.465386245399713516e-03
7.236395031213760376e-04
9.243611712008714676e-04
7.925556274130940437e-04
3.201520768925547600e-03
1.287760562263429165e-03
6.916194106452167034e-04
6.738516385667026043e-04
6.144419312477111816e-04
5.795983597636222839e-04
4.304735339246690273e-04
1.190612092614173889e-03
6.450372166000306606e-04
9.228012058883905411e-04
7.773239631205797195e-04
1.053568208590149879e-03
5.702840862795710564e-04
7.015331648290157318e-04
9.457232663407921791e-04
9.003774030134081841e-04
9.799890685826539993e-04
7.322467281483113766e-04
5.715158185921609402e-04
7.126427371986210346e-04
9.775120997801423073e-04
7.237283280119299889e-04
7.278505363501608372e-04
6.224052049219608307e-04
9.396987734362483025e-04
6.282709073275327682e-04
5.225035129114985466e-04
1.742349355481564999e-03
1.108470838516950607e-03
8.269957615993916988e-04
7.062942604534327984e-04
6.104352651163935661e-04
8.153246017172932625e-04
7.331089000217616558e-04
7.146856514737010002e-04
4.508664715103805065e-04
1.077534048818051815e-03
4.637738747987896204e-04
6.248803692869842052e-04
1.073581399396061897e-03
8.722436614334583282e-04
6.842120201326906681e-04
4.581123066600412130e-04
7.824249332770705223e-04
1.260717283003032207e-03
6.561757181771099567e-04
1.009525265544652939e-03
1.379156135953962803e-03
8.040714892558753490e-04
7.971277809701859951e-04
1.388177275657653809e-03
1.013074535876512527e-03
8.888947777450084686e-04
5.218038568273186684e-04
9.183947695419192314e-04
9.326279396191239357e-04
9.182352223433554173e-04
1.060246140696108341e-03
9.079984738491475582e-04
9.140142938122153282e-04
4.633799835573881865e-04
7.589374436065554619e-04
4.790454404428601265e-04
8.011674508452415466e-04
6.347966846078634262e-04
9.330092580057680607e-04
8.552763611078262329e-04
8.765463717281818390e-04
8.618925348855555058e-04
5.694137653335928917e-04
7.394327549263834953e-04
7.839735480956733227e-04
9.635047172196209431e-04
8.349362760782241821e-04
4.244780575390905142e-04
1.472653588280081749e-03
1.002577133476734161e-03
8.534282096661627293e-04
4.429911496117711067e-04
8.223686018027365208e-04
4.953069728799164295e-04
1.274503418244421482e-03
1.095458166673779488e-03
8.544674492441117764e-04
5.164702888578176498e-04
9.173897560685873032e-04
7.633155910298228264e-04
4.315946134738624096e-04
1.067416742444038391e-03
9.392011561430990696e-04
8.811667212285101414e-04
1.295287744142115116e-03
1.310815801844000816e-03
6.471978849731385708e-04
5.336100584827363491e-04
1.133411307819187641e-03
1.137826824560761452e-03
1.117283245548605919e-03
5.463483394123613834e-04
9.448304190300405025e-04
9.570564725436270237e-04
8.601489826105535030e-04
8.372737793251872063e-04
4.262811562512069941e-04
5.872186738997697830e-04
7.111819577403366566e-04
4.900093772448599339e-04
7.560065132565796375e-04
7.564547122456133366e-04
7.395272259600460529e-04
4.450638080015778542e-04
1.361638191156089306e-03
1.054768799804151058e-03
7.170325843617320061e-04
8.306222152896225452e-04
7.041813223622739315e-04
7.038096082396805286e-04
1.237290794961154461e-03
9.796568192541599274e-04
1.207510125823318958e-03
8.427098509855568409e-04
6.825825548730790615e-04
6.914008408784866333e-04
4.893763107247650623e-04
1.032735221087932587e-03
1.004652003757655621e-03
5.727823008783161640e-04
5.906648002564907074e-04
8.180051227100193501e-04
1.049667247571051121e-03
5.424152477644383907e-04
5.167481722310185432e-04
1.380978152155876160e-03
7.921552751213312149e-04
6.953942938707768917e-04
7.817450095899403095e-04
9.190944838337600231e-04
7.261888822540640831e-04
8.561556460335850716e-04
6.180945201776921749e-04
9.553681593388319016e-04
8.807280100882053375e-04
3.944918862544000149e-04
7.458830950781702995e-04
1.425786176696419716e-03
9.890941437333822250e-04
4.385896900203078985e-04
7.621734985150396824e-04
7.946048863232135773e-04
7.928789709694683552e-04
6.059277220629155636e-04
1.371078309603035450e-03
5.457141087390482426e-04
5.994845414534211159e-04
6.127944216132164001e-04
7.470368873327970505e-04
8.606698829680681229e-04
8.443326223641633987e-04
7.816607831045985222e-04
7.365301717072725296e-04
8.892611949704587460e-04
4.978131037205457687e-04
1.047547324560582638e-03
7.618995150551199913e-04
7.378314039669930935e-04
1.019130577333271503e-03
4.663023864850401878e-04
1.135787926614284515e-03
5.635293782688677311e-04
7.712448714300990105e-04
7.939339848235249519e-04
7.599470554850995541e-04
8.979255217127501965e-04
6.006595212966203690e-04
1.035503228195011616e-03
6.979922181926667690e-04
5.433325422927737236e-04
6.341707194223999977e-04
9.613602887839078903e-04
1.303625991567969322e-03
8.254513959400355816e-04
5.527814500965178013e-04
1.133309444412589073e-03
8.143385639414191246e-04
6.740207318216562271e-04
1.014549285173416138e-03
6.205005338415503502e-04
9.196156752295792103e-04
9.230576106347143650e-04
1.004327437840402126e-03
8.943464490585029125e-04
7.374194101430475712e-04
6.064042099751532078e-04
9.171196143142879009e-04
6.653873133473098278e-04
6.563689676113426685e-04
5.345607060007750988e-04
6.622850196436047554e-04
1.255524228326976299e-03
1.147949602454900742e-03
8.603469468653202057e-04
7.988581783138215542e-04
1.039102091453969479e-03
5.095858359709382057e-04
8.229656959883868694e-04
1.040476607158780098e-03
7.176668732427060604e-04
8.376348414458334446e-04
9.797081584110856056e-04
1.002720440737903118e-03
8.164463215507566929e-04
7.988805882632732391e-04
8.591086952947080135e-04
5.510125192813575268e-04
9.412531508132815361e-04
7.607791922055184841e-04
5.290344706736505032e-04
4.993780748918652534e-04
8.803161326795816422e-04
1.004839083179831505e-03
7.641938864253461361e-04
6.542590563185513020e-04
8.587483316659927368e-04
6.738767842762172222e-04
8.015910862013697624e-04
3.385167801752686501e-04
6.998337921686470509e-04
9.900606237351894379e-04
6.029980722814798355e-04
8.940020925365388393e-04
8.122851140797138214e-04
1.025405945256352425e-03
5.798201891593635082e-04
7.124514086171984673e-04
8.576039108447730541e-04
7.993954932317137718e-04
1.113807316869497299e-03
2.064305444946512580e-04
6.406025495380163193e-04
5.295469891279935837e-04
1.063975272700190544e-03
1.219462370499968529e-03
9.362209239043295383e-04
7.189696189016103745e-04
7.656145025976002216e-04
3.448177012614905834e-04
6.925463676452636719e-04
9.143947972916066647e-04
8.016486535780131817e-04
6.255946937017142773e-04
6.737603689543902874e-04
1.295201247557997704e-03
7.887938409112393856e-04
8.049108437262475491e-04
7.802604814060032368e-04
6.519391317851841450e-04
6.417137919925153255e-04
1.031193998642265797e-03
9.236689656972885132e-04
6.010873476043343544e-04
6.886493065394461155e-04
4.363886255305260420e-04
1.161622116342186928e-03
1.133918180130422115e-03
9.176895837299525738e-04
7.859489996917545795e-04
7.250434136949479580e-04
9.288915316574275494e-04
7.378463633358478546e-04
6.444239406846463680e-04
1.014053937979042530e-03
3.913497203029692173e-04
1.547188847325742245e-03
7.825793582014739513e-04
7.506651454605162144e-04
9.318997617810964584e-04
5.789789720438420773e-04
6.445529288612306118e-04
8.502570562995970249e-04
8.102911524474620819e-04
6.167706451378762722e-04
8.288326789624989033e-04
7.460105698555707932e-04
9.891721419990062714e-04
6.794891669414937496e-04
8.121920400299131870e-04
5.819781217724084854e-04
4.341613675933331251e-04
3.338233509566634893e-04
7.218818063847720623e-04
7.820499595254659653e-04
8.099596016108989716e-04
5.187260103411972523e-04
1.857964554801583290e-03
6.438223645091056824e-04
5.709061515517532825e-04
7.030314882285892963e-04
6.925237248651683331e-04
9.307799045927822590e-04
5.492945783771574497e-04
4.568861331790685654e-04
7.799402810633182526e-04
7.160159875638782978e-04
7.122390670701861382e-04
7.130359881557524204e-04
1.401076791808009148e-03
5.040934192948043346e-04
1.251012668944895267e-03
1.009837607853114605e-03
7.318768184632062912e-04
7.103672833181917667e-04
9.705518023110926151e-04
6.353892385959625244e-04
6.741944816894829273e-04
4.304845351725816727e-04
9.398965048603713512e-04
6.131631671451032162e-04
9.735209168866276741e-04
8.407723507843911648e-04
6.861748988740146160e-04
5.024694837629795074e-04
6.767800659872591496e-04
6.693852483294904232e-04
3.855432732962071896e-04
6.626714603044092655e-04
5.444183479994535446e-04
7.577764336019754410e-04
8.213921100832521915e-04
6.069789524190127850e-04
7.096291519701480865e-04
1.035999855957925320e-03
5.338847404345870018e-04
1.287252875044941902e-03
7.622216362506151199e-04
5.453028716146945953e-04
7.198658422566950321e-04
7.525358814746141434e-04
2.826323325280100107e-04
6.823746953159570694e-04
8.477371302433311939e-04
5.627380451187491417e-04
8.651164243929088116e-04
1.316840876825153828e-03
7.855421281419694424e-04
9.252158342860639095e-04
1.239449251443147659e-03
7.337448187172412872e-04
4.333856632001698017e-04
8.922896813601255417e-04
6.809228216297924519e-04
1.389364129863679409e-03
9.865163592621684074e-04
7.592277252115309238e-04
7.367439102381467819e-04
5.221175379119813442e-04
8.876593201421201229e-04
8.172997040674090385e-04
6.352230557240545750e-04
8.469434105791151524e-04
6.981192273087799549e-04
7.731466321274638176e-04
5.285181687213480473e-04
5.055002984590828419e-04
7.072989246807992458e-04
1.001728815026581287e-03
6.402722792699933052e-04
9.528330410830676556e-04
9.091710671782493591e-04
4.429169639479368925e-04
8.074757643043994904e-04
5.795941688120365143e-04
1.324950484558939934e-03
7.017346215434372425e-04
1.072294311597943306e-03
8.539743139408528805e-04
1.084934920072555542e-03
1.174036529846489429e-03
6.501525640487670898e-04
7.559388177469372749e-04
7.278527482412755489e-04
7.412392296828329563e-04
7.186096045188605785e-04
6.747510633431375027e-04
5.811443552374839783e-04
4.274004604667425156e-04
6.944978958927094936e-04
8.237649453803896904e-04
7.502413354814052582e-04
6.957851001061499119e-04
1.071782666258513927e-03
6.125296931713819504e-04
1.193225383758544922e-03
8.770187268964946270e-04
1.579269883222877979e-03
7.300549186766147614e-04
1.057602930814027786e-03
8.794456953182816505e-04
9.341472177766263485e-04
7.102084928192198277e-04
7.311430526897311211e-04
5.837665521539747715e-04
6.864516180939972401e-04
5.651576211676001549e-04
1.004206365905702114e-03
1.344542833976447582e-03
6.436444236896932125e-04
7.972282473929226398e-04
7.287389598786830902e-04
3.012231318280100822e-04
4.851694102399051189e-04
6.325354333966970444e-04
8.069156319834291935e-04
4.284324531909078360e-04
1.202715444378554821e-03
7.286944310180842876e-04
7.807426736690104008e-04
7.740156725049018860e-04
6.088882219046354294e-04
5.611690576188266277e-04
6.810775958001613617e-04
8.991067879833281040e-04
3.209225600585341454e-03
9.332546032965183258e-04
6.953726988285779953e-04
8.245198405347764492e-04
9.587213862687349319e-04
6.601064815185964108e-04
1.005518250167369843e-03
8.667323272675275803e-04
7.133685285225510597e-04
8.043713751249015331e-04
6.329478346742689610e-04
8.400126826018095016e-04
9.209108538925647736e-04
8.961052517406642437e-04
9.959102608263492584e-04
1.032888190820813179e-03
8.712646085768938065e-04
7.693668827414512634e-03
6.686341366730630398e-04
1.101947156712412834e-03
1.111241988837718964e-03
6.741324323229491711e-04
3.658163477666676044e-04
9.059481089934706688e-04
5.398209323175251484e-04
1.137154526077210903e-03
9.062562603503465652e-04
5.606983904726803303e-04
6.873337551951408386e-04
6.379595142789185047e-04
8.706747321411967278e-04
8.854963816702365875e-04
5.576625117100775242e-04
1.737278420478105545e-03
8.349718991667032242e-04
5.496634985320270061e-04
8.510896004736423492e-04
1.141356071457266808e-03
6.730685126967728138e-04
5.816142074763774872e-04
8.676791912876069546e-04
7.491853903047740459e-04
9.064563782885670662e-04
9.186037932522594929e-04
1.358453533612191677e-03
6.007483461871743202e-04
4.546279669739305973e-04
5.918520037084817886e-04
1.182025298476219177e-03
5.780268693342804909e-04
7.001113262958824635e-04
4.679248668253421783e-04
5.305617814883589745e-04
9.370160987600684166e-04
8.506449521519243717e-04
8.341135689988732338e-04
8.517322130501270294e-04
1.190617098473012447e-03
6.620589410886168480e-04
7.208802853710949421e-04
7.395162247121334076e-04
8.734458824619650841e-04
5.470880423672497272e-04
7.677501416765153408e-04
5.861545214429497719e-04
7.915688911452889442e-04
9.355676593258976936e-04
1.316578476689755917e-03
6.505183409899473190e-04
7.175485370680689812e-04
6.948096561245620251e-04
7.934040622785687447e-04
9.098272421397268772e-04
6.438224227167665958e-04
6.480427691712975502e-04
7.974062464199960232e-04
3.579396579880267382e-04
6.846559699624776840e-04
9.119010064750909805e-04
9.875198593363165855e-04
6.670228904113173485e-04
7.838223828002810478e-04
7.400126778520643711e-04
5.686036893166601658e-04
6.355152581818401814e-04
6.403188453987240791e-04
5.265134386718273163e-04
8.030805620364844799e-04
7.253232761286199093e-04
6.956802681088447571e-04
5.919767427258193493e-04
6.589611875824630260e-04
8.241405594162642956e-04
9.380425908602774143e-04
7.127783028408885002e-04
5.988785414956510067e-04
4.760161100421100855e-04
9.575341828167438507e-04
6.266797427088022232e-04
7.126213167794048786e-04
8.190314983949065208e-04
4.544355324469506741e-04
1.086985575966536999e-03
6.126333028078079224e-04
5.234791897237300873e-04
1.779002486728131771e-03
8.555905660614371300e-04
6.434037932194769382e-04
1.000592252239584923e-03
1.520270016044378281e-03
9.448154014535248280e-04
9.881666628643870354e-04
1.247915904968976974e-03
1.027770107612013817e-03
6.502721225842833519e-04
7.945233955979347229e-04
9.907061466947197914e-04
1.037507550790905952e-03
6.013017264194786549e-04
4.807390214409679174e-04
7.536650518886744976e-04
1.135146478191018105e-03
3.750346950255334377e-04
5.993634113110601902e-04
7.787326467223465443e-04
6.671591545455157757e-04
8.289319230243563652e-04
9.217137121595442295e-04
4.323682805988937616e-04
8.183769532479345798e-04
1.380019239149987698e-03
7.043527439236640930e-04
9.905132465064525604e-04
8.923854911699891090e-04
1.167573966085910797e-03
5.691637634299695492e-04
8.695916621945798397e-04
6.882895831950008869e-04
7.592943147756159306e-04
9.327179868705570698e-04
8.034516940824687481e-04
8.458967204205691814e-04
6.353470380418002605e-04
5.747762625105679035e-04
4.696750547736883163e-04
6.578417960554361343e-04
7.016394520178437233e-04
1.257517607882618904e-03
9.720251546241343021e-04
6.897765561006963253e-04
7.028281106613576412e-04
6.393491057679057121e-04
6.501901661977171898e-04
1.115345978178083897e-03
7.153184269554913044e-04
6.989511311985552311e-04
6.292227189987897873e-04
8.679936290718615055e-04
2.777442336082458496e-03
4.518875794019550085e-04
7.799784070812165737e-04
9.250153088942170143e-04
8.500539115630090237e-04
9.128880919888615608e-04
1.159992534667253494e-03
7.554293260909616947e-04
6.380047416314482689e-04
5.475748912431299686e-04
5.369204445742070675e-04
1.005929079838097095e-03
5.499178078025579453e-04
8.451840258203446865e-04
8.277499582618474960e-04
7.612016052007675171e-04
8.230487583205103874e-04
9.368050959892570972e-04
9.993506828323006630e-04
6.780945695936679840e-04
9.498415165580809116e-04
4.526730335783213377e-04
9.940086165443062782e-04
9.825603337958455086e-04
5.726247909478843212e-04
5.229272064752876759e-04
5.802498781122267246e-04
8.413988398388028145e-04
8.451229077763855457e-04
1.039418159052729607e-03
7.433982100337743759e-04
6.180356722325086594e-04
5.708323442377150059e-04
6.632296135649085045e-04
3.666234551928937435e-04
8.361029904335737228e-04
9.000871214084327221e-04
7.348192739300429821e-04
1.208063797093927860e-03
1.069923397153615952e-03
9.024108294397592545e-04
7.127244025468826294e-04
8.279510657303035259e-04
6.443102611228823662e-04
6.491575040854513645e-04
8.881022804416716099e-04
1.343234558589756489e-03
7.780517335049808025e-04
5.880164098925888538e-04
2.007634146139025688e-03
1.858302508480846882e-03
9.100695024244487286e-04
5.729958065785467625e-04
9.858116973191499710e-04
6.364028668031096458e-04
7.654615328647196293e-04
6.439862190745770931e-04
8.359347702935338020e-04
7.880204357206821442e-04
4.912689328193664551e-04
8.418782381340861320e-04
6.092952098697423935e-04
9.489405201748013496e-04
5.605231854133307934e-04
8.814288885332643986e-04
8.098719990812242031e-04
1.133431098423898220e-03
9.632395231164991856e-04
7.098953356035053730e-04
1.137948944233357906e-03
1.194169162772595882e-03
6.207764381542801857e-04
5.685712094418704510e-04
1.032764324918389320e-03
4.629780887626111507e-04
7.664570002816617489e-04
8.938501705415546894e-04
1.064856653101742268e-03
7.887957035563886166e-04
5.729744443669915199e-04
7.953117601573467255e-04
2.889589231926947832e-04
1.125100301578640938e-03
1.926703262142837048e-03
7.505387184210121632e-04
8.248378289863467216e-04
7.862276979722082615e-04
1.726160058751702309e-03
7.370564271695911884e-04
9.961378527805209160e-04
3.680968424305319786e-03
1.207891851663589478e-03
4.345446359366178513e-04
7.912011351436376572e-04
1.105472212657332420e-03
1.559639349579811096e-03
5.006394349038600922e-04
5.566023755818605423e-04
6.863792659714818001e-04
5.153117235749959946e-04
5.998259293846786022e-04
5.000642267987132072e-04
5.914368084631860256e-04
9.777526138350367546e-04
5.897642695344984531e-04
7.074875757098197937e-04
9.600158082321286201e-04
8.399642538279294968e-04
9.023732272908091545e-04
6.432636291719973087e-04
8.619875879958271980e-04
2.871043980121612549e-04
3.759805345907807350e-03
7.810149691067636013e-04
7.094442844390869141e-04
8.026096620596945286e-04
7.285551982931792736e-04
8.751493878662586212e-04
5.222485051490366459e-04
7.705832249484956264e-04
8.743515354581177235e-04
6.377322715707123280e-04
8.269515819847583771e-04
6.546993972733616829e-04
8.069855393841862679e-04
9.026335319504141808e-04
7.273774244822561741e-04
7.949738646857440472e-04
7.589425076730549335e-04
7.181313121691346169e-04
5.342090735211968422e-04
4.914086312055587769e-04
7.702116272412240505e-04
7.940308423712849617e-04
7.426674710586667061e-04
7.431438425555825233e-04
1.267584273591637611e-03
8.045914000831544399e-04
6.101229228079319000e-04
7.044002413749694824e-04
5.850906018167734146e-04
1.755288336426019669e-03
6.737724179401993752e-04
7.447634125128388405e-04
7.161657558754086494e-04
8.644094341434538364e-04
9.071276872418820858e-04
7.986032869666814804e-04
1.461983076296746731e-03
9.099313756451010704e-04
1.014499925076961517e-03
1.131137949414551258e-03
6.905148620717227459e-04
1.179293729364871979e-03
5.394855397753417492e-04
1.060258131474256516e-03
1.751678180880844593e-03
9.169473778456449509e-04
5.188658251427114010e-04
1.102398731745779514e-03
3.079444169998168945e-03
6.664788234047591686e-04
8.193373214453458786e-04
6.444248137995600700e-04
9.779093088582158089e-04
9.770110482349991798e-04
1.072244718670845032e-03
9.258739301003515720e-04
5.321620265021920204e-04
6.560166366398334503e-04
7.676823879592120647e-04
7.109113503247499466e-04
7.943675154820084572e-04
1.067354227416217327e-03
7.091609877534210682e-04
7.232265197671949863e-04
3.136840823572129011e-04
5.155492690391838551e-04
6.750306929461658001e-04
7.010241388343274593e-04
5.712416023015975952e-04
1.478508929722011089e-03
1.232818118296563625e-03
9.159292676486074924e-04
4.736463306471705437e-04
2.159249706892296672e-04
3.566066734492778778e-04
8.521117269992828369e-04
1.177381258457899094e-03
1.069949241355061531e-03
6.870043580420315266e-04
6.772347842343151569e-04
9.197528706863522530e-04
8.531268686056137085e-04
6.975092692300677299e-04
7.440899498760700226e-04
8.320746710523962975e-04
6.441735313273966312e-04
6.112857954576611519e-04
9.823160944506525993e-04
8.980283746495842934e-04
1.251525827683508396e-03
7.113470928743481636e-04
6.886613555252552032e-04
6.818301626481115818e-04
5.833185859955847263e-04
9.429435012862086296e-04
9.056298295035958290e-04
1.117127831093966961e-03
3.718685184139758348e-04
3.342335694469511509e-04
1.006294623948633671e-03
6.444186437875032425e-04
7.052255677990615368e-04
1.414835685864090919e-03
5.464386194944381714e-04
6.883061723783612251e-04
8.995677344501018524e-04
7.439441396854817867e-04
6.356560625135898590e-04
6.639477214775979519e-04
5.272344569675624371e-04
9.818637045100331306e-04
6.045494810678064823e-04
5.899300449527800083e-04
8.584807510487735271e-04
1.164287677966058254e-03
7.756868726573884487e-04
7.975192274898290634e-04
9.850537171587347984e-04
5.473412456922233105e-04
5.128152552060782909e-04
6.915347767062485218e-04
6.680941442027688026e-04
9.915810078382492065e-04
6.173133733682334423e-04
5.190959782339632511e-04
6.396077224053442478e-04
6.257825298234820366e-04
7.057141629047691822e-04
6.368481554090976715e-04
7.095460314303636551e-04
9.621187346056103706e-04
1.085835625417530537e-03
6.406504544429481030e-04
4.742047749459743500e-04
7.508723647333681583e-04
1.015230431221425533e-03
8.893106132745742798e-04
3.371182247065007687e-04
9.695547632873058319e-04
8.418650832027196884e-04
4.957634373567998409e-04
6.477113929577171803e-04
6.581868510693311691e-04
4.207896708976477385e-04
1.479900558479130268e-03
1.549977809190750122e-03
1.243801438249647617e-03
8.062781998887658119e-04
1.091736019589006901e-03
1.093215076252818108e-03
7.672982173971831799e-04
7.296761614270508289e-04
6.335678044706583023e-04
1.240518176928162575e-03
7.965908735059201717e-04
9.361382690258324146e-04
9.169259574264287949e-04
7.905634120106697083e-04
4.330750962253659964e-04
7.356175337918102741e-04
5.215643905103206635e-04
8.405497064813971519e-04
8.015515049919486046e-04
7.712499937042593956e-04
1.376550644636154175e-03
4.321392334531992674e-04
9.054883848875761032e-04
5.314346635714173317e-04
5.418565706349909306e-04
1.349148456938564777e-03
9.447349584661424160e-04
3.428317722864449024e-04
8.565925527364015579e-04
1.018394832499325275e-03
5.534268566407263279e-04
9.044051985256373882e-04
8.862934191711246967e-04
5.839255754835903645e-04
1.054608961567282677e-03
8.743790094740688801e-04
1.101114205084741116e-03
7.884133374318480492e-04
7.870504050515592098e-04
9.585340158082544804e-04
6.878502317704260349e-04
5.115067469887435436e-04
6.152334972284734249e-04
9.856851538643240929e-04
3.535294090397655964e-04
9.848328772932291031e-04
9.530767565593123436e-04
4.683753650169819593e-04
7.563166436739265919e-04
7.537584751844406128e-04
8.778907358646392822e-04
1.358714420348405838e-03
1.640892587602138519e-03
1.039774622768163681e-03
5.048880702815949917e-04
1.064760726876556873e-03
9.498442523181438446e-04
6.314910133369266987e-04
1.178957405500113964e-03
1.071583246812224388e-03
5.459937383420765400e-04
6.639414932578802109e-04
7.011273410171270370e-04
1.023147138766944408e-03
9.800341213122010231e-04
8.520818664692342281e-04
5.327790277078747749e-04
9.253849857486784458e-04
8.329385309480130672e-04
1.733861281536519527e-03
8.238321170210838318e-04
1.086911419406533241e-03
1.093369908630847931e-03
3.539433819241821766e-04
9.236738551408052444e-04
1.056489767506718636e-03
1.016167690977454185e-03
6.950012757442891598e-04
8.916902588680386543e-04
7.502089138142764568e-04
9.095090790651738644e-04
6.497059948742389679e-04
6.256389315240085125e-04
8.368637645617127419e-04
6.764703430235385895e-04
1.080968533642590046e-03
1.320936251431703568e-03
6.921698804944753647e-04
7.885526865720748901e-04
6.305384449660778046e-04
7.715742103755474091e-04
6.750004831701517105e-04
7.830208633095026016e-04
6.411109934560954571e-04
8.891451288945972919e-04
5.027941660955548286e-04
1.037549809552729130e-03
8.807979174889624119e-04
8.977113175205886364e-04
9.018898126669228077e-04
7.763808825984597206e-04
9.858008706942200661e-04
6.922848988324403763e-04
3.306522557977586985e-04
8.168421918526291847e-04
7.951817824505269527e-04
5.654337583109736443e-04
8.831126033328473568e-04
4.943136591464281082e-04
4.553839680738747120e-04
5.752516444772481918e-04
7.165247807279229164e-04
6.753032212145626545e-04
6.894085672684013844e-04
1.011702697724103928e-03
9.805390145629644394e-04
1.157767605036497116e-03
6.664870888926088810e-04
7.933086017146706581e-04
6.466106860898435116e-04
8.312745485454797745e-04
7.651768974028527737e-04
7.808645605109632015e-04
9.354597423225641251e-04
7.149114971980452538e-04
8.401679224334657192e-04
3.679175570141524076e-04
8.869905723258852959e-04
5.786613910458981991e-04
6.480134907178580761e-04
7.482276996597647667e-04
5.645866622216999531e-04
4.472436849027872086e-04
1.038618618622422218e-03
1.073194434866309166e-03
5.180073203518986702e-04
1.265529892407357693e-03
9.351019398309290409e-04
7.384459604509174824e-04
6.439622375182807446e-04
8.770647691562771797e-04
4.265785391908138990e-04
8.154673851095139980e-04
1.122341374866664410e-03
6.915274425409734249e-04
4.003957728855311871e-04
7.352965767495334148e-04
1.077582361176609993e-03
6.758769159205257893e-04
7.935652974992990494e-04
9.239633800461888313e-04
9.340479737147688866e-04
6.168189574964344501e-04
4.238046531099826097e-04
5.468617309816181660e-04
5.394982290454208851e-04
7.560247904621064663e-04
6.127988453954458237e-04
8.520110277459025383e-04
8.886054856702685356e-04
8.902174886316061020e-04
8.435163181275129318e-04
8.367627742700278759e-04
6.714909104630351067e-04
7.984671392478048801e-04
5.608607898466289043e-04
4.407229134812951088e-04
8.853628532961010933e-04
3.615469904616475105e-04
5.218173610046505928e-04
8.720749756321310997e-04
8.948867325671017170e-04
9.757760562933981419e-04
7.887113024480640888e-04
4.680331039708107710e-04
1.092335325665771961e-03
1.097791246138513088e-03
1.244263490661978722e-03
1.424077781848609447e-03
6.946590146981179714e-04
4.405727377161383629e-04
7.506128167733550072e-04
9.557405719533562660e-04
6.674174219369888306e-04
8.715187432244420052e-04
8.032719488255679607e-04
7.419350440613925457e-04
4.487823753152042627e-04
1.048049889504909515e-03
1.226816326379776001e-03
6.822173600085079670e-04
8.126983302645385265e-04
7.145584677346050739e-04
1.018083421513438225e-03
5.738256149925291538e-04
6.380972918123006821e-04
6.947754882276058197e-04
1.085199066437780857e-03
7.596605573780834675e-04
5.935042863711714745e-04
8.370016003027558327e-04
9.387556347064673901e-04
1.009527477435767651e-03
1.666305703110992908e-03
1.041153678670525551e-03
1.044099568389356136e-03
1.250918372534215450e-03
7.164840353652834892e-04
5.863500409759581089e-04
1.312529901042580605e-03
6.525100907310843468e-04
8.471905603073537350e-04
6.971025140956044197e-04
7.728472119197249413e-04
6.972427363507449627e-04
6.031487719155848026e-04
1.284246100112795830e-03
6.599671323783695698e-04
8.845260599628090858e-04
8.434941992163658142e-04
1.180766965262591839e-03
6.047037313692271709e-04
7.279135752469301224e-04
1.653887797147035599e-03
7.573409820906817913e-04
6.302066030912101269e-04
9.595792507752776146e-04
1.046591671183705330e-03
6.039073341526091099e-04
6.977163720875978470e-04
4.229712649248540401e-04
4.619475221261382103e-04
8.871278841979801655e-04
1.814730116166174412e-03
6.020743749104440212e-04
9.789172327145934105e-04
9.945677593350410461e-04
7.952045998536050320e-04
1.905561657622456551e-03
2.180335868615657091e-04
9.006090695038437843e-04
6.000589346513152122e-04
9.629580308683216572e-04
8.180419681593775749e-04
1.181992585770785809e-03
1.054431311786174774e-03
8.624008041806519032e-04
6.861395086161792278e-04
9.631034336052834988e-04
1.001159078441560268e-03
5.831192247569561005e-04
8.972148061729967594e-04
4.873109282925724983e-04
6.814366206526756287e-04
9.163194918073713779e-04
5.884714191779494286e-04
9.432800579816102982e-04
9.423324954695999622e-04
1.480686943978071213e-03
1.389266108162701130e-03
9.795064106583595276e-04
8.751950226724147797e-04
8.045645081438124180e-04
6.728589069098234177e-04
4.520077200140804052e-04
6.287855212576687336e-04
6.182421930134296417e-04
7.476933533325791359e-04
5.988889024592936039e-04
6.446054321713745594e-04
1.272035413421690464e-03
1.048960955813527107e-03
9.064667974598705769e-04
8.310519624501466751e-04
5.711143021471798420e-04
1.200710539706051350e-03
6.663549575023353100e-04
8.944570436142385006e-04
7.811267278157174587e-04
3.732084005605429411e-04
9.413161897100508213e-04
8.147070184350013733e-04
6.117212469689548016e-04
4.904074594378471375e-04
5.671135149896144867e-04
8.692935807630419731e-04
4.754424153361469507e-04
1.218575984239578247e-03
6.711173336952924728e-04
7.149341399781405926e-04
1.689383643679320812e-03
6.706928834319114685e-04
9.902886813506484032e-04
8.355618920177221298e-04
6.055731209926307201e-04
1.083924900740385056e-03
3.719457599800080061e-04
6.988772074691951275e-04
5.138135747984051704e-04
6.603727233596146107e-04
8.128016488626599312e-04
1.154716592282056808e-03
8.975364617072045803e-04
8.673961856402456760e-04
6.312250625342130661e-04
7.751339580863714218e-04
1.476862700656056404e-03
9.305754792876541615e-04
4.168571322225034237e-04
5.488084862008690834e-04
4.743228200823068619e-04
6.710456218570470810e-04
6.709733861498534679e-04
8.493249770253896713e-04
1.130575314164161682e-03
9.156988235190510750e-04
1.595732173882424831e-03
1.008419902063906193e-03
7.691328646615147591e-04
8.458205848000943661e-04
9.096969733946025372e-04
6.112927221693098545e-04
7.245913147926330566e-04
1.563599100336432457e-03
1.032966072671115398e-03
1.068842597305774689e-03
8.388218120671808720e-04
8.492036722600460052e-04
9.940948802977800369e-04
7.192438933998346329e-04
5.359110655263066292e-04
7.428925600834190845e-04
8.260757895186543465e-04
8.260441245511174202e-04
1.140669221058487892e-03
5.992143414914608002e-04
9.614826994948089123e-04
9.307785658165812492e-04
5.757278413511812687e-04
9.912512032315135002e-04
8.398863719776272774e-04
4.555659543257206678e-04
1.187301706522703171e-03
7.139914669096469879e-04
5.335180903784930706e-04
6.222606752999126911e-04
1.388466567732393742e-03
4.456491151358932257e-04
3.481241292320191860e-04
5.269906832836568356e-04
8.110990747809410095e-04
4.975224728696048260e-04
6.420503486879169941e-04
8.331853314302861691e-04
9.694756008684635162e-04
8.315130835399031639e-04
8.878042572177946568e-04
8.525275043211877346e-04
1.094160717912018299e-03
8.766785613261163235e-04
6.471345550380647182e-04
1.203459221869707108e-03
1.015019719488918781e-03
1.289983745664358139e-03
9.635681053623557091e-04
8.523410069756209850e-04
8.408084977418184280e-04
5.356528563424944878e-04
7.510455907322466373e-04
8.041390101425349712e-04
1.197581877931952477e-03
6.483637844212353230e-04
8.263648487627506256e-04
7.964574033394455910e-04
6.044692709110677242e-04
8.119225385598838329e-04
5.877941148355603218e-04
6.921989261172711849e-04
1.028554979711771011e-03
6.162740173749625683e-04
7.142506074160337448e-04
1.027081161737442017e-03
8.234939887188374996e-04
6.977429729886353016e-04
1.159582054242491722e-03
7.952417945489287376e-04
1.039379043504595757e-03
4.466176615096628666e-04
2.573267789557576180e-03
1.066975528374314308e-03
5.236021243035793304e-04
5.109113990329205990e-04
5.860707024112343788e-04
1.185443368740379810e-03
1.113768084906041622e-03
7.035058806650340557e-04
6.199287599883973598e-04
5.623908364214003086e-04
5.656899302266538143e-04
5.840520025230944157e-04
8.046815055422484875e-04
5.549260531552135944e-04
5.294017610140144825e-04
7.876784075051546097e-04
8.596231346018612385e-04
6.654267781414091587e-04
7.765860646031796932e-04
6.676690536551177502e-04
8.490651962347328663e-04
9.839687263593077660e-04
8.227849029935896397e-04
8.792456937953829765e-04
7.906304672360420227e-04
7.048781844787299633e-04
7.614332134835422039e-04
5.148578784428536892e-04
3.728476585820317268e-04
8.570250938646495342e-04
9.265838889405131340e-04
2.986198232974857092e-04
4.694723465945571661e-04
5.869409069418907166e-04
4.465631791390478611e-04
2.598890801891684532e-03
9.525339119136333466e-04
6.747341249138116837e-04
8.379570208489894867e-04
5.606030463241040707e-04
1.000864664092659950e-03
8.861381793394684792e-04
6.892105448059737682e-04
1.026572193950414658e-03
5.660370225086808205e-04
8.711587870493531227e-04
9.948664810508489609e-04
5.220882012508809566e-04
8.064660360105335712e-04
6.320833344943821430e-04
7.651275373063981533e-04
1.101875794120132923e-03
7.985008996911346912e-04
9.466535993851721287e-04
4.615779907908290625e-04
7.304890896193683147e-04
9.121330804191529751e-04
6.324175046756863594e-04
7.641033735126256943e-04
9.708042489364743233e-04
6.350937765091657639e-04
9.813619544729590416e-04
7.641504053026437759e-04
1.218321383930742741e-03
8.516943780705332756e-04
7.309622596949338913e-04
8.010590681806206703e-04
1.216691453009843826e-03
5.942684947513043880e-04
6.440642173402011395e-04
1.220005447976291180e-03
3.969537792727351189e-04
1.064475974999368191e-03
9.537452133372426033e-04
7.450636476278305054e-04
8.129890775308012962e-04
1.762305153533816338e-03
9.223717497661709785e-04
7.106842822395265102e-04
1.003009616397321224e-03
6.565552903339266777e-04
4.642852582037448883e-04
5.180297885090112686e-04
3.670770383905619383e-04
8.938231039792299271e-04
9.666637633927166462e-04
7.875660667195916176e-04
8.751203422434628010e-04
9.820864070206880569e-04
4.450481210369616747e-04
8.669543312862515450e-04
6.608449039049446583e-04
5.462898407131433487e-04
8.866310236044228077e-04
8.345787646248936653e-04
7.559125078842043877e-04
7.653367356397211552e-04
6.992195267230272293e-04
1.535444520413875580e-03
7.598259253427386284e-04
7.205347646959125996e-04
8.423259132541716099e-04
7.072269218042492867e-04
7.602660916745662689e-04
5.931461346335709095e-04
5.938168033026158810e-04
5.321589414961636066e-04
1.025962876155972481e-03
7.844623760320246220e-04
6.544273928739130497e-04
6.538343150168657303e-04
8.378030615858733654e-04
5.154371610842645168e-04
5.330132553353905678e-04
8.180849254131317139e-04
6.997811142355203629e-04
1.047566183842718601e-03
7.171730394475162029e-04
9.895887924358248711e-04
6.941600004211068153e-04
9.208765695802867413e-04
6.279591470956802368e-04
7.326243794523179531e-04
7.607556763105094433e-04
9.375748923048377037e-04
7.192816701717674732e-04
7.795025594532489777e-04
8.405989501625299454e-04
6.090824608691036701e-04
6.908719078637659550e-04
9.420690475963056087e-04
6.129572284407913685e-04
7.580436067655682564e-04
8.063296554610133171e-04
8.726865053176879883e-04
8.423277758993208408e-04
8.876447100192308426e-04
9.143448551185429096e-04
8.542391005903482437e-04
1.039238180965185165e-03
6.307550356723368168e-04
8.523472934029996395e-04
9.571037953719496727e-04
1.161944121122360229e-03
8.131589274853467941e-04
8.556878892704844475e-04
9.964162018150091171e-04
1.024049241095781326e-03
5.427676369436085224e-04
6.755197537131607533e-04
1.364699914120137691e-03
4.603562119882553816e-04
5.141238216310739517e-04
7.843751227483153343e-04
1.025257399305701256e-03
1.110477140173316002e-03
1.285582780838012695e-03
6.191408028826117516e-04
7.046517566777765751e-04
1.231827889569103718e-03
1.047202269546687603e-03
1.360791735351085663e-03
6.375676603056490421e-04
1.009215018711984158e-03
1.032765721902251244e-03
7.961098453961312771e-04
4.896119353361427784e-04
1.011104905046522617e-03
8.439120720140635967e-04
1.139264786615967751e-03
8.406179258599877357e-04
6.410054047591984272e-04
6.917431019246578217e-04
7.815185817889869213e-04
5.250189569778740406e-04
7.147092255763709545e-04
9.069249499589204788e-04
7.418736349791288376e-04
1.059181988239288330e-03
8.172054658643901348e-04
7.917379261925816536e-04
1.194831915199756622e-03
6.435810937546193600e-04
6.747285369783639908e-04
5.742661305703222752e-04
4.006526432931423187e-04
8.421473321504890919e-04
6.641212385147809982e-04
7.563267718069255352e-04
1.004520454443991184e-03
7.835152791813015938e-04
8.868941222317516804e-04
5.882326513528823853e-04
7.936648908071219921e-04
9.986574295908212662e-04
7.987744756974279881e-04
5.889059393666684628e-04
7.989262230694293976e-04
6.226960103958845139e-04
9.240344516001641750e-04
5.916159716434776783e-04
2.331455703824758530e-03
6.814697408117353916e-04
4.772035172209143639e-04
7.969014695845544338e-04
5.869239103049039841e-04
1.022086478769779205e-03
5.853669717907905579e-04
1.283681951463222504e-03
1.133611076511442661e-03
5.666252691298723221e-04
6.148287211544811726e-04
8.760250057093799114e-04
7.873518625274300575e-04
9.820448467507958412e-04
7.353834225796163082e-04
5.753339501097798347e-04
9.131424012593924999e-04
5.691845435649156570e-04
5.593380192294716835e-04
1.014397013932466507e-03
6.865073810331523418e-04
5.399834481067955494e-04
7.069138810038566589e-04
8.456119103357195854e-04
6.646146648563444614e-04
5.891884793527424335e-04
5.665845819748938084e-04
6.695608608424663544e-04
4.519932845141738653e-04
9.038464049808681011e-04
1.069338875822722912e-03
9.348005987703800201e-04
5.789448041468858719e-04
5.439157830551266670e-04
1.340009155683219433e-03
1.378396991640329361e-03
7.507798727601766586e-04
7.558735087513923645e-04
1.350042992271482944e-03
2.306180074810981750e-03
9.230513242073357105e-04
8.536036475561559200e-04
9.760889806784689426e-04
5.800185026600956917e-04
6.333859637379646301e-04
7.562051760032773018e-04
8.723430801182985306e-04
4.554634215310215950e-04
1.172053045593202114e-03
8.341798093169927597e-04
3.537593584042042494e-04
8.910898468457162380e-04
1.023420481942594051e-03
5.733899888582527637e-04
7.001984049566090107e-04
9.630222339183092117e-04
6.666241679340600967e-04
7.200786494649946690e-04
5.371167790144681931e-04
8.488947642035782337e-04
5.581033765338361263e-04
9.480751468800008297e-04
1.046711578965187073e-03
7.716589607298374176e-04
4.575061902869492769e-04
5.725574446842074394e-04
8.736707386560738087e-04
9.254871401935815811e-04
6.373061914928257465e-04
1.118159852921962738e-03
1.138972351327538490e-03
7.480155327357351780e-04
8.751808782108128071e-04
3.814106748905032873e-04
7.967259152792394161e-04
6.244855467230081558e-04
7.454280275851488113e-04
1.526866573840379715e-03
1.217446522787213326e-03
6.723141414113342762e-04
6.979094468988478184e-04
8.272767299786210060e-04
1.933202613145112991e-03
4.766358179040253162e-04
8.967434987425804138e-04
7.301378063857555389e-04
5.143185844644904137e-04
7.109411526471376419e-04
5.690337857231497765e-04
3.102985210716724396e-04
8.882557740435004234e-04
9.457152336835861206e-04
6.493079708889126778e-04
6.685691187158226967e-04
1.461948966607451439e-03
6.254256004467606544e-04
6.175691960379481316e-04
8.080822299234569073e-04
8.433376206085085869e-04
8.767445106059312820e-04
6.531695253215730190e-04
5.552605143748223782e-04
4.332292301114648581e-04
3.962072951253503561e-04
1.251941896043717861e-03
6.435526884160935879e-04
5.731881828978657722e-04
5.748382536694407463e-04
1.151240547187626362e-03
8.597042760811746120e-04
3.561478806659579277e-04
8.627933566458523273e-04
9.806556627154350281e-04
6.859069690108299255e-04
9.541643667034804821e-04
8.440552046522498131e-04
6.247964920476078987e-04
5.998657434247434139e-04
6.966948858462274075e-04
6.425363244488835335e-04
4.476574831642210484e-04
7.845064974389970303e-04
5.376264452934265137e-04
9.389374754391610622e-04
8.544289739802479744e-04
1.285181497223675251e-03
1.059334026649594307e-03
8.146154577843844891e-04
6.563506904058158398e-04
7.680022390559315681e-04
6.375286611728370190e-04
6.526454817503690720e-04
9.062160970643162727e-04
1.003845361992716789e-03
5.936757661402225494e-04
9.010452777147293091e-04
8.152959635481238365e-04
6.323257111944258213e-04
8.688891539350152016e-04
6.210156134329736233e-04
1.482537598349153996e-03
9.081405005417764187e-04
8.499069954268634319e-04
7.931197760626673698e-04
8.013771148398518562e-04
1.017285860143601894e-03
7.345462217926979065e-04
4.472338187042623758e-04
1.016252324916422367e-03
1.031526713632047176e-03
1.141503686085343361e-03
1.125534763559699059e-03
6.292017642408609390e-04
6.049841176718473434e-04
6.839177804067730904e-04
6.960333557799458504e-04
5.679306923411786556e-04
6.974384305067360401e-04
8.762401994317770004e-04
6.147413514554500580e-04
8.698595920577645302e-04
5.975043750368058681e-04
1.092173974029719830e-03
5.494687356986105442e-04
6.024116300977766514e-04
7.874880102463066578e-04
1.033787382766604424e-03
1.131493831053376198e-03
5.995886749587953091e-04
5.517517565749585629e-04
4.294229147490113974e-04
7.703489973209798336e-04
8.688061498105525970e-04
9.752879268489778042e-04
9.005273459479212761e-04
6.094114505685865879e-04
9.079428273253142834e-04
7.277262047864496708e-04
6.511177052743732929e-04
6.382632418535649776e-04
1.245251623913645744e-03
1.325704972259700298e-03
6.219643983058631420e-04
8.090819464996457100e-04
5.513696814887225628e-04
7.628944586031138897e-04
3.617484762798994780e-04
7.119640940800309181e-04
7.998020155355334282e-04
5.976652028039097786e-04
9.620334021747112274e-04
5.281296325847506523e-04
7.262374856509268284e-04
7.849485846236348152e-04
6.673079333268105984e-04
9.093277039937674999e-04
5.214481498114764690e-04
8.997502154670655727e-04
8.875996572896838188e-04
6.844119052402675152e-04
1.394372200593352318e-03
1.297400915063917637e-03
8.070557378232479095e-04
8.344710804522037506e-04
7.454284350387752056e-04
8.238429436460137367e-04
9.985802462324500084e-04
8.653107215650379658e-04
6.267467979341745377e-04
8.786681573837995529e-04
6.931843236088752747e-04
7.213946082629263401e-04
6.989229586906731129e-04
1.018683775328099728e-03
9.022180456668138504e-04
7.633661152794957161e-04
1.494506141170859337e-03
4.963679239153862000e-04
7.440098561346530914e-04
1.126040238887071609e-03
5.937202950008213520e-04
6.024635513313114643e-04
6.624952657148241997e-04
7.350275991484522820e-04
8.853505132719874382e-04
7.606244180351495743e-04
6.329385214485228062e-04
8.603830938227474689e-04
1.612445921637117863e-03
6.229702266864478588e-04
1.111928373575210571e-03
7.379893213510513306e-04
5.291790585033595562e-04
1.245921477675437927e-03
5.248581874184310436e-04
6.062466418370604515e-04
1.318072783760726452e-03
7.260292186401784420e-04
9.291517199017107487e-04
1.339781447313725948e-03
6.561924237757921219e-04
5.776997422799468040e-04
7.648623432032763958e-04
6.752746994607150555e-04
1.193544245325028896e-03
6.286592106334865093e-04
9.296654025092720985e-04
6.370142800733447075e-04
4.918590420857071877e-04
1.330059254541993141e-03
6.087468354962766171e-04
5.047277081757783890e-04
6.771241314709186554e-04
9.722373797558248043e-04
7.254406227730214596e-04
8.231714600697159767e-04
8.533645886927843094e-04
4.728677449747920036e-04
5.788826383650302887e-04
7.214907673187553883e-04
7.185203139670193195e-04
8.350298739969730377e-04
7.600477547384798527e-04
1.233120216056704521e-03
7.657819078303873539e-04
7.684952579438686371e-04
7.487952825613319874e-04
9.743161499500274658e-04
1.210456714034080505e-03
5.162536981515586376e-04
1.100545399822294712e-03
5.472488701343536377e-04
8.663997869007289410e-04
7.798289880156517029e-04
5.853325710631906986e-04
9.201798820868134499e-04
8.355962345376610756e-04
4.953442257829010487e-04
5.142744048498570919e-04
1.288115628995001316e-03
9.434281964786350727e-04
8.883494301699101925e-04
6.325867143459618092e-04
6.162478239275515079e-04
7.316300179809331894e-04
7.240526028908789158e-04
7.216926314868032932e-04
9.368187747895717621e-04
1.176338060759007931e-03
8.724090876057744026e-04
1.137852668762207031e-03
6.923230248503386974e-04
1.005751662887632847e-03
6.993838469497859478e-04
8.227600483223795891e-04
6.016626139171421528e-04
4.613134660758078098e-04
7.474070880562067032e-04
7.590195164084434509e-04
7.611535256728529930e-04
6.654768367297947407e-04
6.746209110133349895e-04
7.268345798365771770e-04
7.155661005526781082e-04
6.689946749247610569e-04
6.210717838257551193e-04
5.652789841406047344e-04
9.627563995309174061e-04
8.682506741024553776e-04
9.471636731177568436e-04
9.498585714027285576e-04
1.001799828372895718e-03
7.976788911037147045e-04
7.091528386808931828e-04
9.302527760155498981e-04
1.065343036316335201e-03
7.244455628097057343e-04
5.542269791476428509e-04
7.306252373382449150e-04
7.813970441929996014e-04
5.623145261779427528e-04
9.635295718908309937e-04
1.376216765493154526e-03
4.332702083047479391e-04
1.028183149173855782e-03
1.904549135360866785e-04
5.598651478067040443e-04
7.485698442906141281e-04
1.263401820324361324e-03
9.158261236734688282e-04
3.816082316916435957e-04
4.897498874925076962e-04
1.149071380496025085e-03
1.039319322444498539e-03
8.735174196772277355e-04
1.448106835596263409e-03
8.163595921359956264e-04
6.535818101838231087e-04
1.104592462070286274e-03
7.674552034586668015e-04
8.496025111526250839e-04
7.397613371722400188e-04
7.506940746679902077e-04
2.602672204375267029e-03
6.306079449132084846e-04
1.072313636541366577e-03
5.865335697308182716e-04
6.404256564565002918e-04
3.537693410180509090e-04
7.140663219615817070e-04
7.608010200783610344e-04
8.607089403085410595e-04
8.829188882373273373e-04
6.650253199040889740e-04
8.385219261981546879e-04
6.400913116522133350e-04
2.760218631010502577e-04
8.701861370354890823e-04
4.881021450273692608e-04
7.827460649423301220e-04
5.852692993357777596e-04
1.193668576888740063e-03
8.638248546048998833e-04
6.141018820926547050e-04
7.344650221057236195e-04
6.899016443639993668e-04
6.508869118988513947e-04
4.855082661379128695e-04
8.318934123963117599e-04
7.668784819543361664e-04
6.338740931823849678e-04
4.306799964979290962e-04
6.069657392799854279e-04
8.324033697135746479e-04
1.078214147128164768e-03
8.160120341926813126e-04
8.033233461901545525e-04
1.268414198420941830e-03
6.525421631522476673e-04
6.050216616131365299e-04
8.714584400877356529e-04
6.909377989359200001e-04
8.564099553041160107e-04
7.623291458003222942e-04
1.401051762513816357e-03
1.298137241974473000e-03
1.082249218598008156e-03
1.030999701470136642e-03
4.273328231647610664e-04
8.265215437859296799e-04
7.558508077636361122e-04
7.427457603625953197e-04
9.710996528156101704e-04
6.190868443809449673e-04
3.701137611642479897e-04
4.738007846754044294e-04
1.125108799897134304e-03
8.203747565858066082e-04
8.078366518020629883e-04
8.972386131063103676e-04
5.403228569775819778e-04
7.102264207787811756e-04
7.819158490747213364e-04
5.769013660028576851e-04
1.376773929223418236e-03
6.145174847915768623e-04
1.033338601700961590e-03
7.355180568993091583e-04
6.183751975186169147e-04
8.472821209579706192e-04
7.228536996990442276e-04
8.593617239966988564e-04
5.643863114528357983e-04
8.765163365751504898e-04
6.261966191232204437e-04
8.270078687928617001e-04
6.367975147441029549e-04
6.260506343096494675e-04
5.926879821345210075e-04
6.626853719353675842e-04
5.540336715057492256e-04
1.075309468433260918e-03
8.772037690505385399e-04
9.837949182838201523e-04
1.567772822454571724e-03
6.973374984227120876e-04
7.391247199848294258e-04
1.060624839738011360e-03
1.351580023765563965e-03
4.074390744790434837e-04
6.594439619220793247e-04
1.166593050584197044e-03
5.047383601777255535e-04
7.618131930939853191e-04
5.897392984479665756e-04
7.832406554371118546e-04
7.415220024995505810e-04
6.477629649452865124e-04
6.338394014164805412e-04
4.860671760980039835e-04
7.339947042055428028e-04
1.516446587629616261e-03
5.364085664041340351e-04
5.947578465566039085e-04
2.467748126946389675e-04
9.849148336797952652e-04
7.866222877055406570e-04
6.299804081209003925e-04
6.704886327497661114e-04
6.640749052166938782e-04
3.754534409381449223e-04
1.450516050681471825e-03
6.563850911334156990e-04
7.580874953418970108e-04
7.345472695305943489e-04
6.627243710681796074e-04
1.364429597742855549e-03
7.750689401291310787e-04
5.245594074949622154e-04
4.860424960497766733e-04
8.694536518305540085e-04
3.505161439534276724e-04
1.945952652022242546e-03
4.684656742028892040e-04
5.803033709526062012e-04
5.567545886151492596e-04
5.621457239612936974e-04
1.068267622031271458e-03
1.374937244690954685e-03
6.128506502136588097e-04
7.328824140131473541e-04
9.282788378186523914e-04
7.554144249297678471e-04
1.114513725042343140e-03
4.694283416029065847e-04
8.308634860441088676e-04
8.315411396324634552e-04
8.134130039252340794e-04
4.505736287683248520e-04
1.107901101931929588e-03
7.025563390925526619e-04
6.517412257380783558e-04
4.701475263573229313e-04
6.537991575896739960e-04
6.835408275946974754e-04
6.285313284024596214e-04
6.997452001087367535e-04
5.201656022109091282e-04
3.824707819148898125e-04
3.531016875058412552e-03
1.029063249006867409e-03
7.822606712579727173e-04
9.523390908725559711e-04
6.707152933813631535e-04
9.226413094438612461e-04
2.069168025627732277e-03
8.895352366380393505e-04
9.299464873038232327e-04
7.522080559283494949e-04
3.226754197385162115e-04
5.551985814236104488e-04
4.118708020541816950e-04
8.358588675037026405e-04
5.566531908698379993e-04
8.114824886433780193e-04
5.596638657152652740e-04
7.325788028538227081e-04
3.859484859276562929e-04
9.134386200457811356e-04
6.300204549916088581e-04
1.402880763635039330e-03
5.711234989576041698e-04
4.613274068105965853e-04
9.094330016523599625e-04
6.884324247948825359e-04
4.048841656185686588e-04
7.068413542583584785e-04
6.846576579846441746e-04
5.372033338062465191e-04
7.831429247744381428e-04
5.008545704185962677e-04
7.066871621645987034e-04
7.763304165564477444e-04
8.026094292290508747e-04
1.003943616524338722e-03
7.822723127901554108e-04
1.011609565466642380e-03
8.219692972488701344e-04
8.108172914944589138e-04
4.435793380253016949e-04
4.707096668425947428e-04
1.118136919103562832e-03
7.608343148604035378e-04
8.498860406689345837e-04
7.043712539598345757e-04
8.766533574089407921e-04
6.812632200308144093e-04
5.210284143686294556e-04
1.100858207792043686e-03
1.188755151815712452e-03
5.295353475958108902e-04
4.794842679984867573e-04
9.933981345966458321e-04
6.602513603866100311e-04
5.969702033326029778e-04
8.268538513220846653e-04
4.858830652665346861e-04
7.393275154754519463e-04
1.044698641635477543e-03
5.545264575630426407e-04
7.599056698381900787e-04
6.771971820853650570e-04
7.051208522170782089e-04
1.218082616105675697e-03
9.430595091544091702e-04
1.390618737787008286e-03
1.280333846807479858e-03
5.915379733778536320e-04
6.154765724204480648e-04
3.701332607306540012e-04
7.911359425634145737e-04
9.415494860149919987e-04
5.028985324315726757e-04
5.046247970312833786e-04
7.600442040711641312e-04
8.025512215681374073e-04
7.537062629126012325e-04
7.261551218107342720e-04
8.981334394775331020e-04
5.937028327025473118e-04
9.186417446471750736e-04
6.146426312625408173e-04
1.151253934949636459e-03
9.366798331029713154e-04
7.889632834121584892e-04
1.025106757879257202e-03
6.315939244814217091e-04
6.352572236210107803e-04
7.094148313626646996e-04
5.974948289804160595e-04
7.983585237525403500e-04
1.009449828416109085e-03
6.882012239657342434e-04
4.871428827755153179e-04
7.378523587249219418e-04
4.970096633769571781e-04
