-5.917558073997497559e-02
-9.200170636177062988e-02
-7.034872472286224365e-02
-5.343666672706604004e-02
-6.554608792066574097e-02
-7.294262945652008057e-02
-5.499213561415672302e-02
-6.808701902627944946e-02
-5.545017868280410767e-02
-7.114954292774200439e-02
1.596679352223873138e-02
-5.323058739304542542e-02
-7.248929888010025024e-02
-9.058300405740737915e-02
-6.077921390533447266e-02
-9.206371754407882690e-02
-3.319413587450981140e-02
-5.328550189733505249e-02
-4.598180577158927917e-02
-6.078280881047248840e-02
-3.366130962967872620e-02
-5.653739720582962036e-02
-6.685473769903182983e-02
-6.847631931304931641e-02
-9.315328299999237061e-02
-6.889950484037399292e-02
-7.611688226461410522e-02
-5.441337078809738159e-02
-8.979815244674682617e-02
-7.254026085138320923e-02
-4.939151927828788757e-02
-6.143981590867042542e-02
-5.414282530546188354e-02
-5.671175196766853333e-02
-2.727475017309188843e-02
-6.390088051557540894e-02
-4.846416786313056946e-02
-5.642233416438102722e-02
6.539623439311981201e-02
-1.134861931204795837e-01
-5.706637725234031677e-02
-4.326136410236358643e-02
-3.450751677155494690e-02
-7.034474611282348633e-02
-3.246850892901420593e-02
-6.114772334694862366e-02
-5.276444554328918457e-02
3.774634562432765961e-03
-3.720661625266075134e-02
-7.378527522087097168e-02
-4.656217619776725769e-02
-6.962500512599945068e-02
-6.041220203042030334e-02
-1.143155246973037720e-01
-8.838035166263580322e-02
-8.240368217229843140e-02
-8.153047412633895874e-02
-5.703296139836311340e-02
-5.230590701103210449e-02
-5.025894939899444580e-02
-6.310975551605224609e-02
-4.223013669252395630e-02
-6.299050152301788330e-02
-6.474652886390686035e-02
-4.422758519649505615e-02
-6.742656230926513672e-03
-4.015642404556274414e-02
-6.823290884494781494e-02
-6.695540249347686768e-02
-6.264639645814895630e-02
-6.972281634807586670e-02
-8.391094952821731567e-02
-7.819201797246932983e-02
-8.877249807119369507e-02
-4.456520080566406250e-02
-4.399157688021659851e-02
-8.332764729857444763e-03
-5.887724831700325012e-02
-7.166764885187149048e-02
-7.509753853082656860e-02
3.067444078624248505e-03
-4.261252656579017639e-02
-4.833728820085525513e-02
-3.367803618311882019e-02
-5.913908407092094421e-02
-2.467931434512138367e-02
-5.826390162110328674e-02
-1.365661248564720154e-02
-4.771521687507629395e-02
-6.621461361646652222e-02
-7.099327445030212402e-02
-6.211654469370841980e-02
-7.459788769483566284e-02
-9.289306402206420898e-02
-5.266549810767173767e-02
6.090811919420957565e-03
-8.202423155307769775e-02
-1.201779842376708984e-01
-4.693670943379402161e-02
-7.170883566141128540e-02
-3.334076330065727234e-02
-8.267102390527725220e-02
-5.029404163360595703e-02
-5.118361115455627441e-02
-6.346652656793594360e-02
-8.112461119890213013e-02
-8.246389031410217285e-02
-7.304493337869644165e-02
-3.986303135752677917e-02
-6.957124173641204834e-02
-5.861893296241760254e-02
-5.462443083524703979e-02
-5.159977823495864868e-02
8.344496786594390869e-02
5.122552625834941864e-03
-6.036675721406936646e-02
-8.150751143693923950e-02
-5.904484167695045471e-02
-4.996426776051521301e-02
-2.684054896235466003e-02
-1.053106859326362610e-01
-4.815718904137611389e-02
-3.876133635640144348e-02
-9.566993266344070435e-02
-3.251640126109123230e-02
-3.407518193125724792e-02
-2.225079759955406189e-02
-5.771953985095024109e-02
-4.797400161623954773e-02
-1.001730412244796753e-01
-5.875014141201972961e-02
-9.304983913898468018e-02
-7.995714247226715088e-02
-8.436597883701324463e-02
-7.422095537185668945e-02
-6.274958699941635132e-02
-3.696608170866966248e-02
-8.037833124399185181e-02
-8.007629960775375366e-02
-5.242452770471572876e-02
-6.661565601825714111e-02
-5.413188785314559937e-02
-6.346973031759262085e-02
-7.448644936084747314e-02
-4.793872311711311340e-02
-4.982203990221023560e-02
-3.907053545117378235e-02
-5.503638461232185364e-02
-7.765810936689376831e-02
-2.713751420378684998e-02
-2.875400334596633911e-02
-3.987639769911766052e-02
-1.128345355391502380e-01
-5.333903431892395020e-02
-4.694928228855133057e-02
-4.776310920715332031e-02
-5.499776825308799744e-02
-1.156583949923515320e-01
-4.191672801971435547e-02
-6.980196386575698853e-02
-5.011385306715965271e-02
-2.847667783498764038e-02
-9.185007214546203613e-02
-4.129535704851150513e-02
-4.352230206131935120e-02
-1.830617338418960571e-02
-5.872038751840591431e-02
-6.558226794004440308e-02
-3.682777658104896545e-02
-2.376299537718296051e-02
-8.863872289657592773e-02
-5.862568039447069168e-03
-5.110860615968704224e-02
-9.509623050689697266e-02
-7.581327110528945923e-02
-4.840358346700668335e-02
-2.310102246701717377e-02
-6.265269219875335693e-02
-4.606000706553459167e-02
-7.174883782863616943e-02
-3.593612834811210632e-02
-5.480211973190307617e-02
-5.296489223837852478e-02
-2.652234025299549103e-02
-6.283527612686157227e-02
-5.587357655167579651e-02
-4.952239245176315308e-02
-6.191995367407798767e-02
-1.900047250092029572e-02
-2.422762289643287659e-02
-3.094151057302951813e-02
-5.347053706645965576e-02
-7.085779309272766113e-02
-6.315585225820541382e-02
-9.162670373916625977e-02
-3.187730535864830017e-02
-7.918952405452728271e-02
-6.642471253871917725e-02
-3.586068004369735718e-02
-4.966503009200096130e-02
-1.312417630106210709e-02
-3.037742339074611664e-02
-5.439799278974533081e-02
-5.786697193980216980e-02
-3.683855384588241577e-02
-5.753460526466369629e-02
-4.633789137005805969e-02
-4.927139356732368469e-02
-6.238272786140441895e-02
-6.769881397485733032e-02
-5.233023688197135925e-02
-4.050732776522636414e-02
-6.157085299491882324e-02
-7.108006626367568970e-02
-4.414600133895874023e-02
-7.015684992074966431e-02
-6.346853077411651611e-02
3.021078556776046753e-02
-6.875982135534286499e-02
-5.494702979922294617e-02
3.598062321543693542e-02
-6.121689081192016602e-02
-9.862283617258071899e-02
-7.482835650444030762e-02
-5.345689132809638977e-02
-7.240674644708633423e-02
-7.442940771579742432e-02
-2.458260767161846161e-02
-5.994682013988494873e-02
-3.523096069693565369e-02
-4.211689159274101257e-02
-7.114093750715255737e-02
-6.302621960639953613e-02
6.218963302671909332e-03
-6.848607957363128662e-02
-5.140182003378868103e-02
1.142661552876234055e-03
-6.792701035737991333e-02
-9.387169964611530304e-03
-2.669775672256946564e-02
1.455426774919033051e-02
-3.698500618338584900e-02
-5.337266251444816589e-02
-1.674647442996501923e-02
-5.561464652419090271e-02
-5.839604139328002930e-02
-4.212513566017150879e-02
-6.251603364944458008e-02
-7.887337356805801392e-02
-4.003044590353965759e-02
-2.078399807214736938e-02
-6.527052819728851318e-02
-8.126011490821838379e-02
-4.627106338739395142e-02
-2.722723595798015594e-02
-1.548321731388568878e-02
-6.222460046410560608e-02
-6.176099181175231934e-02
-4.678134992718696594e-02
-5.764211341738700867e-02
-2.866982296109199524e-02
-5.607464909553527832e-02
-5.079256743192672729e-02
-3.843556717038154602e-02
-5.869797989726066589e-02
-6.100844219326972961e-02
-4.341998696327209473e-02
1.747841015458106995e-02
-5.705332383513450623e-02
-7.881157845258712769e-02
-5.852133780717849731e-02
-5.575017258524894714e-02
-6.237815693020820618e-02
-7.318514585494995117e-02
-7.667491585016250610e-02
-2.388248220086097717e-02
-3.701490536332130432e-02
-4.440798982977867126e-02
-9.084597229957580566e-02
-2.874460816383361816e-02
-8.197928965091705322e-02
-4.399998113512992859e-02
-5.510592833161354065e-02
-6.605578958988189697e-02
-4.355126991868019104e-02
-5.625206604599952698e-02
-3.232321515679359436e-02
-3.626499325037002563e-02
-5.001513659954071045e-02
-1.038311794400215149e-01
-7.688479125499725342e-02
-6.130557879805564880e-02
-7.415089011192321777e-02
-7.848940789699554443e-02
-6.352865695953369141e-02
-8.427637070417404175e-02
-3.319138288497924805e-02
-4.653086513280868530e-02
-3.623812273144721985e-02
-8.004015684127807617e-02
-6.651587784290313721e-02
-3.413453325629234314e-02
-3.762381151318550110e-02
-1.809338293969631195e-02
-5.489333346486091614e-02
-6.340669095516204834e-02
-4.868613928556442261e-02
-8.270876854658126831e-02
-6.156528741121292114e-02
-2.734941430389881134e-02
5.944550037384033203e-03
-4.670958966016769409e-02
-4.869696497917175293e-02
-1.801005564630031586e-02
-2.703903615474700928e-02
-4.351267218589782715e-02
-4.972703382372856140e-02
-9.982374310493469238e-02
-8.126283437013626099e-02
-6.084399297833442688e-02
-1.174823194742202759e-01
-6.082604452967643738e-02
-6.733169406652450562e-02
-8.854175359010696411e-02
-5.704425647854804993e-02
-5.743627995252609253e-02
-2.246027626097202301e-02
-4.212827607989311218e-02
-5.590300261974334717e-02
-1.408769935369491577e-01
-4.120302200317382812e-02
-3.632319346070289612e-02
-4.621404036879539490e-02
-7.002469152212142944e-02
-5.860439687967300415e-02
-6.516074389219284058e-02
-9.850238263607025146e-02
-7.425151020288467407e-02
-6.054918840527534485e-02
-6.145805865526199341e-02
-6.374760717153549194e-02
-3.490489348769187927e-02
-5.915343761444091797e-02
-8.237356692552566528e-02
-4.626661539077758789e-02
-2.624389482662081718e-03
-2.543485723435878754e-02
-5.194992572069168091e-02
-9.242209605872631073e-03
-7.856308668851852417e-02
-8.200691640377044678e-02
-6.499341875314712524e-02
-6.671981513500213623e-02
-9.119550883769989014e-02
-4.904159158468246460e-02
-2.062708511948585510e-02
-6.244803965091705322e-02
-4.743368178606033325e-02
-4.794703423976898193e-02
-5.275864154100418091e-02
-6.902641803026199341e-02
-1.887175813317298889e-02
-4.842652752995491028e-02
-7.417628169059753418e-02
-3.970116749405860901e-02
-4.634086415171623230e-02
-1.374518778175115585e-02
-3.490804135799407959e-02
-7.476495951414108276e-02
-1.002281010150909424e-01
-5.783877894282341003e-02
-6.862325221300125122e-02
-4.482590779662132263e-02
-5.893450602889060974e-02
-4.541840776801109314e-02
-3.435082733631134033e-02
-2.769047580659389496e-02
-2.485439181327819824e-02
-6.867525726556777954e-02
-8.524136990308761597e-02
-4.699418321251869202e-02
-5.847363546490669250e-02
-8.237250149250030518e-02
-9.472251683473587036e-02
-3.908521309494972229e-02
-5.615161731839179993e-02
-3.643928095698356628e-02
-6.973972171545028687e-02
4.530471935868263245e-02
-2.917951345443725586e-02
-2.381577156484127045e-02
-6.833971291780471802e-02
-5.474295094609260559e-02
-1.051780506968498230e-01
-8.899371325969696045e-02
-3.879137709736824036e-02
-5.747530236840248108e-02
-4.679699987173080444e-02
-5.200479179620742798e-03
-3.858640417456626892e-02
-2.640126459300518036e-02
-7.465621829032897949e-02
-7.528641819953918457e-02
-5.609719827771186829e-02
-8.478804677724838257e-02
-4.941411688923835754e-02
-5.797292292118072510e-02
-9.000812470912933350e-02
-8.560150116682052612e-02
-5.605890601873397827e-02
-3.265626356005668640e-02
-2.565449662506580353e-02
-6.748981773853302002e-02
-5.580186098814010620e-02
-8.711428940296173096e-02
-8.875560015439987183e-02
-6.557570397853851318e-02
-3.447109088301658630e-02
-4.239640757441520691e-02
-7.042146474123001099e-02
-7.529478520154953003e-02
-7.597159594297409058e-02
-3.326641395688056946e-02
-5.239716172218322754e-02
-6.195845454931259155e-02
-4.080572724342346191e-02
-4.831213876605033875e-02
-5.420280620455741882e-02
-3.650377318263053894e-02
-6.741198245435953140e-03
-8.528578281402587891e-02
-3.102247230708599091e-02
-3.039614111185073853e-02
-8.922908455133438110e-02
-6.421570479869842529e-02
-9.083747118711471558e-02
-5.418471619486808777e-02
-4.735598713159561157e-02
-5.850525945425033569e-02
-6.904741376638412476e-02
-4.064475744962692261e-02
-2.353077195584774017e-02
1.509897559881210327e-01
-4.968514293432235718e-02
-5.856777355074882507e-02
-6.510943919420242310e-02
-5.853897705674171448e-02
-7.320788502693176270e-02
-4.369503632187843323e-02
-6.539770960807800293e-02
-5.741135776042938232e-02
-4.579777270555496216e-02
-6.065019592642784119e-02
-6.945582479238510132e-02
-6.317694485187530518e-02
-4.787125065922737122e-02
-6.405404210090637207e-02
-4.767120629549026489e-02
-7.811444997787475586e-02
-2.567344903945922852e-02
-7.480920106172561646e-02
-6.954751163721084595e-02
-8.161949366331100464e-02
-3.129647672176361084e-02
-3.367247432470321655e-02
-5.424872040748596191e-02
-3.591251373291015625e-02
-4.324031993746757507e-02
-6.842416524887084961e-02
-3.749328851699829102e-02
-7.357069104909896851e-02
-7.900212705135345459e-02
-7.150955498218536377e-02
-5.316457524895668030e-02
-8.158348500728607178e-02
-4.380926862359046936e-02
3.586199879646301270e-02
-5.865839123725891113e-02
-8.503503352403640747e-02
-5.678094923496246338e-02
-3.914312273263931274e-02
-4.325941205024719238e-02
-3.740167617797851562e-02
1.294885412789881229e-03
-5.729081481695175171e-02
-1.228479966521263123e-01
-3.493886068463325500e-02
-6.156748533248901367e-02
-7.315584272146224976e-02
-6.964255869388580322e-02
-3.664678335189819336e-02
-6.130037084221839905e-02
-3.169664880260825157e-03
-5.861967429518699646e-02
-3.530848771333694458e-02
-4.836715757846832275e-02
-3.787907585501670837e-02
-3.542144224047660828e-02
-5.095196142792701721e-02
-2.371130883693695068e-02
-7.109660655260086060e-02
-5.690698698163032532e-02
-1.346147991716861725e-02
-6.530842185020446777e-02
-8.191402256488800049e-02
-5.934866517782211304e-02
-5.702215433120727539e-02
-8.149573951959609985e-02
-5.383324623107910156e-02
-7.985369116067886353e-02
-4.040052369236946106e-02
-7.262252271175384521e-02
-5.292503163218498230e-02
-5.113517865538597107e-02
-6.146695464849472046e-02
-6.670618802309036255e-02
-7.371748238801956177e-02
-5.166520923376083374e-02
-3.331154584884643555e-02
-4.814794287085533142e-02
-8.137812465429306030e-02
-8.239019662141799927e-02
-6.867700070142745972e-02
-7.843356579542160034e-02
-9.078215807676315308e-02
-6.694841384887695312e-02
-1.021728143095970154e-01
-3.126481920480728149e-02
-5.613281950354576111e-02
-7.411722838878631592e-02
-9.602750837802886963e-02
-7.907917350530624390e-02
-3.520892187952995300e-02
-5.066109448671340942e-02
-4.553371295332908630e-02
-5.133123695850372314e-02
-5.736405029892921448e-02
-6.376060098409652710e-02
-6.248159334063529968e-02
-9.451460838317871094e-02
-6.725215911865234375e-02
-5.351588129997253418e-02
-5.852577462792396545e-02
-7.843375951051712036e-02
-3.345881029963493347e-02
-1.423360314220190048e-02
-7.030719518661499023e-02
-4.523405805230140686e-02
-5.674520507454872131e-02
-3.444527834653854370e-02
-5.201843380928039551e-02
-8.154568076133728027e-02
-5.240404605865478516e-02
-4.235978424549102783e-02
-6.207918003201484680e-02
-6.080156564712524414e-02
-5.288155004382133484e-02
-2.816102281212806702e-02
-6.014193221926689148e-02
-5.969309061765670776e-02
-5.923471972346305847e-02
-5.291902646422386169e-02
-3.387509658932685852e-02
-3.145312517881393433e-02
-9.862361475825309753e-03
-7.920137792825698853e-02
-3.496126085519790649e-02
-6.851146370172500610e-02
2.057104855775833130e-01
-6.671387702226638794e-02
-5.256652459502220154e-02
-6.912752985954284668e-02
-2.626985497772693634e-02
-3.021883592009544373e-02
-9.961418062448501587e-02
-1.127407792955636978e-02
-2.285423874855041504e-02
-5.992866307497024536e-02
-6.651604175567626953e-02
-4.052153974771499634e-02
-2.265655063092708588e-02
-5.279971659183502197e-02
-4.541476443409919739e-02
-1.007444784045219421e-01
-6.646566838026046753e-02
-8.620508760213851929e-02
-8.473741263151168823e-02
-3.246065974235534668e-02
-5.261952430009841919e-02
-3.023465164005756378e-02
-7.138383388519287109e-02
-3.780722245573997498e-02
-4.318127408623695374e-02
-4.844031855463981628e-02
-5.345688015222549438e-02
-1.015768796205520630e-01
-5.592921748757362366e-02
-7.213769853115081787e-02
-7.210081070661544800e-02
-1.072276309132575989e-01
-9.921045601367950439e-02
-4.158900305628776550e-02
-3.520903736352920532e-02
-3.475421294569969177e-02
-4.416676238179206848e-02
-5.247573927044868469e-02
1.184661872684955597e-02
-8.369014412164688110e-02
-5.015324056148529053e-02
-4.709355905652046204e-02
-7.887044548988342285e-02
-2.399629354476928711e-02
-4.874406754970550537e-02
-8.734613656997680664e-02
-5.395294167101383209e-03
-4.180138185620307922e-02
-4.693370312452316284e-02
-1.401873771101236343e-02
-4.721565172076225281e-02
-7.260276377201080322e-02
-9.273162484169006348e-02
-8.105684071779251099e-02
-6.561692804098129272e-02
-3.789842128753662109e-02
7.202202826738357544e-02
-5.579772591590881348e-02
-6.566828489303588867e-02
-6.375890225172042847e-02
-8.323945850133895874e-02
-3.111720643937587738e-02
-6.919023394584655762e-02
-5.436891317367553711e-02
-7.602777332067489624e-02
-2.313305065035820007e-02
-4.045488685369491577e-02
-2.253296226263046265e-02
-6.672229617834091187e-02
1.317654969170689583e-03
-1.598551124334335327e-02
-7.061392068862915039e-02
-5.036253854632377625e-02
-2.829486131668090820e-02
-4.258950054645538330e-02
-4.866236075758934021e-02
-4.757710546255111694e-02
-3.793071582913398743e-02
-5.467817932367324829e-02
-5.462705716490745544e-02
-4.859962314367294312e-02
-3.602483868598937988e-02
-7.001537084579467773e-02
-5.567312985658645630e-02
-8.104573190212249756e-02
-8.288087695837020874e-02
-5.484778806567192078e-02
-1.214819215238094330e-02
-1.895856857299804688e-02
-6.810005754232406616e-02
-5.097806453704833984e-02
-5.231278389692306519e-02
-3.454524278640747070e-02
-4.189306125044822693e-02
-5.122268199920654297e-02
-8.565977960824966431e-02
-5.957487598061561584e-02
-5.540416762232780457e-02
-5.688719102181494236e-04
1.545812748372554779e-02
-4.131498932838439941e-02
-4.070852696895599365e-02
-7.488197833299636841e-02
-7.495981454849243164e-02
-4.537221044301986694e-02
-9.101301431655883789e-02
-7.490933686494827271e-02
-6.663841754198074341e-02
-6.592068076133728027e-02
-6.167331337928771973e-02
-7.077309489250183105e-02
-1.903872378170490265e-02
-3.894003480672836304e-02
-2.568494528532028198e-02
-3.411677479743957520e-02
-6.124671176075935364e-02
-6.316028535366058350e-02
-8.893451094627380371e-02
-4.766774550080299377e-02
-5.708929523825645447e-02
-6.370310485363006592e-02
-6.576994061470031738e-02
-9.144846349954605103e-02
-3.739620372653007507e-02
-5.818111449480056763e-02
-6.238241866230964661e-02
-5.684760585427284241e-02
-4.230897873640060425e-02
-6.508019566535949707e-02
-7.713634520769119263e-02
-3.922510892152786255e-02
-7.981128990650177002e-02
4.974387213587760925e-02
-4.380362108349800110e-02
-7.984912954270839691e-03
-7.371869683265686035e-02
3.149048611521720886e-02
-3.806967660784721375e-02
-7.411267608404159546e-02
3.627569228410720825e-02
-7.471757382154464722e-02
-2.382391132414340973e-02
-5.428222194314002991e-02
-3.372285515069961548e-02
-5.023427680134773254e-02
-5.804546549916267395e-02
-3.054158948361873627e-02
-3.962600231170654297e-02
-3.146757557988166809e-02
-6.710110604763031006e-02
-4.777815192937850952e-02
-6.869415193796157837e-02
-5.028407275676727295e-02
-2.928498759865760803e-02
-5.558153986930847168e-02
-8.924569189548492432e-02
-9.069279581308364868e-02
-2.672443352639675140e-02
-7.155845314264297485e-02
-7.140375673770904541e-02
-3.736989945173263550e-02
4.430165514349937439e-03
-3.627933189272880554e-02
-9.117776900529861450e-02
-8.142822235822677612e-02
-5.804540961980819702e-02
-7.097788155078887939e-02
2.429448813199996948e-02
-7.368281483650207520e-02
-6.635177880525588989e-02
-4.507844895124435425e-02
-7.633249461650848389e-02
-4.563337564468383789e-02
-4.627719894051551819e-02
-2.798232994973659515e-02
-6.455379724502563477e-02
-8.060366660356521606e-02
-7.384524494409561157e-02
-9.674775600433349609e-02
-6.571773439645767212e-02
-5.728587042540311813e-03
-5.104324966669082642e-02
-6.050814315676689148e-02
-5.182722955942153931e-02
-7.440915703773498535e-02
-2.243252098560333252e-02
-3.473095968365669250e-02
-3.505953028798103333e-02
-5.297937989234924316e-02
-5.896455049514770508e-02
3.668023273348808289e-02
-6.291103363037109375e-02
-6.120535358786582947e-02
-7.604970782995223999e-02
-7.149814069271087646e-02
-7.347225397825241089e-02
-6.976526975631713867e-02
-6.550169736146926880e-02
-6.035785004496574402e-02
-8.113297075033187866e-02
-7.221099734306335449e-02
-9.339031577110290527e-02
-1.566147990524768829e-02
-6.358643621206283569e-02
-5.861239135265350342e-02
3.930390253663063049e-02
-9.202005714178085327e-02
-4.700995981693267822e-02
-6.169968098402023315e-02
2.273060148581862450e-03
-5.299886222928762436e-03
-4.975137859582901001e-02
-5.817902460694313049e-02
-4.251028969883918762e-02
-4.517296329140663147e-02
-7.306822389364242554e-02
-6.588049978017807007e-02
-5.051811784505844116e-02
-5.802932754158973694e-02
-3.790295496582984924e-02
-5.003979429602622986e-02
-4.345532134175300598e-02
-6.365106999874114990e-02
-7.738026976585388184e-02
-7.568293064832687378e-02
-3.607717156410217285e-02
-4.883932694792747498e-02
-8.034044504165649414e-02
-2.814124338328838348e-02
-7.781156152486801147e-02
-3.636837005615234375e-02
-5.700090900063514709e-02
-7.720914483070373535e-02
-6.171409785747528076e-02
-3.267262876033782959e-02
-4.553986340761184692e-02
-8.845666795969009399e-02
-8.526518195867538452e-02
-6.782180815935134888e-02
-3.075596503913402557e-02
-5.277488008141517639e-02
-4.471173137426376343e-02
6.865998357534408569e-02
-7.407069206237792969e-02
-4.582338035106658936e-02
-4.360856115818023682e-02
-2.324866876006126404e-02
-6.484770774841308594e-02
-1.654798164963722229e-02
-5.889987200498580933e-02
8.698428981006145477e-03
-1.020926833152770996e-01
-2.423173747956752777e-02
-7.793474197387695312e-02
-3.862791880965232849e-02
-1.083212643861770630e-01
-4.686574637889862061e-02
-1.965831220149993896e-02
-1.651822216808795929e-02
-2.633452042937278748e-02
-7.117906957864761353e-02
-6.217534467577934265e-02
-8.750182576477527618e-03
-1.508981641381978989e-02
-5.342173576354980469e-02
-3.908497095108032227e-02
-5.297329276800155640e-02
-6.080580130219459534e-02
-8.143379539251327515e-02
-6.796874850988388062e-02
-4.704681783914566040e-02
-6.350006163120269775e-02
-6.978371739387512207e-02
-7.008318603038787842e-02
-6.152749061584472656e-02
-4.263889417052268982e-02
-9.055542200803756714e-02
-4.839622229337692261e-02
-4.380469024181365967e-02
-6.851969659328460693e-02
-5.317583680152893066e-02
-4.806184023618698120e-02
-5.530198290944099426e-02
-7.589048147201538086e-02
-3.505913913249969482e-02
-4.394573345780372620e-02
-7.366019487380981445e-02
-4.449035972356796265e-02
-5.448291823267936707e-02
-3.650725260376930237e-02
-6.041677296161651611e-02
-7.563857734203338623e-02
-6.236340478062629700e-02
-7.417182624340057373e-02
-4.034637659788131714e-02
-6.676477938890457153e-02
-9.605344384908676147e-02
-5.922830477356910706e-02
-3.459428995847702026e-02
-7.322619855403900146e-02
-3.974303975701332092e-02
-4.318574815988540649e-02
-7.490609586238861084e-02
-3.854158520698547363e-02
-4.395854100584983826e-02
-3.531284630298614502e-02
-8.461150527000427246e-02
-8.448204398155212402e-02
-5.082228034734725952e-02
-3.149095922708511353e-02
-5.735430866479873657e-02
-1.426540687680244446e-02
-7.319229841232299805e-02
-8.996675163507461548e-02
-8.154832571744918823e-02
-3.194652497768402100e-02
-7.617511600255966187e-02
-7.270969450473785400e-02
-5.675247684121131897e-02
-3.264935314655303955e-02
-6.338089704513549805e-02
-5.589522048830986023e-02
-2.517497353255748749e-02
-7.537180185317993164e-02
-6.751178205013275146e-02
-3.167123347520828247e-02
-3.702976927161216736e-02
-5.548607185482978821e-02
-5.784442275762557983e-02
-6.869973242282867432e-02
-1.891657523810863495e-02
3.560171229764819145e-03
-2.967016957700252533e-02
-1.001740247011184692e-01
-9.072300046682357788e-02
-3.583837300539016724e-02
-7.648369669914245605e-02
-9.911561012268066406e-02
-4.510493576526641846e-02
-4.166585206985473633e-02
-4.412600770592689514e-02
-4.836136847734451294e-02
-7.524963468313217163e-02
-1.935382746160030365e-02
-1.955310814082622528e-02
-6.008643284440040588e-02
-5.090508237481117249e-02
-2.068739943206310272e-02
-6.866482645273208618e-02
-5.365526303648948669e-02
3.205642104148864746e-02
-9.107013791799545288e-02
-7.517480850219726562e-02
-8.445779979228973389e-02
-6.628346443176269531e-02
3.906891867518424988e-02
-8.719768375158309937e-02
-5.186231434345245361e-02
-7.296784222126007080e-02
-4.700858145952224731e-02
-3.167217969894409180e-02
-7.247087359428405762e-02
-7.650128006935119629e-02
-7.463964074850082397e-02
-5.230144038796424866e-02
-5.839155241847038269e-02
-7.094699889421463013e-02
-4.835745319724082947e-02
-8.057604730129241943e-02
-5.278751999139785767e-02
-7.121622562408447266e-02
-7.501173019409179688e-02
-9.379483759403228760e-02
1.371569335460662842e-01
-5.157676059752702713e-03
-7.450212538242340088e-02
-5.462130531668663025e-02
-4.995752498507499695e-02
-4.468855261802673340e-02
-5.048868432641029358e-02
-4.752154648303985596e-02
-9.698234498500823975e-02
-5.465478077530860901e-02
-8.486199378967285156e-02
-1.269341409206390381e-01
-7.286708056926727295e-02
-5.155321210622787476e-02
-3.259363397955894470e-02
-6.937048584222793579e-02
-7.108478993177413940e-02
-2.128811553120613098e-02
-5.313742160797119141e-02
-4.104052856564521790e-02
-9.216120094060897827e-02
-5.007469654083251953e-02
-7.664688676595687866e-02
-5.532213300466537476e-02
-6.030409783124923706e-02
-6.564489006996154785e-02
-6.527360528707504272e-02
-5.682147294282913208e-02
-7.366208732128143311e-02
-5.618548393249511719e-02
-5.395678058266639709e-02
-2.697832882404327393e-02
-5.665574967861175537e-02
-7.563469558954238892e-02
-3.581739589571952820e-02
-5.241643264889717102e-02
-4.341915622353553772e-02
-5.931905657052993774e-02
-8.021727949380874634e-02
-5.234399437904357910e-02
-6.580987572669982910e-02
-5.575934052467346191e-02
-4.494887962937355042e-02
-5.504141002893447876e-02
-7.096368819475173950e-02
-6.358288973569869995e-02
-1.036296561360359192e-01
-2.392990700900554657e-02
-2.112511545419692993e-02
-3.514313325285911560e-02
-5.342526733875274658e-02
-3.374638780951499939e-02
-7.796524465084075928e-02
-7.664795219898223877e-02
-7.544799149036407471e-02
-9.690006822347640991e-02
-3.835154697299003601e-02
-9.626445919275283813e-02
-1.399562135338783264e-02
-5.192735791206359863e-02
-3.947822004556655884e-02
-7.744628936052322388e-02
-5.692583322525024414e-02
-5.991417914628982544e-02
-5.129174888134002686e-02
-1.110943779349327087e-01
-7.394015789031982422e-02
-2.231092751026153564e-02
-6.394080817699432373e-02
-6.247014179825782776e-02
-5.389750003814697266e-02
-7.434634864330291748e-02
-4.613903164863586426e-02
-5.157802999019622803e-02
-5.706877633929252625e-02
-1.894159242510795593e-02
-7.188313454389572144e-02
-3.195241093635559082e-02
-3.000618144869804382e-02
-2.398829534649848938e-02
-4.216193780303001404e-02
-3.157147020101547241e-02
-1.110282540321350098e-01
-4.878948256373405457e-02
-7.387292385101318359e-02
-4.540815576910972595e-02
-5.779192596673965454e-02
-6.730581074953079224e-02
-4.734570905566215515e-02
-5.774300917983055115e-02
-5.669515952467918396e-02
-6.107889115810394287e-02
-8.493483066558837891e-02
-5.584901943802833557e-02
-8.823340386152267456e-02
-5.070897191762924194e-02
-1.617498323321342468e-02
-4.613769426941871643e-02
-1.527852751314640045e-02
-4.958671703934669495e-02
-1.826911792159080505e-02
-3.657047450542449951e-02
-8.287340402603149414e-02
-3.803278878331184387e-02
-3.754879906773567200e-02
-8.253473043441772461e-02
-5.509476363658905029e-02
-1.053240820765495300e-01
-6.012224406003952026e-02
-8.226830512285232544e-02
-2.000131830573081970e-02
-4.389047622680664062e-02
-2.116297185420989990e-02
-3.044425137341022491e-02
-3.860006108880043030e-02
-7.034549117088317871e-02
-6.668052822351455688e-02
-6.658835709095001221e-02
-6.186547130346298218e-02
-4.180616512894630432e-02
-1.013480275869369507e-01
-9.121402353048324585e-02
-3.644499182701110840e-02
1.475238054990768433e-01
-4.631995782256126404e-02
-4.174557700753211975e-02
-7.501199096441268921e-02
-5.822477117180824280e-02
-8.043555915355682373e-02
-8.547940850257873535e-02
-5.652899667620658875e-02
-3.412181511521339417e-02
-5.563319474458694458e-02
-9.835121035575866699e-02
-6.796762347221374512e-02
3.914614766836166382e-02
-5.274793133139610291e-02
-5.049526691436767578e-02
-9.739665687084197998e-02
-4.782846942543983459e-02
-4.356482625007629395e-02
-3.664535284042358398e-02
-8.892121165990829468e-02
-3.825947269797325134e-02
-2.357860654592514038e-02
2.669202862307429314e-03
-4.338513687252998352e-02
-5.692155286669731140e-02
-7.102676481008529663e-02
-5.690114200115203857e-02
-6.415033340454101562e-02
-9.380488097667694092e-02
-3.746521845459938049e-02
-5.447150766849517822e-02
-7.997691631317138672e-02
-6.992471963167190552e-02
-4.051649197936058044e-02
-7.272208482027053833e-02
-6.574039161205291748e-02
-6.001469865441322327e-02
-6.156480684876441956e-02
-5.250780656933784485e-02
-3.036068007349967957e-02
-5.539286509156227112e-02
-3.941414877772331238e-02
-5.201117694377899170e-02
-5.129031091928482056e-02
-7.500811666250228882e-02
-9.120190143585205078e-02
-4.491630569100379944e-02
-2.875594235956668854e-02
-5.019978061318397522e-02
-7.302322983741760254e-02
-6.566835939884185791e-02
-4.516502842307090759e-02
-5.628709495067596436e-02
-3.753727301955223083e-02
-2.555340901017189026e-02
-6.693896651268005371e-02
-7.944732159376144409e-02
-5.301311612129211426e-02
-6.840713322162628174e-02
-5.984390899538993835e-02
-7.930333912372589111e-02
-6.383268535137176514e-02
-1.128397360444068909e-01
-6.065573543310165405e-02
-5.614743381738662720e-02
-4.990169405937194824e-02
-4.807953163981437683e-02
-7.015254814177751541e-03
-5.310381576418876648e-02
-9.247241169214248657e-02
-6.493747979402542114e-02
-1.457123924046754837e-02
-6.285593658685684204e-02
-4.917090386152267456e-02
-5.242189764976501465e-02
-8.136693388223648071e-02
-6.022515147924423218e-02
-7.928195595741271973e-02
-4.606532678008079529e-02
-4.857754800468683243e-03
-6.490463018417358398e-02
-7.918937504291534424e-02
-6.685646623373031616e-02
-6.307230144739151001e-02
-5.350732803344726562e-02
-3.806848824024200439e-02
-9.354626387357711792e-02
-5.118230357766151428e-02
-4.552303999662399292e-02
-5.572719871997833252e-02
-6.342045962810516357e-02
-1.596656814217567444e-02
-6.350321322679519653e-02
-6.904633343219757080e-02
-6.036465242505073547e-02
-4.997288435697555542e-02
-4.393240064382553101e-02
-5.816995352506637573e-02
-6.388206034898757935e-02
8.657456375658512115e-03
-7.396759837865829468e-02
-3.442095592617988586e-02
-4.798948019742965698e-02
-6.843378394842147827e-02
-1.876702345907688141e-02
1.374385505914688110e-01
-8.327533304691314697e-02
-3.063633479177951813e-02
-5.764688923954963684e-02
-4.121165350079536438e-02
-9.492430835962295532e-02
-6.235564127564430237e-02
-7.974873483180999756e-02
-4.074639827013015747e-02
-5.680699273943901062e-02
-1.147120818495750427e-02
-5.947717651724815369e-02
-1.284785941243171692e-02
-4.780119657516479492e-02
-8.159401267766952515e-02
-4.913899302482604980e-02
-9.308139979839324951e-02
-7.127179205417633057e-02
-5.171865597367286682e-02
-4.779545217752456665e-02
1.476710941642522812e-02
-7.409393042325973511e-02
-1.112843304872512817e-01
-6.418258696794509888e-02
-2.235790714621543884e-02
-6.510411947965621948e-02
-6.481649726629257202e-02
-4.720479995012283325e-02
-7.693132758140563965e-02
-8.317054063081741333e-02
-3.745614737272262573e-02
-4.472820088267326355e-02
-5.733188614249229431e-02
-7.126774638891220093e-02
-4.904707521200180054e-02
-7.490649074316024780e-02
-7.459235191345214844e-02
-7.510475814342498779e-02
-3.259377554059028625e-02
-4.563082009553909302e-02
-8.453664928674697876e-02
-1.871412061154842377e-02
-6.103126704692840576e-02
-8.584298193454742432e-02
-3.121598996222019196e-02
-4.611199721693992615e-02
-5.705007910728454590e-02
-4.510407522320747375e-02
-3.046922944486141205e-02
-5.152113363146781921e-02
-4.044311121106147766e-02
-4.515199363231658936e-02
-3.804516419768333435e-02
4.223067313432693481e-02
-8.259628713130950928e-02
-3.716299310326576233e-02
-1.038420572876930237e-01
-9.687797725200653076e-02
-4.603152349591255188e-02
-3.230090811848640442e-02
-7.831133902072906494e-02
-4.052358865737915039e-02
-4.781971126794815063e-02
-7.361266016960144043e-02
-6.994127482175827026e-02
-4.107604920864105225e-02
-3.155760839581489563e-02
-4.421964660286903381e-02
-6.817278265953063965e-02
-8.197101205587387085e-02
-7.790475338697433472e-02
-3.612402826547622681e-02
-1.004631444811820984e-01
1.203959528356790543e-02
-5.797232687473297119e-02
-6.326527148485183716e-02
-7.304757088422775269e-02
-6.425884366035461426e-02
-5.567516013979911804e-02
-7.554818689823150635e-02
-5.291490629315376282e-02
-5.532493814826011658e-02
1.510499883443117142e-02
-3.928420692682266235e-02
-5.722253397107124329e-02
-4.933708906173706055e-02
-2.295563556253910065e-02
-5.853050202131271362e-02
-2.358839847147464752e-02
-4.737775400280952454e-02
-5.088488012552261353e-02
-5.738893523812294006e-02
7.286488264799118042e-02
-5.907794460654258728e-02
-6.015715003013610840e-02
-3.625888377428054810e-02
-6.402717530727386475e-02
-6.970509141683578491e-02
-9.835359454154968262e-02
-4.866138845682144165e-02
-7.939904183149337769e-02
-6.573875248432159424e-02
-5.861092731356620789e-02
-5.201861634850502014e-02
-1.002699732780456543e-01
-4.404688999056816101e-02
-5.195837840437889099e-02
-2.889876067638397217e-02
-4.233885928988456726e-02
-6.767410784959793091e-02
-5.171471089124679565e-02
-3.526083752512931824e-02
-6.745371967554092407e-02
-9.219132363796234131e-02
-5.883381143212318420e-02
-7.369890809059143066e-02
-7.262061536312103271e-02
-4.767669737339019775e-02
-1.856646314263343811e-02
-7.112115621566772461e-02
-6.816735118627548218e-02
-6.950820237398147583e-02
-3.676007688045501709e-02
-5.839521437883377075e-02
7.137367501854896545e-03
-5.521715059876441956e-02
-6.318840384483337402e-02
4.616954177618026733e-02
-6.662306934595108032e-02
-7.321693748235702515e-02
-5.259386822581291199e-02
-3.271420672535896301e-02
-7.854023575782775879e-02
-3.559996187686920166e-02
-2.302195318043231964e-02
3.935752809047698975e-02
-3.303740918636322021e-02
-4.310880228877067566e-02
-8.294177055358886719e-02
-6.899882853031158447e-02
-2.489207871258258820e-02
-3.584589436650276184e-02
-4.363355040550231934e-02
-6.837749481201171875e-02
-6.424405425786972046e-02
-6.962418556213378906e-02
-4.846956208348274231e-02
-3.388007357716560364e-02
-5.289695411920547485e-02
-3.020493499934673309e-02
-1.047455072402954102e-01
-5.085861682891845703e-02
-6.507306545972824097e-02
-9.467961639165878296e-02
-7.635004818439483643e-02
-7.075724005699157715e-02
-2.735839039087295532e-02
-5.283436551690101624e-02
-5.630226060748100281e-02
-4.182576015591621399e-02
-3.945930674672126770e-02
-5.793180689215660095e-02
-5.228851363062858582e-02
-4.450317472219467163e-02
-7.392705976963043213e-02
-5.927770957350730896e-02
-6.089121475815773010e-02
-7.529877126216888428e-02
-9.770111739635467529e-02
-8.378898352384567261e-02
-7.830377668142318726e-02
-4.282186552882194519e-02
-4.271459579467773438e-02
-4.231889545917510986e-02
-3.954486176371574402e-02
-2.615509741008281708e-02
-8.851691335439682007e-02
-3.457077965140342712e-02
-5.479649826884269714e-02
-8.226945251226425171e-02
-1.161748245358467102e-01
-8.229069411754608154e-02
-1.017193719744682312e-01
-2.550017088651657104e-02
-4.248609021306037903e-02
-6.745277345180511475e-02
-7.655461132526397705e-02
-6.349928677082061768e-02
-6.583958864212036133e-02
-4.600984230637550354e-02
1.981345750391483307e-02
-5.018464103341102600e-02
-6.530094891786575317e-02
-1.761358231306076050e-02
-6.292629241943359375e-02
-7.785882800817489624e-02
-4.837733134627342224e-02
-3.250109404325485229e-02
1.562699116766452789e-02
-4.027836769819259644e-02
-7.924731820821762085e-02
-3.423631563782691956e-02
-7.547973096370697021e-02
-8.619689941406250000e-02
-3.448729962110519409e-02
-4.741024225950241089e-02
-2.550112456083297729e-02
-3.387260064482688904e-02
-6.217841431498527527e-02
-5.102338269352912903e-02
-5.691267177462577820e-02
-4.434649646282196045e-02
-6.930804997682571411e-02
-7.638824731111526489e-02
-5.708763003349304199e-02
-4.112697392702102661e-02
-7.532920688390731812e-02
-6.709540635347366333e-02
-7.248830795288085938e-02
-6.153864413499832153e-02
-3.213213384151458740e-02
-7.476096600294113159e-02
-5.310117080807685852e-02
-8.136419951915740967e-02
-7.159420847892761230e-02
-5.875909328460693359e-02
-1.663795672357082367e-02
4.312593862414360046e-02
-7.261462509632110596e-02
-1.010325476527214050e-01
-2.713366039097309113e-02
-5.501835793256759644e-02
-7.911863923072814941e-02
-5.968273431062698364e-02
-5.307650938630104065e-02
-6.572639942169189453e-02
-5.111112818121910095e-02
-6.196734681725502014e-02
-1.966867037117481232e-02
-6.134528666734695435e-02
-3.368893265724182129e-02
-2.191594056785106659e-02
-7.053653150796890259e-02
-6.132970750331878662e-02
-4.936382919549942017e-02
-5.555363744497299194e-02
-7.685431092977523804e-02
-4.017039388418197632e-02
-1.181040927767753601e-01
-5.047608166933059692e-02
-4.606731981039047241e-02
-4.179201647639274597e-02
-7.238844782114028931e-02
-3.511505946516990662e-02
-3.928814828395843506e-02
-3.986709192395210266e-02
-6.523606926202774048e-02
-4.546716809272766113e-02
-6.768792867660522461e-02
-4.048067331314086914e-02
-4.299078509211540222e-02
-3.315649181604385376e-02
-8.197237551212310791e-02
-7.681932300329208374e-02
-5.543508008122444153e-02
-8.654648810625076294e-02
-7.259422540664672852e-02
-2.803673036396503448e-02
-9.490589797496795654e-02
-6.412836909294128418e-02
-1.047754064202308655e-01
-4.798719659447669983e-02
-4.667035862803459167e-02
-1.815281249582767487e-02
-6.630162149667739868e-02
-7.938714325428009033e-02
-6.588795036077499390e-02
-6.703665107488632202e-02
-3.268800303339958191e-02
-5.006564036011695862e-02
-7.213103026151657104e-02
-8.661285042762756348e-02
-7.623769342899322510e-02
-6.235209852457046509e-02
-5.865349620580673218e-02
-7.042504101991653442e-02
-7.346295565366744995e-02
-3.982324898242950439e-02
-5.668003112077713013e-02
-8.756402879953384399e-02
-2.595494687557220459e-02
-5.919137597084045410e-02
-8.778354525566101074e-02
-1.078283879905939102e-02
-6.975071877241134644e-02
-5.968385189771652222e-02
-7.320104539394378662e-02
-5.812266469001770020e-02
-9.128694236278533936e-02
-5.573814734816551208e-02
-6.666565686464309692e-02
-2.118013799190521240e-03
-1.995093375444412231e-02
-7.928615063428878784e-02
-8.229830116033554077e-02
-7.387277483940124512e-02
-9.953206405043601990e-03
-4.620097205042839050e-02
-5.194886028766632080e-02
-4.214592650532722473e-02
-5.829430744051933289e-02
-5.461427569389343262e-02
-7.894217222929000854e-02
-7.312949746847152710e-02
-5.402657762169837952e-02
-5.714215338230133057e-02
-4.841462150216102600e-02
-1.097488924860954285e-01
-4.408366233110427856e-02
-4.631708562374114990e-02
-7.484240829944610596e-02
-4.449338465929031372e-02
-8.390251547098159790e-02
-7.017712295055389404e-02
-2.855342580005526543e-03
-6.186278909444808960e-02
-5.901965498924255371e-02
-7.029064930975437164e-03
-4.069560021162033081e-02
-2.185393683612346649e-02
-6.211978942155838013e-02
-4.505957011133432388e-03
-2.619833312928676605e-02
-6.359062343835830688e-02
-1.309693511575460434e-02
-6.359534710645675659e-02
-3.879867494106292725e-02
-5.506335198879241943e-02
-6.532028317451477051e-02
-4.494060575962066650e-02
-5.883542075753211975e-02
-6.619462370872497559e-02
-2.053715847432613373e-02
-3.872887045145034790e-02
-1.893450506031513214e-02
-4.810452088713645935e-02
-5.120319500565528870e-02
-4.863762855529785156e-02
-4.534274339675903320e-02
-7.602024823427200317e-03
-6.154746562242507935e-02
-3.617367893457412720e-02
-3.994616866111755371e-02
-3.562439233064651489e-02
-2.656513638794422150e-02
-6.511499732732772827e-02
-6.874272227287292480e-02
-4.121880233287811279e-02
-6.547581404447555542e-02
-6.805060058832168579e-02
-4.710884764790534973e-02
-6.324551254510879517e-02
-4.913969337940216064e-02
-4.731872305274009705e-02
-6.210983917117118835e-02
-7.106708735227584839e-02
-3.139567747712135315e-02
-4.780723154544830322e-02
-4.582295566797256470e-02
-1.137010678648948669e-01
2.134302631020545959e-02
-7.316475361585617065e-02
-9.330717474222183228e-02
-5.399687960743904114e-02
-5.474780127406120300e-02
-1.444160658866167068e-02
-4.734569787979125977e-02
-8.309736102819442749e-02
-1.109851710498332977e-02
-2.453884482383728027e-02
-1.965456642210483551e-02
-5.415905267000198364e-02
-2.901985310018062592e-03
-7.918755710124969482e-02
-6.938558071851730347e-02
-5.462749302387237549e-02
-5.271771922707557678e-02
-1.160168275237083435e-02
-3.846803680062294006e-02
-7.336483895778656006e-02
-3.423485159873962402e-02
-6.791323423385620117e-02
-5.474260821938514709e-02
-5.285578966140747070e-02
-5.296789482235908508e-02
-5.167946964502334595e-02
-4.510534554719924927e-02
-9.576717391610145569e-03
-4.794434830546379089e-02
-7.460014522075653076e-02
-5.971743166446685791e-02
-9.723269194364547729e-02
-4.922701790928840637e-02
-1.861228048801422119e-02
-1.708962582051753998e-02
-4.879105836153030396e-02
-6.335695087909698486e-02
-3.554769977927207947e-02
-5.681179091334342957e-02
-4.707979410886764526e-02
-6.574583798646926880e-02
-8.031585067510604858e-02
-8.556801825761795044e-02
-5.588140338659286499e-02
-6.667165458202362061e-02
-5.064093321561813354e-02
-8.979219943284988403e-02
-3.745698556303977966e-02
-6.064258888363838196e-02
-5.934779718518257141e-02
-4.176060110330581665e-02
-5.923334881663322449e-02
-4.705753549933433533e-02
-4.656442999839782715e-02
-7.180818915367126465e-02
-3.991681709885597229e-02
-6.806919723749160767e-02
-2.151372097432613373e-02
-1.994988694787025452e-02
-5.238767340779304504e-02
-2.138531580567359924e-02
-1.126730144023895264e-01
-7.245855033397674561e-02
-3.920891508460044861e-02
-6.566427648067474365e-02
-7.475782930850982666e-02
-9.545736014842987061e-02
-4.292791336774826050e-02
-6.840015202760696411e-02
-9.686769545078277588e-02
-5.082029104232788086e-02
-8.549940586090087891e-02
-3.925767168402671814e-02
-7.508274912834167480e-02
-4.486532136797904968e-02
-6.569285690784454346e-02
-5.901787057518959045e-02
-1.039089765981771052e-04
-3.790056332945823669e-02
-5.200723558664321899e-02
-6.169648095965385437e-02
-7.204712182283401489e-02
-3.303054720163345337e-02
-9.894806146621704102e-02
-5.373890325427055359e-02
-3.787168115377426147e-02
-7.014150172472000122e-02
-2.906226180493831635e-02
-6.924758851528167725e-02
-7.285830378532409668e-02
-5.911778286099433899e-02
-3.027396835386753082e-02
-5.472295358777046204e-02
-4.623340815305709839e-02
-6.640100479125976562e-02
-8.477492630481719971e-02
-5.939817428588867188e-02
-6.733751296997070312e-02
-8.001082390546798706e-02
-6.353307515382766724e-02
-9.009724855422973633e-02
-8.187108486890792847e-02
-6.834665685892105103e-02
-8.394169062376022339e-02
-7.310344278812408447e-02
-3.698340058326721191e-02
-8.898065239191055298e-02
-6.767412275075912476e-02
-5.004123225808143616e-02
-3.849580511450767517e-02
-7.418777793645858765e-02
-6.914200633764266968e-02
-6.686206161975860596e-02
-8.486345410346984863e-02
-3.786064684391021729e-02
-8.543345145881175995e-03
-6.247985735535621643e-02
-4.325647652149200439e-02
-9.629029780626296997e-02
-4.453203082084655762e-02
-5.002975463867187500e-02
-6.285933405160903931e-02
-8.215828984975814819e-02
-1.778093166649341583e-02
-7.197253406047821045e-02
-6.999766081571578979e-02
-3.429715335369110107e-02
-5.427426099777221680e-02
-9.251717478036880493e-02
-6.965202093124389648e-02
-4.595531895756721497e-02
-5.953492224216461182e-02
-5.368249490857124329e-02
-6.612638384103775024e-02
-1.008797585964202881e-01
-6.766574084758758545e-02
-6.119846925139427185e-02
-5.592051893472671509e-02
-7.802627235651016235e-02
-1.346314605325460434e-02
-4.788487777113914490e-02
-5.846318230032920837e-02
1.430946402251720428e-02
-5.989943444728851318e-02
-3.764353692531585693e-02
-1.695148274302482605e-02
-6.670393049716949463e-02
-6.770128756761550903e-02
-4.426514357328414917e-02
-6.716216355562210083e-02
-1.867638155817985535e-02
2.656183950603008270e-02
-7.978392392396926880e-02
-5.618098750710487366e-02
-7.735035568475723267e-02
-2.842858247458934784e-02
-3.273645043373107910e-02
3.836886258795857430e-03
-3.994661197066307068e-02
-1.025703102350234985e-01
-7.793431729078292847e-02
-3.464814648032188416e-02
-6.198047101497650146e-02
-5.139653384685516357e-02
-8.688779175281524658e-02
-3.077291883528232574e-02
-4.812476411461830139e-02
-1.032271012663841248e-01
-4.246605187654495239e-02
-6.297861784696578979e-02
-7.214247435331344604e-02
-4.401196539402008057e-02
-5.503542348742485046e-02
-7.916190475225448608e-02
-4.484884068369865417e-02
-4.268558695912361145e-02
-6.821125000715255737e-02
-4.712997376918792725e-02
-6.510113179683685303e-02
-6.171451508998870850e-02
-5.565636977553367615e-02
-6.152644008398056030e-02
-5.883666500449180603e-02
-7.336732745170593262e-02
-4.392891377210617065e-02
-5.281269550323486328e-02
-4.850681498646736145e-02
-7.097127288579940796e-02
-3.750256821513175964e-02
-7.889365404844284058e-02
-9.872938692569732666e-02
-7.181989401578903198e-02
-3.577418252825737000e-02
-9.194418787956237793e-02
-6.264059990644454956e-02
-8.384346216917037964e-02
-5.278597027063369751e-02
-3.797715529799461365e-02
1.923349313437938690e-02
-9.118519723415374756e-02
-5.089236795902252197e-02
-6.190435215830802917e-02
-3.393295407295227051e-02
-7.213581353425979614e-02
-5.565330013632774353e-02
-6.788028776645660400e-02
-6.234566122293472290e-02
-2.795311994850635529e-02
-4.080462455749511719e-02
-6.929444521665573120e-02
-6.499840319156646729e-02
-5.928282812237739563e-02
-7.076097279787063599e-02
-7.381146401166915894e-02
-7.936158031225204468e-02
-7.628271728754043579e-02
-5.184894055128097534e-02
-6.679437309503555298e-02
-5.516683682799339294e-02
-8.123433589935302734e-02
-5.298662185668945312e-02
-9.268800914287567139e-02
-7.953394949436187744e-02
-6.909480690956115723e-02
-8.596426248550415039e-02
-7.012089341878890991e-02
-3.601267188787460327e-02
-9.329748153686523438e-02
-4.722666367888450623e-02
-7.398562133312225342e-02
-4.555357620120048523e-02
-4.431312158703804016e-02
-8.551929891109466553e-02
-5.406230315566062927e-02
-8.380959182977676392e-02
-8.957694470882415771e-02
-5.538251250982284546e-02
-1.605611480772495270e-02
-6.740117818117141724e-02
-3.509160503745079041e-02
-5.189086869359016418e-02
-5.889254063367843628e-02
-5.486093088984489441e-02
-9.123964607715606689e-02
-5.573591589927673340e-02
-9.479916840791702271e-02
-7.548866420984268188e-02
-8.614027872681617737e-03
-4.350448772311210632e-02
-5.592950433492660522e-02
-1.431405358016490936e-02
-1.324066659435629845e-03
-5.283356085419654846e-02
-3.737523034214973450e-02
-4.730223491787910461e-02
-4.799281060695648193e-02
-2.405448630452156067e-02
-1.077923849225044250e-01
-1.448309607803821564e-02
-9.031148999929428101e-02
-6.249103695154190063e-02
-1.032325923442840576e-01
-8.660894632339477539e-02
-5.821513012051582336e-02
-6.988568603992462158e-02
-6.383666396141052246e-02
2.962454594671726227e-02
-5.829312652349472046e-02
-2.846734365448355675e-03
-4.854850843548774719e-02
-1.099093351513147354e-02
-3.143193945288658142e-02
-5.425341054797172546e-02
-5.834718421101570129e-02
-8.755695074796676636e-02
-6.540528684854507446e-02
-2.906034886837005615e-02
-8.366084098815917969e-02
-7.050496339797973633e-02
9.452477842569351196e-02
-9.119622409343719482e-02
-4.705075919628143311e-02
-5.876130610704421997e-02
-5.536118522286415100e-02
-1.080788671970367432e-01
-5.208385735750198364e-02
-3.729870170354843140e-02
-7.193562388420104980e-02
-9.517990797758102417e-02
-6.746101379394531250e-02
-5.059247091412544250e-02
-4.849020019173622131e-02
-4.763580858707427979e-02
-1.293250173330307007e-01
-6.596373021602630615e-02
-7.862713932991027832e-02
-6.201855093240737915e-02
-3.628212586045265198e-02
-8.607631176710128784e-02
-2.040101960301399231e-02
-4.556230828166007996e-02
-5.097499489784240723e-02
-8.489773422479629517e-02
-9.424315392971038818e-02
-6.262309104204177856e-02
-7.061135768890380859e-02
-6.896511465311050415e-02
-4.426931589841842651e-02
2.332972176373004913e-02
-5.488360673189163208e-02
-6.885717809200286865e-02
-3.125406801700592041e-02
-3.758107125759124756e-02
-6.574697792530059814e-02
-4.891318082809448242e-02
-5.802338197827339172e-02
-5.214377120137214661e-02
-6.723712384700775146e-02
-4.794637486338615417e-02
-5.866164714097976685e-02
-2.179190330207347870e-02
-9.290225058794021606e-02
-8.516376465559005737e-02
-8.058431744575500488e-02
-4.666403308510780334e-02
-1.130609065294265747e-01
-4.702881723642349243e-02
-4.610320180654525757e-02
-5.405633524060249329e-02
-6.916111707687377930e-02
-7.131963223218917847e-02
-3.578398004174232483e-02
-9.721422567963600159e-03
-7.435019314289093018e-02
-9.091054648160934448e-02
-4.178398102521896362e-02
-5.473133921623229980e-02
-6.893462687730789185e-02
-8.252263069152832031e-02
-5.411583557724952698e-02
-7.699671387672424316e-02
-6.121859326958656311e-02
-6.248554214835166931e-02
-6.168598681688308716e-02
-8.007543534040451050e-02
-7.761973142623901367e-02
-1.291516702622175217e-02
-1.082782447338104248e-02
-3.873044252395629883e-02
-5.165404081344604492e-02
-8.673026412725448608e-02
-5.229546874761581421e-02
-6.663596630096435547e-02
-3.725673630833625793e-02
-5.692623928189277649e-02
-6.185707449913024902e-02
-3.627639636397361755e-02
-4.491866007447242737e-02
-5.120898410677909851e-02
-6.905263662338256836e-02
-4.800272360444068909e-02
-4.093837365508079529e-02
-4.698072746396064758e-02
-6.254976242780685425e-02
-2.755531296133995056e-02
-5.930351093411445618e-02
-5.733251571655273438e-02
-4.552759230136871338e-02
-6.902120262384414673e-02
-8.717733621597290039e-02
-5.025144666433334351e-02
-8.762021362781524658e-02
-5.720311030745506287e-02
-5.093074217438697815e-02
-1.547437068074941635e-02
-5.433196574449539185e-02
-3.441140055656433105e-02
-3.617357462644577026e-02
-6.378486752510070801e-02
-8.428361266851425171e-02
-5.692476034164428711e-02
-6.760506331920623779e-02
-4.174086079001426697e-02
-7.083211094141006470e-02
-2.108896709978580475e-02
6.133690476417541504e-03
-3.460847213864326477e-02
-4.573130980134010315e-02
-5.663206800818443298e-02
-3.230023384094238281e-02
-5.980184301733970642e-02
-6.561325490474700928e-02
-5.141288042068481445e-02
-8.406698703765869141e-02
-7.408414036035537720e-02
-6.109252199530601501e-02
-9.637016057968139648e-02
-4.238368943333625793e-02
-1.721182838082313538e-02
-7.204826921224594116e-02
-1.401623338460922241e-02
-6.636503338813781738e-02
-5.507253110408782959e-02
-5.311894044280052185e-02
-3.381520137190818787e-02
-3.574845194816589355e-02
-6.540040671825408936e-02
-7.582129538059234619e-02
-5.020279437303543091e-02
-6.475801765918731689e-02
-5.543181300163269043e-02
-5.955221503973007202e-02
2.502264082431793213e-02
-5.127139389514923096e-02
-6.368993967771530151e-02
-7.022002339363098145e-02
-3.552473336458206177e-02
-7.632765918970108032e-02
4.942392185330390930e-02
-7.872503250837326050e-02
-4.624309018254280090e-02
-6.364739686250686646e-02
-3.525058552622795105e-02
-5.825359374284744263e-02
-5.695183575153350830e-02
-5.281075462698936462e-02
-6.039284914731979370e-02
-6.663805991411209106e-02
-4.845612868666648865e-02
-4.361873865127563477e-02
-4.815272986888885498e-02
-1.061419919133186340e-01
-3.070483915507793427e-02
-7.527467608451843262e-02
-6.134598702192306519e-02
-5.403367429971694946e-02
-6.140649691224098206e-02
-4.299973696470260620e-02
-4.473718255758285522e-02
-6.596127152442932129e-02
-7.914301753044128418e-02
-5.374832078814506531e-02
-7.565133273601531982e-02
-4.824495688080787659e-02
-4.313161969184875488e-02
-4.431280121207237244e-02
-3.887555375695228577e-02
-6.546034663915634155e-02
-5.171136558055877686e-02
-4.763809591531753540e-02
-3.374399989843368530e-02
-2.784169465303421021e-02
-6.124954670667648315e-02
-4.383663460612297058e-02
-5.379110947251319885e-02
-7.180303335189819336e-02
-6.999174505472183228e-02
-5.221280455589294434e-02
-5.279551818966865540e-02
-4.695016145706176758e-02
-6.839305907487869263e-02
-7.023087888956069946e-02
-3.760250657796859741e-02
-7.107094675302505493e-02
-5.279477313160896301e-02
-1.125445067882537842e-01
-5.648048967123031616e-02
-5.512844398617744446e-02
-7.392998784780502319e-02
-4.616463184356689453e-02
-5.675767734646797180e-02
-3.775935992598533630e-02
-1.079084724187850952e-02
-5.316811800003051758e-02
-5.797175690531730652e-02
-6.366088241338729858e-02
4.650122672319412231e-02
-3.062554635107517242e-02
-6.473490595817565918e-02
-7.955231558298692107e-05
-3.822286799550056458e-02
-4.789492487907409668e-02
-4.285253211855888367e-02
-6.501910835504531860e-02
-4.179290309548377991e-02
-3.082733415067195892e-02
-4.377657920122146606e-02
-4.218371957540512085e-02
-6.738100945949554443e-02
-7.854798436164855957e-02
-6.658341735601425171e-02
-8.399893343448638916e-02
-3.270700946450233459e-02
-8.128408342599868774e-02
-6.864978373050689697e-02
-5.920277535915374756e-02
-9.754988551139831543e-02
-5.622332170605659485e-02
-6.694418191909790039e-02
-6.298173218965530396e-02
-6.133196875452995300e-02
-7.784192264080047607e-02
-4.862889274954795837e-02
-8.384186774492263794e-02
1.757806912064552307e-02
-6.449501961469650269e-02
-6.190551444888114929e-02
-6.418137997388839722e-02
-6.632572412490844727e-02
