1.628410886041820049e-03
1.702905283309519291e-04
5.788924172520637512e-03
2.867443254217505455e-04
1.990734133869409561e-03
2.246019430458545685e-03
2.832825121004134417e-04
5.882671102881431580e-03
1.328257378190755844e-03
3.337886417284607887e-03
2.648670924827456474e-03
2.997439878527075052e-04
1.538782264105975628e-03
1.917700050398707390e-03
4.106250591576099396e-03
1.604356948519125581e-04
4.418796743266284466e-04
1.064670505002140999e-03
1.217398792505264282e-03
5.603198078460991383e-04
1.414913276676088572e-04
1.555259223096072674e-04
2.014611964114010334e-04
8.354018442332744598e-03
2.905506989918649197e-04
2.805880969390273094e-03
2.552192891016602516e-03
3.369533806107938290e-04
5.466399714350700378e-03
2.607145579531788826e-04
1.460181520087644458e-04
2.443678677082061768e-04
7.436848711222410202e-03
5.637000431306660175e-04
5.325329257175326347e-04
2.022957633016631007e-04
7.727355114184319973e-04
2.270172262797132134e-04
3.861081495415419340e-06
7.712700171396136284e-04
1.860343327280133963e-04
1.653978833928704262e-04
3.517781849950551987e-03
1.136682112701237202e-03
4.708121996372938156e-03
1.716419064905494452e-04
1.370982383377850056e-03
1.232585054822266102e-04
2.290351258125156164e-04
7.177355000749230385e-04
4.522146657109260559e-03
1.565309162288031075e-07
2.882973058149218559e-04
2.960337442345917225e-04
2.871849806979298592e-03
1.248184707947075367e-04
4.033389850519597530e-04
4.994460614398121834e-04
3.882446908392012119e-04
2.195442561060190201e-03
3.109364770352840424e-03
4.179635434411466122e-04
9.930773376254364848e-05
1.033703592838719487e-04
2.929281035903841257e-04
3.620153584051877260e-04
1.747818459989503026e-04
1.892247091745957732e-04
4.527081642891062074e-08
1.155454156105406582e-04
2.674010465852916241e-04
2.337021578568965197e-04
4.619369574356824160e-04
3.495703276712447405e-04
2.849418669939041138e-04
4.757080168928951025e-04
3.673585888464003801e-04
3.162745269946753979e-04
2.177324146032333374e-03
1.541604869998991489e-04
3.507285437081009150e-04
1.487066183472052217e-04
4.428252112120389938e-03
1.558539806865155697e-04
1.286963524762541056e-04
2.739172487054020166e-04
5.230269744060933590e-04
6.932790391147136688e-03
3.757282625883817673e-03
2.452744869515299797e-03
6.328435149043798447e-03
2.066455490421503782e-04
1.327151840087026358e-04
9.324256097897887230e-04
9.265514090657234192e-03
1.021144125843420625e-04
2.405879931757226586e-04
9.367064340040087700e-04
2.885662252083420753e-04
5.260910373181104660e-03
6.735215429216623306e-04
1.827839732868596911e-04
3.003023797646164894e-03
2.628715592436492443e-04
2.901467261835932732e-03
4.349600989371538162e-03
1.485494576627388597e-04
1.204027066705748439e-04
3.305281861685216427e-04
2.058161422610282898e-03
2.419192314846441150e-04
2.952361246570944786e-04
2.083975356072187424e-03
7.530794246122241020e-04
1.000297022983431816e-03
4.399977624416351318e-04
1.363632181892171502e-04
2.617735008243471384e-04
1.967153511941432953e-04
8.252359111793339252e-04
5.672755069099366665e-04
5.052874912507832050e-04
1.664599752984941006e-03
1.495834731031209230e-04
1.704155583865940571e-04
5.643187090754508972e-03
2.793393505271524191e-04
1.810017711250111461e-04
1.212437404319643974e-03
1.715178077574819326e-04
1.968129654414951801e-04
2.668821834959089756e-04
2.326985413674265146e-04
2.778716618195176125e-03
5.200521554797887802e-04
1.395690604113042355e-03
1.862639328464865685e-04
2.516233362257480621e-04
9.879752993583679199e-03
7.583963451907038689e-04
3.990645927842706442e-04
4.053508862853050232e-03
1.502397935837507248e-04
5.102423019707202911e-03
2.202949486672878265e-03
9.454293758608400822e-04
1.089548808522522449e-03
3.243882674723863602e-04
2.281880879309028387e-04
7.247295579873025417e-04
2.622521133162081242e-04
4.299524705857038498e-03
3.607878752518445253e-04
5.468796472996473312e-03
2.366721397265791893e-03
4.532793245743960142e-04
1.636139000765979290e-03
6.847590673714876175e-03
2.203822950832545757e-04
1.845018588937819004e-03
3.056491259485483170e-04
5.919059040024876595e-04
3.211627190466970205e-04
4.231913189869374037e-04
3.251866437494754791e-04
1.316577312536537647e-03
3.261973906774073839e-04
6.568888784386217594e-04
1.086490519810467958e-04
1.315630041062831879e-03
5.862555000931024551e-03
6.884266040287911892e-04
8.109320187941193581e-04
3.814489464275538921e-04
2.629709662869572639e-03
2.045719884335994720e-04
2.222463721409440041e-03
2.967914042528718710e-04
1.714219222776591778e-03
2.644872292876243591e-04
3.552493581082671881e-04
3.416287363506853580e-04
1.783852494554594159e-04
3.133765188977122307e-03
3.125419316347688437e-04
2.506507560610771179e-03
1.008154358714818954e-02
5.873584304936230183e-04
3.258431330323219299e-03
1.977170119062066078e-03
8.355542668141424656e-04
1.470768038416281343e-04
7.506250403821468353e-04
3.547803207766264677e-04
8.981474675238132477e-03
1.859843614511191845e-04
5.021800752729177475e-03
1.489387650508433580e-04
4.668228793889284134e-03
3.335552522912621498e-03
6.225713846362557202e-13
3.110418329015374184e-04
1.888090046122670174e-04
2.411866560578346252e-03
8.771166205406188965e-03
1.417074090568348765e-04
1.568930689245462418e-03
3.354677755851298571e-04
8.487143204547464848e-04
7.782527063682209700e-06
4.107325803488492966e-04
3.482556203380227089e-04
6.090239039622247219e-04
8.670342154800891876e-03
3.840468823909759521e-03
1.421608903910964727e-04
3.555528237484395504e-04
3.770134644582867622e-04
1.009425614029169083e-02
2.225635980721563101e-04
1.579217729158699512e-03
2.061259874608367682e-04
4.635279532521963120e-03
1.708663330646231771e-04
2.130485081579536200e-04
2.735251619014889002e-04
1.863443321781232953e-04
6.613578181713819504e-03
1.622565614525228739e-04
3.462847380433231592e-04
1.734073157422244549e-04
2.274592843605205417e-04
6.740943063050508499e-03
1.954369014129042625e-03
1.068355329334735870e-02
1.832792040659114718e-04
6.343768909573554993e-03
2.986544859595596790e-04
3.474403347354382277e-04
2.137063856935128570e-04
7.571402937173843384e-03
8.121659979224205017e-03
2.148682397091761231e-04
5.546884494833648205e-04
1.062827213900163770e-04
8.529183833161368966e-05
1.437307568266987801e-03
3.947362711187452078e-04
1.154116107500158250e-04
2.772480016574263573e-03
2.488323370926082134e-04
1.529224682599306107e-03
1.568516890984028578e-04
2.389087458141148090e-04
1.513556344434618950e-04
1.304869190789759159e-03
1.382324408041313291e-04
7.489299750886857510e-04
3.293702029623091221e-04
4.338537983130663633e-04
4.050516872666776180e-04
2.388683060416951776e-04
2.074473886750638485e-04
3.362199990078806877e-03
2.273704740218818188e-04
3.470553783699870110e-04
1.748955546645447612e-04
5.331001593731343746e-04
9.157261811196804047e-04
3.191641299054026604e-04
4.338921047747135162e-03
2.505664306227117777e-04
5.029049236327409744e-03
4.240181297063827515e-03
2.414213813608512282e-04
3.860973520204424858e-03
1.580398995429277420e-03
1.218291232362389565e-03
1.603749551577493548e-04
1.426880480721592903e-04
1.759247534209862351e-04
1.637456472963094711e-03
1.682625297689810395e-04
1.439495594240725040e-03
3.215379547327756882e-03
2.808180171996355057e-03
2.893031632993370295e-04
2.559619606472551823e-04
2.648061490617692471e-04
1.696794206509366632e-04
2.551908837631344795e-03
1.101222238503396511e-03
1.217817189171910286e-04
2.080489357467740774e-04
8.384051034227013588e-05
2.578789135441184044e-04
2.499951806385070086e-04
7.919522933661937714e-03
1.362646580673754215e-03
1.678019430073618423e-07
3.555506409611552954e-04
7.792036194587126374e-05
1.528950291685760021e-03
3.079732996411621571e-04
1.470287388656288385e-04
3.048608195967972279e-04
1.698547857813537121e-04
1.251447247341275215e-03
3.040645970031619072e-04
3.581748751457780600e-04
1.810464018490165472e-04
3.906143130734562874e-03
1.006506476551294327e-02
3.688773838803172112e-03
2.960205543786287308e-03
7.347285281866788864e-03
1.123051333706825972e-04
1.891979365609586239e-03
8.330340497195720673e-03
2.597047714516520500e-03
1.713984529487788677e-04
2.818605280481278896e-04
3.719778324011713266e-04
7.430936093442142010e-04
2.863901318050920963e-04
1.434468943625688553e-02
4.779008158948272467e-04
2.474107895977795124e-04
1.800341124180704355e-04
6.782111711800098419e-03
4.890973214060068130e-04
2.381727535976096988e-04
1.142669375985860825e-02
4.011230776086449623e-04
1.635187654756009579e-04
1.039067632518708706e-03
1.930623257067054510e-04
4.784149641636759043e-04
1.917451445478945971e-04
6.313492194749414921e-04
3.072689985856413841e-03
2.407968713669106364e-04
3.393127815797924995e-03
1.494902098784223199e-04
4.749390762299299240e-03
4.947953275404870510e-04
8.673573844134807587e-03
3.326670266687870026e-04
3.162421053275465965e-04
6.123026250861585140e-04
2.727870596572756767e-04
1.770969363860785961e-03
3.692327300086617470e-04
1.754949917085468769e-03
4.600563552230596542e-03
1.963869872270151973e-04
3.443967143539339304e-04
5.636416026391088963e-04
2.484757860656827688e-04
1.946328411577269435e-04
1.592871733009815216e-03
3.934371052309870720e-04
1.391927013173699379e-03
1.986791321542114019e-04
3.870640881359577179e-03
3.726273134816437960e-04
3.226769331376999617e-04
2.094898809446021914e-04
3.803566505666822195e-04
2.145109901903197169e-04
6.523674819618463516e-03
1.898533082567155361e-04
3.557310847099870443e-04
2.990668290294706821e-04
4.466623649932444096e-04
2.028148883255198598e-04
3.795406664721667767e-04
1.678617554716765881e-04
3.608248953241854906e-04
1.806317013688385487e-03
2.576690749265253544e-04
2.030624891631305218e-04
2.650621812790632248e-03
1.376106229145079851e-04
2.258130698464810848e-04
1.530539884697645903e-04
6.095275282859802246e-03
2.886130940169095993e-03
2.843338996171951294e-03
1.170543255284428596e-04
1.741290761856362224e-04
1.892423315439373255e-04
1.489927177317440510e-03
1.150500102085061371e-04
1.087074982933700085e-03
7.104185875505208969e-03
2.144420286640524864e-03
9.424984455108642578e-04
1.819667231757193804e-04
5.167027469724416733e-03
1.102213282138109207e-02
3.455596044659614563e-03
2.771292347460985184e-04
1.363549672532826662e-04
1.282659475691616535e-03
6.055766716599464417e-04
2.653691626619547606e-04
2.680059114936739206e-04
1.127170748077332973e-03
3.007733263075351715e-03
2.456822840031236410e-04
1.998992374865338206e-04
2.609941875562071800e-04
2.228991128504276276e-03
6.842914968729019165e-03
1.197546516777947545e-04
5.781399668194353580e-04
1.901618088595569134e-04
3.292300680186599493e-04
3.802870167419314384e-03
2.111537905875593424e-04
7.734986487776041031e-03
1.320190640399232507e-04
1.865636149886995554e-04
4.959469661116600037e-04
8.599285501986742020e-04
5.576801486313343048e-03
7.356789894402027130e-03
5.754964658990502357e-04
1.694421225693076849e-04
4.775049164891242981e-03
4.979926743544638157e-04
3.250778536312282085e-04
4.366341046988964081e-03
4.821265756618231535e-04
1.462006912333890796e-04
1.366290380246937275e-04
2.655812422744929790e-04
1.716417755233123899e-04
1.660344278207048774e-04
1.400211622240021825e-04
1.805379521101713181e-03
7.489137933589518070e-04
5.438491702079772949e-03
8.954213699325919151e-04
2.759390044957399368e-04
6.506935693323612213e-03
2.959833655040711164e-04
3.089867241214960814e-04
2.441725227981805801e-03
1.151553913950920105e-02
2.043193170209178788e-09
2.965082647278904915e-03
2.021270338445901871e-04
4.531236831098794937e-03
6.204606033861637115e-04
2.472483611200004816e-04
1.498149213148280978e-04
5.042568780481815338e-03
5.559736164286732674e-04
1.490085705881938338e-04
2.279334148624911904e-04
9.380105620948597789e-05
1.882445212686434388e-04
4.183959215879440308e-03
2.147299237549304962e-04
7.947617268655449152e-05
8.530491963028907776e-03
7.518312195315957069e-04
1.521597296232357621e-04
1.977440842892974615e-04
6.460945587605237961e-03
1.322769559919834137e-02
1.555632683448493481e-03
1.615604414837434888e-04
1.893424487207084894e-04
2.853682090062648058e-04
3.949909587390720844e-04
2.457005030009895563e-04
2.049890172202140093e-04
5.708797252736985683e-04
2.158474526368081570e-04
2.761620329692959785e-03
1.690162316663190722e-04
3.113336570095270872e-04
9.568926179781556129e-04
6.076632998883724213e-03
2.669298846740275621e-04
2.251040888950228691e-03
4.341636085882782936e-04
1.313750399276614189e-04
6.360639235936105251e-04
2.867022994905710220e-03
6.185571546666324139e-04
1.321955700404942036e-03
1.132226316258311272e-03
2.141451986972242594e-04
1.571485539898276329e-03
7.378168869763612747e-03
2.542960282880812883e-04
1.529491157270967960e-03
1.213207491673529148e-03
1.683701557340100408e-04
2.066823886707425117e-03
1.563915429869666696e-04
5.264240317046642303e-04
2.081070852000266314e-04
5.200445302762091160e-04
2.249631797894835472e-04
3.938353154808282852e-03
3.713795158546417952e-04
4.893712233752012253e-03
