1.164322122931480408e-01
4.141946136951446533e-02
6.899479776620864868e-02
2.148314751684665680e-02
1.446298602968454361e-02
4.243339598178863525e-02
8.450847119092941284e-02
5.330067500472068787e-02
1.014359015971422195e-02
6.762381643056869507e-02
3.474797680974006653e-02
1.722924858331680298e-01
5.927547812461853027e-02
2.887765876948833466e-02
2.841975167393684387e-02
1.858080364763736725e-02
2.461742237210273743e-02
2.177795395255088806e-02
1.637354306876659393e-02
2.987685985863208771e-02
1.740538328886032104e-02
6.700029969215393066e-02
2.478165924549102783e-02
1.093023177236318588e-02
1.002270132303237915e-01
1.198757514357566833e-01
1.078422181308269501e-02
5.958700086921453476e-03
2.904679626226425171e-02
3.955066204071044922e-02
1.377277914434671402e-02
4.077060520648956299e-02
1.156999394297599792e-01
6.573066115379333496e-02
2.035009860992431641e-02
2.652297317981719971e-01
1.936041936278343201e-02
2.078427746891975403e-02
3.492200002074241638e-02
3.389951586723327637e-02
3.612915053963661194e-02
2.319314144551753998e-02
7.877069525420665741e-03
1.544994395226240158e-02
1.481595542281866074e-02
1.953547075390815735e-02
7.288938760757446289e-02
5.130452662706375122e-02
1.272365357726812363e-02
2.439370565116405487e-02
1.980318874120712280e-02
4.872927442193031311e-02
2.219109609723091125e-02
8.464464917778968811e-03
1.422875560820102692e-02
4.714946448802947998e-02
3.746483847498893738e-02
1.201580688357353210e-01
2.613534778356552124e-02
2.796563133597373962e-02
2.466771565377712250e-02
2.503992617130279541e-02
2.639646083116531372e-02
1.385570690035820007e-02
3.704917058348655701e-02
1.544435974210500717e-02
1.097478717565536499e-01
2.249958179891109467e-02
1.203418746590614319e-01
1.648691855370998383e-02
5.699071660637855530e-02
2.176488935947418213e-02
2.282007783651351929e-02
4.278063774108886719e-02
8.885135874152183533e-03
3.475347906351089478e-02
3.407981619238853455e-02
5.123115330934524536e-02
2.092206478118896484e-02
4.572496563196182251e-02
3.444743156433105469e-02
5.667137354612350464e-02
1.836348138749599457e-02
2.007692307233810425e-02
2.227591723203659058e-02
1.824500970542430878e-02
2.725111134350299835e-02
1.918900944292545319e-02
3.713602572679519653e-02
8.949025720357894897e-02
1.310763414949178696e-02
1.934772916138172150e-02
4.243418276309967041e-01
2.139859274029731750e-02
5.906380712985992432e-02
9.526444226503372192e-02
1.743022911250591278e-02
2.790270559489727020e-02
5.449606850743293762e-02
2.102116355672478676e-03
1.266970857977867126e-02
4.120980948209762573e-02
4.404344409704208374e-02
2.510377392172813416e-02
2.988313734531402588e-01
1.525557786226272583e-02
6.813646107912063599e-02
1.506950892508029938e-02
2.328183315694332123e-02
3.262145817279815674e-02
2.044054120779037476e-02
2.617200091481208801e-02
4.992353171110153198e-02
8.726980537176132202e-02
3.692420199513435364e-02
1.345670036971569061e-02
4.607789218425750732e-02
1.344766560941934586e-02
3.343513980507850647e-02
2.948636002838611603e-02
1.675586961209774017e-02
1.836417801678180695e-02
1.729277707636356354e-02
4.245637729763984680e-02
1.943747140467166901e-02
1.111729443073272705e-01
1.536082029342651367e-01
1.507550571113824844e-02
