4.359384998679161072e-03
-1.628620177507400513e-01
-8.002977073192596436e-02
-5.735789984464645386e-02
-4.098573327064514160e-02
-1.045456826686859131e-01
-6.291919201612472534e-02
8.090297132730484009e-02
4.193453118205070496e-02
-1.274616923183202744e-02
2.573957741260528564e-01
-1.921449154615402222e-01
-9.819994121789932251e-02
3.275759145617485046e-02
5.318043753504753113e-03
3.072331659495830536e-02
3.958680480718612671e-02
-1.935868151485919952e-02
-1.321658864617347717e-02
-8.478755503892898560e-02
1.408268604427576065e-02
-1.479454338550567627e-01
-3.962945193052291870e-02
-1.437170896679162979e-02
-2.086979597806930542e-01
-6.304244697093963623e-02
-4.834572598338127136e-02
-5.465645715594291687e-02
3.598673269152641296e-03
1.064961031079292297e-01
-3.141226619482040405e-02
1.369309518486261368e-02
-1.141762768384069204e-04
-3.780800104141235352e-02
-2.368687093257904053e-02
-2.538663521409034729e-02
-2.722738496959209442e-02
-3.688100259751081467e-04
-1.065911427140235901e-01
-5.672044679522514343e-02
-4.453629627823829651e-02
-2.568373978137969971e-01
-1.193447336554527283e-01
-1.328200940042734146e-02
-2.473870292305946350e-02
2.967149578034877777e-02
-2.489927969872951508e-02
8.741560392081737518e-03
4.431156069040298462e-02
-2.171995639801025391e-01
-9.021584689617156982e-02
-2.121769450604915619e-02
9.688137099146842957e-03
-1.510973423719406128e-01
1.421783864498138428e-01
-1.811008714139461517e-02
-1.075190678238868713e-01
-2.625789120793342590e-02
-1.952670328319072723e-02
2.650992572307586670e-02
-4.675746336579322815e-02
-1.226765513420104980e-01
-1.979559101164340973e-02
-7.295811176300048828e-02
-6.426835060119628906e-02
8.499487489461898804e-02
-4.618879780173301697e-02
1.647284924983978271e-01
3.953698650002479553e-02
-1.326874643564224243e-01
-7.451786845922470093e-02
-1.119196694344282150e-02
5.835757777094841003e-02
6.623627990484237671e-02
-5.517395585775375366e-02
-2.292515784502029419e-01
-7.721281796693801880e-02
-5.402957275509834290e-02
1.392649859189987183e-02
-9.634152054786682129e-02
3.526795282959938049e-02
-8.543536067008972168e-02
-5.916164815425872803e-02
5.791324004530906677e-02
-3.073086403310298920e-02
-2.702455222606658936e-01
-5.736096203327178955e-02
-8.953528106212615967e-02
3.141197189688682556e-02
-7.431907206773757935e-02
-2.317157685756683350e-01
-1.521032303571701050e-02
8.701374172233045101e-04
-2.036601677536964417e-02
-2.376760914921760559e-02
-3.854492679238319397e-02
-5.847616493701934814e-02
-6.647703051567077637e-02
-2.520527690649032593e-02
-5.400818213820457458e-02
-7.141094654798507690e-02
9.699339978396892548e-03
3.301407396793365479e-02
2.198075875639915466e-02
2.176051214337348938e-02
-7.900626957416534424e-02
-6.929060816764831543e-02
-1.070184446871280670e-02
-2.191045284271240234e-01
-7.721602171659469604e-02
-1.595802009105682373e-01
2.281952882185578346e-03
-2.997802384197711945e-02
-1.218575518578290939e-02
-9.864923544228076935e-03
-3.514106944203376770e-02
2.234323695302009583e-02
-6.076046824455261230e-02
-1.223305091261863708e-01
-1.506046950817108154e-01
-1.216956228017807007e-01
6.787140667438507080e-02
-3.726974129676818848e-02
-2.906105294823646545e-02
7.520863413810729980e-02
-1.816942356526851654e-02
-7.071076333522796631e-02
-4.044641181826591492e-02
-4.284370318055152893e-02
-6.014300882816314697e-02
-1.074559912085533142e-01
1.958240568637847900e-02
-5.134634301066398621e-02
-7.882262766361236572e-02
-2.435966432094573975e-01
-7.914325594902038574e-02
-5.230292305350303650e-02
3.028434934094548225e-03
-5.614888295531272888e-02
2.565093152225017548e-02
-2.468010410666465759e-02
-8.673229813575744629e-02
2.461286261677742004e-02
8.039587177336215973e-03
5.008790269494056702e-02
1.146414037793874741e-02
-4.866016283631324768e-02
-1.961206644773483276e-01
-4.447574913501739502e-02
9.053932875394821167e-02
-3.340650722384452820e-02
-3.296303004026412964e-02
5.448955297470092773e-02
1.578084528446197510e-01
-1.848074942827224731e-01
-6.805415730923414230e-03
-9.074325114488601685e-02
-9.301115572452545166e-02
-9.831116348505020142e-02
-1.130932494997978210e-01
3.073284961283206940e-02
-1.500782668590545654e-01
-2.728230878710746765e-02
-1.417729258537292480e-02
-5.724361166357994080e-02
6.112979259341955185e-03
-1.919218003749847412e-01
-7.068928331136703491e-02
-1.606838852167129517e-01
1.329061691649258137e-03
1.151008978486061096e-01
-1.160157024860382080e-01
-1.812334805727005005e-01
-3.237642347812652588e-02
-2.995981089770793915e-02
-1.576773822307586670e-01
1.794664375483989716e-02
-7.765455543994903564e-02
-1.054517254233360291e-01
-1.377479732036590576e-01
-5.283225700259208679e-02
1.115799471735954285e-01
-4.370425269007682800e-02
-5.147615447640419006e-02
-1.108613759279251099e-01
3.188914805650711060e-02
-3.523154556751251221e-02
3.418215736746788025e-02
1.358934789896011353e-01
-4.162610694766044617e-02
1.774480007588863373e-02
-4.109538346529006958e-02
5.261787772178649902e-02
-8.747720718383789062e-02
-5.309848859906196594e-02
1.460532695055007935e-01
-9.055715054273605347e-02
-1.176836490631103516e-01
-4.020025022327899933e-03
-1.968619078397750854e-01
-5.128865316510200500e-02
3.419224545359611511e-02
-1.155466958880424500e-01
1.670802757143974304e-02
-2.641878277063369751e-02
-1.317203044891357422e-03
1.263577863574028015e-02
-1.905710063874721527e-02
-1.236629709601402283e-01
-1.031354293227195740e-01
-1.848403364419937134e-02
-1.057304069399833679e-01
-3.595495596528053284e-02
-4.699194058775901794e-02
-3.665774315595626831e-02
-2.803669273853302002e-01
-4.037543013691902161e-02
6.949342042207717896e-02
1.688736826181411743e-01
-8.141274563968181610e-03
-2.822867222130298615e-02
-5.625060573220252991e-02
-9.090043604373931885e-02
-1.174564287066459656e-02
-9.146461635828018188e-02
-1.326652318239212036e-01
-1.364471763372421265e-01
-7.527186721563339233e-02
2.512509748339653015e-02
-7.438948005437850952e-02
-3.485240042209625244e-02
-3.239940106868743896e-02
6.162893399596214294e-02
-6.586541235446929932e-02
-9.792692214250564575e-02
1.800179830752313137e-03
-7.303993403911590576e-02
3.317878767848014832e-02
-5.400991439819335938e-02
-3.654411062598228455e-02
7.983741909265518188e-02
-2.134731225669384003e-02
5.071856454014778137e-02
-1.607587188482284546e-01
-2.316365763545036316e-02
-4.130804538726806641e-02
-1.323492527008056641e-01
-5.284765362739562988e-02
-7.787694782018661499e-02
-1.470346897840499878e-01
3.431790694594383240e-02
-3.512757271528244019e-02
8.725650608539581299e-03
-1.720791608095169067e-01
-4.091184213757514954e-02
-2.858002111315727234e-02
