-5.676526576280593872e-02
-9.385512024164199829e-02
1.160623971372842789e-02
-1.835505217313766479e-01
3.366808593273162842e-02
-1.706541031599044800e-01
-1.542409062385559082e-01
-3.947080671787261963e-02
-5.654161795973777771e-03
-2.564533799886703491e-02
-1.353847514837980270e-02
-7.070355117321014404e-02
-4.441121220588684082e-02
-2.743545360863208771e-02
-2.934102527797222137e-02
-9.064657986164093018e-02
-6.313110142946243286e-02
-6.629761308431625366e-02
-1.744686514139175415e-01
-1.742434650659561157e-01
-9.787190705537796021e-02
-9.390895068645477295e-02
-5.574521049857139587e-02
-3.901731222867965698e-02
-4.088788479566574097e-02
-8.025417476892471313e-02
3.410504385828971863e-02
-8.100211620330810547e-02
-6.347075104713439941e-02
2.005789056420326233e-02
-4.889042675495147705e-02
-2.054737508296966553e-02
-4.719640314579010010e-02
-1.139450594782829285e-01
-4.786408692598342896e-02
4.000821337103843689e-02
-8.903341740369796753e-02
1.157168298959732056e-02
-1.147462576627731323e-01
4.806055128574371338e-02
-1.160286068916320801e-01
1.827988624572753906e-01
-2.766328677535057068e-02
-7.817293703556060791e-02
-7.908095419406890869e-02
-8.900137990713119507e-02
-6.304313987493515015e-02
-1.658499091863632202e-01
-5.691389739513397217e-02
-6.712628901004791260e-02
-4.772933200001716614e-02
-6.692582368850708008e-02
-1.230992525815963745e-01
-8.033988624811172485e-02
-6.672329455614089966e-02
-3.692930564284324646e-02
-1.149643287062644958e-01
1.465467363595962524e-02
-1.880172640085220337e-02
-1.249845623970031738e-01
-1.701966822147369385e-01
-6.083770655095577240e-03
-9.544169157743453979e-02
-3.979668766260147095e-02
1.724970934446901083e-04
-1.510104630142450333e-02
-9.421353042125701904e-02
-4.677489399909973145e-02
-8.932485431432723999e-02
-6.614669691771268845e-03
-1.095947902649641037e-02
-9.209288656711578369e-02
-4.993844404816627502e-02
-7.195179164409637451e-02
-1.288556605577468872e-01
-8.899362385272979736e-02
1.661838218569755554e-02
-1.174223646521568298e-01
-1.157469823956489563e-01
-1.001568287611007690e-01
-6.058256328105926514e-02
-1.873986609280109406e-02
-2.367949858307838440e-02
-3.460249630734324455e-03
-1.104855909943580627e-01
-6.786118447780609131e-02
-7.452516257762908936e-02
-1.741342432796955109e-02
-6.101227924227714539e-02
-9.940187633037567139e-02
-1.560570392757654190e-02
1.420446485280990601e-02
-5.699035152792930603e-02
-8.754502981901168823e-02
-3.679472021758556366e-03
1.444980595260858536e-02
-6.005194783210754395e-02
-5.489332601428031921e-02
-6.749762222170829773e-03
-1.998672820627689362e-02
-9.488331526517868042e-02
-6.477852910757064819e-02
-1.183847635984420776e-01
-1.198330149054527283e-02
-7.555469125509262085e-02
-1.802077400498092175e-03
-1.428394615650177002e-01
-8.738079667091369629e-02
-7.344088703393936157e-02
-8.402184396982192993e-02
4.729031398892402649e-02
-1.010421290993690491e-01
-1.072471588850021362e-01
-4.485499858856201172e-02
4.588587209582328796e-02
-9.975942969322204590e-02
-3.064074367284774780e-02
-1.279046386480331421e-01
-1.006469726562500000e-01
-4.840392619371414185e-02
5.217491835355758667e-02
-1.893202774226665497e-02
-4.208749905228614807e-02
-5.740011855959892273e-02
-4.713451117277145386e-02
-1.739941351115703583e-02
-1.442523766309022903e-02
-8.816619217395782471e-02
-1.020200923085212708e-01
-3.874883428215980530e-02
-5.879192799329757690e-02
-1.073737349361181259e-02
-9.324233233928680420e-02
-2.149991691112518311e-02
-5.497934669256210327e-02
-1.057884320616722107e-01
-4.818498715758323669e-02
-3.649881482124328613e-02
9.970085322856903076e-02
-7.195486128330230713e-02
-7.848732918500900269e-02
-3.853834047913551331e-02
-3.649961203336715698e-02
-3.922100644558668137e-03
-3.800399228930473328e-02
-7.689058035612106323e-02
1.102074515074491501e-03
-1.404342055320739746e-01
-3.120499849319458008e-02
-8.265594020485877991e-03
-3.119816072285175323e-02
-4.689835757017135620e-02
-6.484550982713699341e-02
-1.263281702995300293e-01
-5.753932148218154907e-02
-4.908812418580055237e-02
-1.216047033667564392e-01
-1.039206236600875854e-01
-4.156738892197608948e-02
-5.210758373141288757e-02
-4.836443439126014709e-02
-5.048459395766258240e-02
2.159102261066436768e-02
-2.811059914529323578e-02
-1.156583726406097412e-01
-6.809736788272857666e-02
-1.986749842762947083e-02
1.418539322912693024e-02
-1.271906644105911255e-01
-7.116012275218963623e-02
-6.164947152137756348e-02
1.307954359799623489e-02
-3.120774403214454651e-02
-1.028682589530944824e-01
-1.010920107364654541e-01
-1.296238899230957031e-01
-4.936258494853973389e-02
-8.729092776775360107e-02
1.231665723025798798e-03
-2.559351176023483276e-02
-2.236730046570301056e-02
-1.417480558156967163e-01
-1.275933347642421722e-02
-5.577598139643669128e-02
1.447042357176542282e-02
2.590154483914375305e-02
-4.920984059572219849e-02
-2.362784184515476227e-02
1.048433594405651093e-02
-3.220171853899955750e-02
-2.973868977278470993e-03
-1.470886319875717163e-01
-5.873220413923263550e-02
-1.374750118702650070e-02
-1.887925527989864349e-02
-2.988346666097640991e-02
-1.209719926118850708e-01
2.404318004846572876e-02
-1.806593984365463257e-01
-8.167184889316558838e-02
-1.126131042838096619e-01
-1.424913406372070312e-01
-8.606279641389846802e-02
-5.750986561179161072e-02
-1.099270433187484741e-01
-4.652131721377372742e-02
-3.099542111158370972e-02
-7.646419107913970947e-02
-6.090080365538597107e-02
-1.152723655104637146e-01
-1.609008610248565674e-01
-4.381211474537849426e-02
-1.789882220327854156e-02
-1.094631850719451904e-01
7.612705230712890625e-03
-1.140990108251571655e-01
-1.393893063068389893e-01
-6.061588227748870850e-02
-8.180525898933410645e-02
-6.801532208919525146e-02
-4.282511398196220398e-02
-6.207681819796562195e-02
-6.233707815408706665e-02
-1.137749180197715759e-01
-1.250783205032348633e-01
1.602797769010066986e-03
-5.912338569760322571e-02
-5.379744991660118103e-02
-5.452568456530570984e-02
-1.292821168899536133e-01
-4.352582991123199463e-02
2.891456522047519684e-02
-1.082662269473075867e-01
-2.316803112626075745e-02
1.375788240693509579e-03
-2.901002392172813416e-02
-6.263740360736846924e-02
-6.592770665884017944e-02
-5.223317444324493408e-02
-4.666386917233467102e-02
-7.446040958166122437e-02
3.234679996967315674e-02
-1.183058917522430420e-01
-6.981121003627777100e-02
-8.899293094873428345e-02
-8.501353859901428223e-02
-1.098425127565860748e-02
-3.093491867184638977e-02
-1.972545683383941650e-02
-1.140147596597671509e-01
-4.251090437173843384e-02
-2.581938356161117554e-02
-5.152547359466552734e-02
-2.724229730665683746e-02
1.011936087161302567e-02
-3.570756688714027405e-02
