6.861524283885955811e-02
-5.923768877983093262e-02
-1.341405510902404785e-02
-4.823167622089385986e-02
-1.316832192242145538e-02
-8.748695999383926392e-02
-4.309602454304695129e-02
7.903909683227539062e-02
-2.009542286396026611e-02
-1.426472812891006470e-01
-1.087283268570899963e-01
-5.438750982284545898e-02
-1.140721589326858521e-01
-1.405798047780990601e-01
-5.203676596283912659e-02
-1.277223229408264160e-01
-7.244645059108734131e-02
-2.086759172379970551e-02
-6.315200030803680420e-02
-4.194474965333938599e-02
-1.447438541799783707e-02
-2.396207861602306366e-02
-8.556854724884033203e-02
7.134053856134414673e-03
6.634929031133651733e-02
-6.093258410692214966e-02
-3.351988643407821655e-02
-6.627317517995834351e-02
-3.150095418095588684e-02
-3.304124623537063599e-02
-6.142757833003997803e-02
-4.855039343237876892e-02
-8.240918070077896118e-02
-3.413641452789306641e-02
-2.647774526849389076e-03
-5.648179352283477783e-02
-3.864540904760360718e-02
-6.090056523680686951e-02
-3.462331369519233704e-02
-7.553463429212570190e-02
-1.241490095853805542e-01
-1.540404707193374634e-01
-5.226001515984535217e-02
-7.365104556083679199e-02
-1.048398949205875397e-02
-8.298638463020324707e-02
-5.888878926634788513e-02
-1.892041116952896118e-01
-1.012268215417861938e-01
-6.719868630170822144e-02
-7.343561202287673950e-02
-2.766214683651924133e-02
1.503104716539382935e-02
-1.482069790363311768e-01
-1.165305972099304199e-01
-5.830899626016616821e-02
-6.626640260219573975e-02
-2.823688834905624390e-02
-4.470853880047798157e-02
-3.830815851688385010e-02
-6.152939423918724060e-02
-4.107672348618507385e-02
-6.487490236759185791e-02
-5.017096549272537231e-02
-8.520291000604629517e-02
4.730525612831115723e-02
-7.162904739379882812e-02
-1.401604712009429932e-01
-3.448355942964553833e-02
-6.824322044849395752e-02
-5.652726441621780396e-02
-6.438601016998291016e-02
-2.418011054396629333e-02
-9.366916865110397339e-02
-2.008750736713409424e-01
-5.702089890837669373e-02
-5.656021088361740112e-02
-1.595876738429069519e-02
-1.242992728948593140e-01
-6.456388533115386963e-02
-5.224728956818580627e-02
-7.266358286142349243e-02
-1.252220273017883301e-01
-4.502704367041587830e-03
-4.309245198965072632e-02
-1.885480433702468872e-02
-5.350819975137710571e-02
-8.691517263650894165e-02
-5.997862294316291809e-02
-3.057228587567806244e-02
-5.069723725318908691e-02
-7.879942655563354492e-02
-4.612258076667785645e-02
-4.653219133615493774e-03
-2.489302121102809906e-02
-9.976626187562942505e-02
-5.768926069140434265e-02
-8.187739551067352295e-02
-3.914547711610794067e-02
-5.442206934094429016e-02
-5.453408882021903992e-02
-9.414803981781005859e-02
-6.109454855322837830e-02
-4.988808929920196533e-02
-1.643016785383224487e-01
-3.511754423379898071e-02
-1.018293574452400208e-01
-6.426404416561126709e-02
-5.823487043380737305e-02
-1.039455905556678772e-01
-8.041027933359146118e-03
-6.582472473382949829e-02
-3.232389688491821289e-02
-3.037145175039768219e-02
-6.995459645986557007e-02
-8.912576735019683838e-02
-1.839048042893409729e-02
-5.476191267371177673e-02
-5.009379237890243530e-02
-7.238877564668655396e-02
-1.772218495607376099e-01
-7.541656494140625000e-02
2.950583212077617645e-02
-4.947982728481292725e-02
-4.931732639670372009e-02
-1.547636091709136963e-02
-7.823868840932846069e-02
-7.427507638931274414e-02
-1.703549176454544067e-02
5.072495434433221817e-03
-3.824443370103836060e-02
-4.982613772153854370e-02
-1.067783385515213013e-01
-5.137909203767776489e-02
-4.946035519242286682e-02
-7.824365049600601196e-02
-3.509374102577567101e-03
-6.524998694658279419e-02
-2.969274856150150299e-02
-9.436412900686264038e-02
-8.567719906568527222e-02
-1.321020275354385376e-01
-8.452185243368148804e-02
-8.698486536741256714e-02
-9.491200000047683716e-02
-1.656875163316726685e-01
-6.505706906318664551e-02
-4.641162013285793364e-05
-1.004676893353462219e-01
-4.411546140909194946e-02
-7.946339994668960571e-02
-6.123052537441253662e-02
-8.237956464290618896e-02
-6.748648732900619507e-02
-8.183345943689346313e-02
-9.690700098872184753e-03
-1.023018453270196915e-02
8.702738210558891296e-03
-1.199973821640014648e-01
-7.122389227151870728e-02
-5.974235758185386658e-02
9.639990516006946564e-03
-8.501140773296356201e-02
-8.209636062383651733e-02
-2.796919085085391998e-02
-1.129697337746620178e-01
-4.208511486649513245e-02
9.250375442206859589e-03
-2.096608467400074005e-02
-3.810143843293190002e-02
-3.520372137427330017e-02
-5.262865126132965088e-02
-1.096790879964828491e-01
-5.094279721379280090e-02
-8.572616428136825562e-02
2.596359513700008392e-02
-1.247521266341209412e-01
-7.632696628570556641e-02
-2.645740099251270294e-02
-8.547928929328918457e-02
-3.624390810728073120e-02
-8.553112298250198364e-02
-1.298131048679351807e-01
-9.722301363945007324e-02
-2.086975127458572388e-01
-4.330604523420333862e-02
-3.891881555318832397e-02
-1.180958822369575500e-01
-6.215697154402732849e-02
1.360213477164506912e-02
-4.284114018082618713e-02
-1.716564595699310303e-01
-3.345469385385513306e-02
-3.721609339118003845e-02
-1.070386916399002075e-01
-5.346710234880447388e-02
-6.552449613809585571e-02
-4.785070195794105530e-02
-5.712318792939186096e-02
-1.453319489955902100e-01
-5.792348459362983704e-02
7.199561595916748047e-02
-1.537396106868982315e-02
-1.048320606350898743e-01
-2.755309082567691803e-02
-1.189282238483428955e-01
-5.992225836962461472e-03
-6.168903037905693054e-02
5.238142237067222595e-02
-8.427447080612182617e-02
-6.459125876426696777e-02
-3.809372335672378540e-02
-1.255419403314590454e-01
-3.672000765800476074e-02
-7.371152192354202271e-02
-8.689811825752258301e-02
-4.072245210409164429e-02
-8.439561352133750916e-03
-5.810060352087020874e-02
-1.164051368832588196e-01
6.347387284040451050e-02
-1.105422675609588623e-01
-6.823221594095230103e-02
2.901531569659709930e-02
-5.535404756665229797e-02
-1.292138993740081787e-01
-2.555735968053340912e-02
-1.310810297727584839e-01
-4.566545039415359497e-02
-6.711237132549285889e-02
-1.456088423728942871e-01
-6.471507996320724487e-02
-7.015296071767807007e-02
1.316475775092840195e-02
-4.334148392081260681e-02
-7.813622057437896729e-02
-7.556400448083877563e-02
-4.589609056711196899e-02
5.309453979134559631e-02
-7.954201847314834595e-02
-1.190893501043319702e-01
-7.642712444067001343e-02
-9.806398302316665649e-02
-1.009877771139144897e-01
8.300133980810642242e-03
-1.972114145755767822e-01
-4.818518459796905518e-02
-5.215880647301673889e-02
-1.394090615212917328e-02
-7.490257918834686279e-02
-6.990250945091247559e-02
-2.703393623232841492e-02
-4.337660223245620728e-02
-5.389492958784103394e-02
-6.489460915327072144e-02
-5.453260242938995361e-02
-4.137323703616857529e-03
-4.225049167871475220e-02
-1.059146746993064880e-01
-8.674273639917373657e-02
-4.218913987278938293e-02
-1.022255644202232361e-01
-7.692644745111465454e-02
-6.860085576772689819e-02
-2.426599897444248199e-02
-4.858897998929023743e-02
-1.374383270740509033e-01
-1.269485056400299072e-01
-1.042924448847770691e-01
-1.427000313997268677e-01
-5.896504223346710205e-02
-4.552584886550903320e-02
-7.101046293973922729e-02
-7.078475784510374069e-03
-1.073629781603813171e-01
-5.625025182962417603e-02
-2.859761565923690796e-02
-1.003280133008956909e-01
-5.308199301362037659e-02
-7.054355740547180176e-02
-4.401976615190505981e-02
-7.010900229215621948e-02
-7.984835654497146606e-02
-1.363634318113327026e-02
-5.321484059095382690e-02
2.113262563943862915e-02
-9.228598326444625854e-02
-3.771417215466499329e-02
-5.745391175150871277e-02
-1.101905480027198792e-02
-2.897350676357746124e-02
-1.060717403888702393e-01
-3.228610381484031677e-02
-8.999618887901306152e-02
-1.774929314851760864e-01
-4.789802804589271545e-02
-1.294290460646152496e-02
-3.438378125429153442e-02
-6.913432478904724121e-02
-1.957826912403106689e-01
-1.421922892332077026e-01
-2.999348007142543793e-02
-6.550210714340209961e-02
-5.050528421998023987e-02
-6.829737871885299683e-02
-1.994961127638816833e-02
6.162263453006744385e-02
-4.130322486162185669e-02
7.077570259571075439e-02
-1.087900400161743164e-01
-7.837275415658950806e-02
3.047861531376838684e-02
-4.456268623471260071e-02
-2.181266620755195618e-02
-5.167148262262344360e-02
-7.529000937938690186e-02
4.224608838558197021e-02
-9.309682250022888184e-02
-5.079968646168708801e-02
6.717083044350147247e-03
-1.058831140398979187e-01
1.344366185367107391e-02
-1.039526984095573425e-02
-9.151849895715713501e-02
-1.544934045523405075e-02
-5.182826891541481018e-02
-6.490089744329452515e-02
-9.544184058904647827e-02
-3.498811274766921997e-02
2.268449217081069946e-02
-4.347573220729827881e-02
-4.032481089234352112e-02
-8.098143339157104492e-02
-6.218766793608665466e-02
-4.450164362788200378e-02
-2.948832325637340546e-02
-1.223192438483238220e-01
-1.034554466605186462e-01
-2.223900109529495239e-01
-1.215932741761207581e-01
-7.112045586109161377e-02
-3.164857998490333557e-02
9.864982217550277710e-02
-3.860027715563774109e-02
-3.938532993197441101e-02
8.639692328870296478e-03
-9.251807630062103271e-02
-5.041819438338279724e-02
-1.433913968503475189e-02
-3.867623209953308105e-02
-6.047176197171211243e-02
1.355928089469671249e-02
-5.246225744485855103e-02
-9.304523468017578125e-02
5.548630282282829285e-02
-5.498432088643312454e-03
-6.118033826351165771e-02
-8.496972173452377319e-02
8.358633145689964294e-03
1.182758435606956482e-02
-1.440033782273530960e-02
-3.731547296047210693e-02
-6.753540784120559692e-02
-7.127706706523895264e-02
-1.122030615806579590e-01
-8.536835759878158569e-02
-6.542781740427017212e-02
6.149431318044662476e-02
-3.570327535271644592e-02
-4.280292615294456482e-02
-9.293633699417114258e-02
-1.168702915310859680e-01
-1.150299906730651855e-01
-5.544446781277656555e-02
-7.481884211301803589e-02
-5.968452990055084229e-02
-1.758619397878646851e-02
-8.299040794372558594e-02
-4.513495042920112610e-02
-6.285301409661769867e-03
-2.923059836030006409e-02
-3.542335703969001770e-02
-7.403048127889633179e-02
-8.252403140068054199e-02
-8.432159572839736938e-02
-6.186040118336677551e-02
-1.379313468933105469e-01
-7.355945557355880737e-02
-6.317895650863647461e-02
-1.566755324602127075e-01
-4.879629611968994141e-02
-7.620865106582641602e-02
-8.913914114236831665e-02
-1.676638424396514893e-01
-7.558897137641906738e-03
-6.961424648761749268e-02
-4.542844742536544800e-02
-3.424442559480667114e-02
-8.507174998521804810e-02
-3.017056919634342194e-02
-7.664955407381057739e-02
1.543963607400655746e-02
-2.708879858255386353e-02
-4.358802735805511475e-02
-6.456557661294937134e-02
3.367060050368309021e-02
-1.320704668760299683e-01
-1.042589824646711349e-02
-1.860946044325828552e-02
-4.057200625538825989e-02
-9.961223602294921875e-02
-7.925441488623619080e-03
-1.189893111586570740e-01
-4.520442336797714233e-02
-4.108521342277526855e-02
-5.352943390607833862e-02
-1.402671337127685547e-01
-9.849256277084350586e-02
-9.525965154170989990e-02
-1.445697993040084839e-01
-6.895092129707336426e-02
-5.613265186548233032e-02
-9.230684489011764526e-02
-6.749575585126876831e-02
-6.610951572656631470e-02
-2.007476799190044403e-02
-1.394751965999603271e-01
-8.644208312034606934e-02
-4.641804471611976624e-02
-9.266072511672973633e-02
-1.158124729990959167e-01
-6.372439116239547729e-02
-1.092857047915458679e-01
-8.259579539299011230e-02
-6.267332285642623901e-02
-7.014880329370498657e-02
-4.755584523081779480e-02
1.033557672053575516e-02
-1.296708881855010986e-01
-3.304237499833106995e-02
-1.079383194446563721e-01
5.669452715665102005e-03
-8.108492195606231689e-02
6.105408817529678345e-02
-7.188107818365097046e-02
-5.136553943157196045e-02
-7.489072531461715698e-02
-1.216391995549201965e-01
-2.417991496622562408e-02
-5.661292001605033875e-02
-8.136050403118133545e-02
-2.713558264076709747e-02
-6.301968544721603394e-02
-7.299675047397613525e-02
-8.796530216932296753e-02
-7.780688256025314331e-02
-1.931554637849330902e-02
-8.974012732505798340e-02
9.092939645051956177e-02
-7.068303227424621582e-02
-6.438042968511581421e-02
-4.689406603574752808e-02
-1.251834332942962646e-01
1.018024608492851257e-02
-7.351995259523391724e-02
-7.032110542058944702e-02
-6.618520617485046387e-02
-3.891573101282119751e-02
-7.458741217851638794e-02
-3.415309265255928040e-02
-1.231163293123245239e-01
-9.391189366579055786e-02
-4.136633500456809998e-02
-1.203284189105033875e-01
-5.296921730041503906e-02
-2.745876833796501160e-02
-4.639666900038719177e-02
-5.307700112462043762e-02
-4.392345249652862549e-02
-9.966780990362167358e-02
-1.270194947719573975e-01
-4.957072436809539795e-02
-1.852741688489913940e-01
3.213556110858917236e-02
-1.093911975622177124e-01
-5.138558149337768555e-02
-2.203928120434284210e-02
-9.644576907157897949e-02
-1.000410690903663635e-01
-1.403185576200485229e-01
-2.143204957246780396e-02
-4.854277148842811584e-02
-5.929758399724960327e-02
-1.267563402652740479e-01
-3.541184589266777039e-02
-4.353781789541244507e-02
1.102510187774896622e-02
-5.137579143047332764e-02
-8.502317219972610474e-02
-6.933675706386566162e-02
-3.598939627408981323e-02
-4.849986732006072998e-02
-5.988615751266479492e-02
-7.102765887975692749e-02
-1.315748691558837891e-01
-1.162214726209640503e-01
1.742762774229049683e-01
-3.137393295764923096e-02
-9.033225476741790771e-02
-3.790306672453880310e-02
-2.185003086924552917e-02
-4.094912111759185791e-02
-4.071724787354469299e-02
-5.158298090100288391e-02
-3.140832856297492981e-02
-1.680994033813476562e-02
-4.996072500944137573e-02
-6.539330631494522095e-02
-7.904184609651565552e-02
-5.403912439942359924e-02
-9.349209070205688477e-02
-2.879716642200946808e-02
-8.683409541845321655e-03
-8.513103425502777100e-02
-9.579150378704071045e-02
-5.884929746389389038e-02
-3.851751983165740967e-02
-5.159454420208930969e-02
-9.352677315473556519e-02
-2.092284709215164185e-02
-4.040133953094482422e-02
7.333513349294662476e-02
-3.286851570010185242e-02
-4.752535372972488403e-02
-6.963741779327392578e-02
-4.953302815556526184e-02
-4.269009456038475037e-02
-9.315862506628036499e-02
-6.461431831121444702e-02
-1.212363317608833313e-01
7.669782638549804688e-02
-4.083532840013504028e-02
2.945137396454811096e-02
-2.551298029720783234e-02
-4.350799322128295898e-02
-9.450449794530868530e-02
-5.172952637076377869e-02
9.043598175048828125e-02
-5.761223286390304565e-02
-8.332449197769165039e-02
-2.454391680657863617e-02
-9.757465124130249023e-02
-8.437091112136840820e-02
-4.668371379375457764e-02
-6.409041583538055420e-02
-7.115016877651214600e-02
-3.042041882872581482e-02
-5.680631846189498901e-02
-1.081444546580314636e-01
-8.040733635425567627e-02
-5.270189419388771057e-02
-6.790001690387725830e-02
-5.498669296503067017e-02
-4.789331927895545959e-02
-8.725658804178237915e-02
-1.160219386219978333e-01
-6.340430676937103271e-02
-6.062181666493415833e-02
-3.157243877649307251e-02
-5.990266427397727966e-02
-6.454705446958541870e-02
2.207367308437824249e-02
-5.726165324449539185e-02
-9.297382831573486328e-02
-7.972588390111923218e-02
-1.242403164505958557e-01
-8.701058477163314819e-02
-6.471765041351318359e-02
-1.548040471971035004e-02
-1.570420414209365845e-01
-1.348138153553009033e-01
-2.626052498817443848e-01
-1.046300679445266724e-02
-7.874227315187454224e-02
-7.078773528337478638e-02
-5.140170827507972717e-02
1.456809509545564651e-02
-6.403662264347076416e-02
-4.115650430321693420e-02
-7.513009011745452881e-02
-3.935293853282928467e-02
-1.922877691686153412e-02
-5.222135782241821289e-02
-5.387641489505767822e-02
-4.342096671462059021e-02
-2.554071135818958282e-02
-5.193219333887100220e-02
-1.057427003979682922e-01
-9.526270627975463867e-02
-4.210357367992401123e-02
-3.060846030712127686e-02
-1.630658097565174103e-02
-3.447601944208145142e-02
4.054858814924955368e-03
-7.024262100458145142e-02
-3.952996339648962021e-03
-4.590685665607452393e-02
-1.192414984107017517e-01
-8.334380388259887695e-02
-4.852190241217613220e-02
-7.531107217073440552e-02
-5.311927571892738342e-02
-2.610412798821926117e-02
5.392476916313171387e-02
-8.912216126918792725e-02
-8.435298502445220947e-02
-1.542915999889373779e-01
-4.703952372074127197e-02
-9.062298387289047241e-02
-5.572964996099472046e-02
-4.829972982406616211e-02
-3.916167095303535461e-02
-5.942328274250030518e-02
-9.323887526988983154e-02
-7.352945208549499512e-02
-1.036586910486221313e-01
-1.679052598774433136e-02
-6.452780216932296753e-02
-2.067805454134941101e-02
-7.947948575019836426e-02
-8.227613568305969238e-02
-1.138521824032068253e-02
-6.746233254671096802e-02
-5.497864261269569397e-02
-4.411835595965385437e-02
-6.780551373958587646e-02
-5.681780353188514709e-02
-5.998887866735458374e-02
-7.538183033466339111e-02
7.898002117872238159e-02
-6.816609948873519897e-02
-6.759879738092422485e-02
-1.780237816274166107e-02
-2.592917345464229584e-02
-8.646865934133529663e-02
-9.086288511753082275e-02
-8.016484975814819336e-02
-7.415954023599624634e-02
-3.307162597775459290e-02
-1.004445403814315796e-01
-5.672168359160423279e-02
-5.178283900022506714e-02
5.343716964125633240e-02
-8.382320404052734375e-03
-8.771460503339767456e-02
-3.581627458333969116e-02
-8.641547523438930511e-03
-7.033729460090398788e-03
-7.103600353002548218e-02
-1.017543375492095947e-01
-8.183918893337249756e-02
-2.630354464054107666e-02
-2.412868477404117584e-02
-9.175997972488403320e-02
-5.940943211317062378e-02
-6.227502226829528809e-02
-4.913021251559257507e-02
1.161111751571297646e-03
-6.664340943098068237e-02
-8.091530203819274902e-02
-5.847177281975746155e-02
-3.732089698314666748e-02
9.933061152696609497e-02
-1.438813209533691406e-01
-9.244397282600402832e-02
-6.813923269510269165e-02
-4.301789030432701111e-02
2.000749856233596802e-02
-2.812148071825504303e-02
-8.147743344306945801e-02
-5.067360773682594299e-02
3.111543832346796989e-03
-5.536252260208129883e-02
-1.646263338625431061e-02
-1.146019175648689270e-01
-5.486979335546493530e-02
-3.693468123674392700e-02
-1.148821040987968445e-01
-6.217190995812416077e-02
-6.197681650519371033e-02
-5.401360616087913513e-02
-2.895505167543888092e-02
3.020588308572769165e-02
-6.879585981369018555e-02
-1.522748917341232300e-01
-6.479229032993316650e-02
-4.033714160323143005e-02
-4.299012199044227600e-02
-7.585698366165161133e-02
-1.271565258502960205e-01
-5.647204071283340454e-02
-6.765721738338470459e-02
-4.903094097971916199e-02
-4.051014780998229980e-02
-1.510514598339796066e-02
-3.762632235884666443e-02
-8.579994738101959229e-02
-1.310209184885025024e-01
-1.259053349494934082e-01
-4.750711098313331604e-02
-3.715671226382255554e-02
-2.481709606945514679e-02
-8.265812695026397705e-02
-1.884912252426147461e-01
-4.590535163879394531e-02
-6.631541997194290161e-02
-5.378616601228713989e-02
-9.423915296792984009e-02
-5.687430128455162048e-02
-4.905681684613227844e-02
-7.026338577270507812e-02
-3.537007421255111694e-02
-9.488572180271148682e-02
-5.463517457246780396e-02
-5.747628957033157349e-02
-6.466080993413925171e-02
-1.298641562461853027e-01
-3.707045689225196838e-02
-4.263169690966606140e-02
-1.073593273758888245e-01
3.972309827804565430e-02
-5.756868049502372742e-02
-5.648704618215560913e-02
-6.523329019546508789e-02
-3.807009384036064148e-02
-7.891909033060073853e-02
-1.057282015681266785e-01
-7.261504977941513062e-02
-1.502058207988739014e-01
-3.004181757569313049e-02
9.987930767238140106e-03
-5.260420963168144226e-02
-3.698125854134559631e-02
1.617045886814594269e-02
-5.437444150447845459e-02
-4.258871078491210938e-02
-9.296917170286178589e-02
-5.590515211224555969e-02
-2.858776785433292389e-02
-3.672692179679870605e-02
2.802584506571292877e-02
-5.578376352787017822e-02
-4.744532704353332520e-02
-6.642287969589233398e-02
2.702878788113594055e-02
5.576025322079658508e-02
-1.084616556763648987e-01
-7.973209023475646973e-02
-8.990107476711273193e-02
-5.164508894085884094e-02
-2.733316272497177124e-02
-3.295990824699401855e-02
-3.973871842026710510e-02
-4.179716482758522034e-02
-4.812468215823173523e-02
-5.094834044575691223e-02
-4.764118790626525879e-02
-1.041573509573936462e-01
-3.297587484121322632e-02
-4.244348406791687012e-02
-1.033976525068283081e-01
-4.402565211057662964e-02
-4.962774738669395447e-02
-4.383826628327369690e-02
-1.055454984307289124e-01
-4.604522511363029480e-02
-9.014070779085159302e-02
1.895790360867977142e-02
-6.870597600936889648e-02
-2.563918009400367737e-02
-4.032150655984878540e-02
4.652737826108932495e-02
-6.097959354519844055e-02
-4.428601637482643127e-02
-3.974185138940811157e-02
-7.807559520006179810e-02
-7.820356637239456177e-02
-4.538467898964881897e-02
-5.033329874277114868e-02
4.369298461824655533e-03
-6.976440548896789551e-02
-8.617701381444931030e-02
-6.268294155597686768e-02
-4.426179826259613037e-02
-1.355382055044174194e-01
-4.361041635274887085e-02
-6.758344173431396484e-02
-2.664843574166297913e-02
-1.277526766061782837e-01
-6.938713043928146362e-02
-1.303060539066791534e-02
-1.191571205854415894e-01
-4.173036664724349976e-02
-1.973683200776576996e-02
-1.337954122573137283e-02
-7.606552541255950928e-02
-6.689526885747909546e-02
-6.955830752849578857e-02
-5.001575499773025513e-02
-6.411425024271011353e-02
-6.702569127082824707e-02
-2.063178271055221558e-01
-1.587629318237304688e-02
-3.158318996429443359e-02
-4.562716465443372726e-03
-3.242358565330505371e-02
-8.729540742933750153e-03
-7.815726846456527710e-02
-7.403267174959182739e-02
-4.663559421896934509e-02
-6.593458354473114014e-02
-6.446805596351623535e-02
-9.634092450141906738e-02
-7.292539626359939575e-02
-4.332682490348815918e-02
-1.140729151666164398e-02
-2.693395502865314484e-02
-4.664942249655723572e-02
1.583160459995269775e-02
-1.278799176216125488e-01
-7.050745189189910889e-02
-1.195770055055618286e-01
-2.587143518030643463e-02
-6.395484507083892822e-02
-1.430378179065883160e-03
-9.228724241256713867e-02
-7.769876718521118164e-02
-1.199345514178276062e-01
-7.167295366525650024e-02
3.685652464628219604e-02
-7.465690374374389648e-02
-5.041439831256866455e-02
-9.851869195699691772e-02
5.591185763478279114e-02
-2.955968119204044342e-02
-1.565248705446720123e-02
-2.869459986686706543e-02
-1.227609813213348389e-01
-6.934380531311035156e-02
-7.252268493175506592e-02
-1.161625608801841736e-01
3.156667575240135193e-02
-5.600379407405853271e-02
-1.050487384200096130e-01
2.706693299114704132e-02
-8.699384331703186035e-02
-4.996859934180974960e-03
-7.044330239295959473e-02
-6.120124086737632751e-02
-1.528207212686538696e-01
-3.948044031858444214e-02
-1.103240922093391418e-01
-1.005857139825820923e-01
-4.108195006847381592e-02
-5.080854147672653198e-02
-4.340223222970962524e-02
-6.850143522024154663e-02
-1.147339865565299988e-01
-1.029434800148010254e-01
-8.354225754737854004e-02
-4.901768639683723450e-02
-3.884389530867338181e-03
-3.654787316918373108e-02
-4.074108600616455078e-02
-9.723924100399017334e-02
-5.210677906870841980e-02
-5.623489990830421448e-02
-4.078599810600280762e-02
-1.755829751491546631e-01
-7.939780503511428833e-02
-3.692793473601341248e-02
-4.774802550673484802e-02
1.492847688496112823e-02
-7.404314726591110229e-02
-1.872549206018447876e-02
-6.899164617061614990e-02
-7.398103922605514526e-02
-4.827077686786651611e-02
-5.553933605551719666e-02
-3.094209171831607819e-02
-7.204689085483551025e-02
-6.675728131085634232e-03
6.880700122565031052e-03
8.824276924133300781e-02
-1.121980920433998108e-01
-3.031677566468715668e-02
-9.637612104415893555e-02
-8.513549715280532837e-02
-6.054160371422767639e-02
-9.895230084657669067e-02
-7.815986871719360352e-02
-2.906984835863113403e-02
-4.684070125222206116e-02
-2.665952406823635101e-02
-9.375136345624923706e-02
-2.542522363364696503e-02
-5.920600146055221558e-02
-5.128074809908866882e-02
-1.319161504507064819e-01
-1.003073900938034058e-01
-7.825534790754318237e-02
-7.344815880060195923e-02
-8.975744247436523438e-02
1.524960435926914215e-02
-8.559020608663558960e-02
-1.693124473094940186e-01
-7.712838798761367798e-02
-3.919379040598869324e-02
-1.078450605273246765e-01
1.323629450052976608e-02
-8.101698756217956543e-02
-1.030043587088584900e-01
-3.214223682880401611e-02
-3.837961005046963692e-03
-1.953278854489326477e-02
-7.335069775581359863e-02
-4.953804612159729004e-02
-3.363844379782676697e-02
-7.201746851205825806e-02
-6.296417117118835449e-02
2.821662463247776031e-02
5.630206782370805740e-03
-2.614277228713035583e-02
-1.203632056713104248e-01
-3.429629141464829445e-03
-6.215966492891311646e-02
2.293856814503669739e-02
-6.817030161619186401e-02
-4.616981744766235352e-02
-1.349103152751922607e-01
-1.105841621756553650e-01
1.561974734067916870e-02
-7.244303356856107712e-03
-1.303078141063451767e-02
-9.501199424266815186e-02
-1.020811349153518677e-01
-6.864026933908462524e-02
-7.928630709648132324e-02
-1.097596511244773865e-01
-1.250599324703216553e-01
-8.497437834739685059e-02
-6.658817827701568604e-02
-2.716262638568878174e-02
-7.866007089614868164e-02
-4.594731330871582031e-02
-3.159422054886817932e-02
-4.199377819895744324e-02
-3.595279902219772339e-02
-8.318877220153808594e-02
-7.614635676145553589e-02
-5.234020948410034180e-02
-2.236955612897872925e-02
-3.933497145771980286e-02
-1.091689839959144592e-01
-2.383957430720329285e-02
-8.822023123502731323e-02
-4.534906893968582153e-02
-5.598950013518333435e-02
-1.465544700622558594e-01
-3.374570608139038086e-02
-1.602477282285690308e-01
-1.126824021339416504e-01
-5.476877465844154358e-02
-5.408637225627899170e-02
-1.011213362216949463e-01
1.202371902763843536e-02
-8.425036072731018066e-02
-8.824490755796432495e-02
-5.045313760638237000e-02
-9.092294424772262573e-02
-1.206844858825206757e-02
-5.305314436554908752e-02
1.620190218091011047e-02
-1.509341150522232056e-01
-3.755524381995201111e-02
-6.789157539606094360e-02
-8.218530565500259399e-02
-3.067150712013244629e-02
-1.089839264750480652e-01
-7.350059226155281067e-03
-3.896267712116241455e-02
-1.087086796760559082e-01
-6.083099916577339172e-02
-1.062867492437362671e-01
-1.093502938747406006e-01
-4.674411937594413757e-02
-1.873963177204132080e-01
-7.011967152357101440e-02
-7.141488045454025269e-02
4.543523862957954407e-02
-5.108492821455001831e-02
-1.027574241161346436e-01
1.244304794818162918e-02
5.322233587503433228e-02
-5.243242904543876648e-02
-6.027486547827720642e-02
-1.531661022454500198e-02
-1.295039504766464233e-01
-9.753031283617019653e-02
-7.826118916273117065e-02
4.776035994291305542e-02
-4.604082554578781128e-02
-6.738419085741043091e-02
-5.677608028054237366e-02
-1.084482595324516296e-01
-1.028515025973320007e-01
3.296148788649588823e-04
-5.984556302428245544e-02
-5.628072470426559448e-02
-6.777498126029968262e-02
-6.986407935619354248e-02
-5.919432267546653748e-02
-6.336785852909088135e-02
-2.495989203453063965e-02
