1.948115825653076172e-01
2.102823555469512939e-01
1.211698055267333984e-01
2.151240110397338867e-01
2.012858837842941284e-01
2.338216304779052734e-01
2.944093942642211914e-01
1.917499899864196777e-01
1.828643977642059326e-01
1.639717221260070801e-01
1.770163923501968384e-01
2.103257030248641968e-01
1.739571392536163330e-01
1.739091128110885620e-01
1.975469142198562622e-01
1.660687327384948730e-01
1.908452361822128296e-01
1.851705908775329590e-01
2.386039346456527710e-01
2.909670770168304443e-01
2.077982127666473389e-01
1.499579101800918579e-01
1.946033835411071777e-01
1.703632324934005737e-01
1.505844295024871826e-01
1.702210605144500732e-01
1.702627688646316528e-01
1.528562009334564209e-01
1.867276877164840698e-01
1.885074526071548462e-01
1.862552613019943237e-01
1.445867717266082764e-01
1.715989559888839722e-01
1.493923366069793701e-01
1.801918894052505493e-01
1.402061134576797485e-01
1.356517970561981201e-01
1.654844433069229126e-01
1.934245079755783081e-01
1.497275531291961670e-01
2.556145489215850830e-01
1.459704488515853882e-01
1.723794639110565186e-01
2.584045529365539551e-01
2.164840251207351685e-01
1.947307884693145752e-01
1.797853857278823853e-01
2.353580296039581299e-01
1.708138436079025269e-01
1.230828166007995605e-01
1.406546682119369507e-01
2.105003446340560913e-01
2.116808891296386719e-01
1.465075314044952393e-01
1.700599342584609985e-01
1.808186173439025879e-01
1.242580264806747437e-01
1.921626329421997070e-01
1.521043777465820312e-01
1.620849370956420898e-01
2.064249813556671143e-01
1.426156312227249146e-01
1.855774968862533569e-01
1.542552858591079712e-01
2.007009088993072510e-01
1.707729548215866089e-01
1.919402182102203369e-01
1.408465057611465454e-01
1.831084638833999634e-01
1.551714688539505005e-01
2.116761505603790283e-01
2.638667821884155273e-01
1.479769051074981689e-01
1.831215620040893555e-01
2.080936282873153687e-01
2.090048342943191528e-01
1.943404376506805420e-01
2.179904878139495850e-01
1.667391210794448853e-01
1.510805785655975342e-01
1.736212521791458130e-01
2.207915037870407104e-01
2.236506044864654541e-01
1.889087408781051636e-01
1.799219846725463867e-01
8.966728299856185913e-02
1.992965340614318848e-01
1.611417084932327271e-01
1.970898360013961792e-01
2.158674895763397217e-01
1.881614029407501221e-01
1.869978010654449463e-01
1.999966353178024292e-01
1.844190955162048340e-01
1.307293623685836792e-01
1.710020452737808228e-01
1.955558508634567261e-01
1.527664661407470703e-01
1.680828928947448730e-01
2.044446468353271484e-01
1.870288252830505371e-01
1.934503465890884399e-01
1.740852445363998413e-01
1.655661910772323608e-01
2.112991511821746826e-01
1.650557219982147217e-01
1.834598779678344727e-01
2.179692983627319336e-01
2.106853723526000977e-01
2.069494873285293579e-01
1.843592673540115356e-01
2.375819981098175049e-01
1.798255145549774170e-01
1.882044672966003418e-01
2.032397240400314331e-01
2.480210065841674805e-01
1.715149134397506714e-01
2.192185670137405396e-01
1.885553747415542603e-01
1.919939368963241577e-01
1.843153238296508789e-01
1.609569787979125977e-01
2.126048058271408081e-01
2.104755491018295288e-01
1.596498787403106689e-01
2.083052247762680054e-01
1.651497334241867065e-01
2.035068571567535400e-01
1.742800027132034302e-01
9.485884755849838257e-02
1.795517206192016602e-01
1.529377251863479614e-01
2.042367607355117798e-01
1.797649860382080078e-01
1.605915427207946777e-01
1.606769859790802002e-01
1.746277809143066406e-01
2.505770623683929443e-01
1.223135069012641907e-01
1.925252676010131836e-01
1.923771202564239502e-01
2.121340930461883545e-01
1.935120671987533569e-01
1.857295632362365723e-01
1.668528467416763306e-01
2.394398897886276245e-01
2.275635302066802979e-01
2.251747697591781616e-01
1.508495360612869263e-01
1.716617643833160400e-01
1.808315962553024292e-01
1.764658838510513306e-01
1.415616422891616821e-01
2.038514614105224609e-01
1.913723051548004150e-01
1.831799894571304321e-01
2.310772091150283813e-01
2.253695428371429443e-01
2.168477922677993774e-01
1.956065446138381958e-01
1.924128979444503784e-01
2.333488613367080688e-01
1.844210773706436157e-01
1.899521052837371826e-01
1.785486042499542236e-01
1.612649112939834595e-01
1.864762008190155029e-01
1.905658692121505737e-01
2.555306255817413330e-01
1.292857825756072998e-01
2.189562022686004639e-01
1.616126596927642822e-01
9.839909523725509644e-02
2.217920273542404175e-01
1.601836979389190674e-01
2.044042348861694336e-01
1.798114478588104248e-01
1.376123875379562378e-01
1.238075494766235352e-01
2.010054886341094971e-01
1.835372149944305420e-01
1.742077171802520752e-01
1.905436962842941284e-01
1.863487809896469116e-01
2.193361818790435791e-01
1.537772715091705322e-01
1.163789257407188416e-01
1.183691173791885376e-01
1.738541424274444580e-01
1.560736447572708130e-01
1.640405356884002686e-01
1.817723810672760010e-01
1.946572363376617432e-01
1.762706637382507324e-01
1.744138747453689575e-01
1.800642758607864380e-01
1.632398366928100586e-01
1.438775658607482910e-01
1.758499443531036377e-01
1.852362304925918579e-01
2.062453925609588623e-01
1.235705614089965820e-01
2.004040181636810303e-01
1.912665218114852905e-01
1.858880966901779175e-01
2.046160548925399780e-01
1.665970832109451294e-01
2.145332694053649902e-01
2.148565649986267090e-01
2.011176794767379761e-01
2.429900318384170532e-01
2.123486101627349854e-01
1.988551318645477295e-01
1.607185900211334229e-01
1.498862206935882568e-01
2.036950737237930298e-01
1.780465245246887207e-01
1.771580874919891357e-01
1.461476534605026245e-01
1.629652678966522217e-01
1.615146696567535400e-01
1.403229832649230957e-01
1.770195364952087402e-01
1.622716188430786133e-01
2.793519794940948486e-01
2.106181681156158447e-01
2.187737673521041870e-01
1.710560917854309082e-01
1.858891099691390991e-01
2.208904325962066650e-01
1.644744127988815308e-01
1.754723340272903442e-01
1.463509649038314819e-01
1.461054831743240356e-01
1.961655020713806152e-01
1.848417669534683228e-01
1.843204349279403687e-01
1.541421860456466675e-01
2.093150019645690918e-01
1.778442412614822388e-01
1.801275461912155151e-01
1.603557020425796509e-01
1.644184589385986328e-01
1.696837842464447021e-01
1.580784022808074951e-01
1.749562621116638184e-01
1.815926134586334229e-01
2.000354379415512085e-01
2.390305399894714355e-01
1.999615430831909180e-01
1.911201626062393188e-01
1.909719109535217285e-01
2.021391242742538452e-01
1.600582450628280640e-01
1.580619066953659058e-01
2.217784225940704346e-01
