3.432521224021911621e-02
1.567164622247219086e-02
1.342219579964876175e-02
1.822276972234249115e-02
3.640151023864746094e-02
1.309422403573989868e-02
2.356736548244953156e-02
9.871037676930427551e-03
1.591636054217815399e-02
2.456586994230747223e-02
2.079693414270877838e-02
1.413739938288927078e-02
5.723763722926378250e-03
2.243708260357379913e-02
1.476933341473340988e-02
2.962205559015274048e-02
1.850923523306846619e-02
2.316181175410747528e-02
2.583480067551136017e-02
1.289972290396690369e-02
3.339464217424392700e-02
2.001842856407165527e-02
1.965752989053726196e-02
2.417805418372154236e-02
2.471172250807285309e-02
1.854516193270683289e-02
2.680760622024536133e-02
2.791102416813373566e-02
1.562026143074035645e-01
1.800324209034442902e-02
2.452381886541843414e-02
1.769900880753993988e-02
2.007376216351985931e-02
3.629960119724273682e-02
1.836864277720451355e-02
3.101803548634052277e-02
2.666650712490081787e-02
3.234207257628440857e-02
1.392274349927902222e-01
4.066579043865203857e-02
3.228382021188735962e-02
2.497896179556846619e-02
2.512851543724536896e-02
1.533471886068582535e-02
3.391734510660171509e-02
1.352087687700986862e-02
1.781477220356464386e-02
2.060451731085777283e-02
1.734680868685245514e-02
2.034213207662105560e-02
1.744869351387023926e-02
2.706989273428916931e-02
1.618702150881290436e-02
7.236487697809934616e-03
3.418494481593370438e-03
2.539399825036525726e-02
3.176877647638320923e-02
4.353443160653114319e-02
2.659131214022636414e-02
4.106086120009422302e-02
2.885919436812400818e-02
1.885839179158210754e-02
2.754192240536212921e-02
1.315187010914087296e-02
2.697531320154666901e-02
2.717792056500911713e-02
2.529025822877883911e-02
1.180221606045961380e-02
8.083261549472808838e-03
2.169541269540786743e-02
1.856983453035354614e-02
4.187209159135818481e-02
3.413961082696914673e-02
2.948530949652194977e-02
2.231034263968467712e-02
2.547314204275608063e-02
1.970837265253067017e-02
2.161732502281665802e-02
2.215331606566905975e-02
1.627020165324211121e-02
2.032895572483539581e-02
2.336830645799636841e-02
1.890475116670131683e-02
2.522666938602924347e-02
2.019173651933670044e-02
2.660178951919078827e-02
1.881336607038974762e-02
1.446103956550359726e-02
2.462577261030673981e-02
1.474955212324857712e-02
1.178307645022869110e-02
3.036416321992874146e-02
5.563803482800722122e-03
4.028396308422088623e-02
3.762589767575263977e-02
2.699882537126541138e-02
2.085683494806289673e-02
1.892958022654056549e-02
1.597932539880275726e-02
1.983979716897010803e-02
1.820190809667110443e-02
1.941831409931182861e-02
2.238457463681697845e-02
4.569153115153312683e-02
2.260625734925270081e-02
3.580671921372413635e-02
3.427188470959663391e-02
3.594509512186050415e-02
2.225321531295776367e-02
1.726755313575267792e-02
1.255010440945625305e-02
2.304202131927013397e-02
1.962922327220439911e-02
1.866362616419792175e-02
2.312001958489418030e-02
2.979705668985843658e-02
3.288928791880607605e-02
1.617728546261787415e-02
2.271713316440582275e-02
2.010927908122539520e-02
2.796651236712932587e-02
1.419259887188673019e-02
9.835389442741870880e-03
1.315081678330898285e-02
2.540013380348682404e-02
2.648229710757732391e-02
3.140527382493019104e-02
2.801261097192764282e-02
