1.288762390613555908e-01
1.811097115278244019e-01
1.434159576892852783e-01
1.497198939323425293e-01
1.641767323017120361e-01
2.092498838901519775e-01
1.794268637895584106e-01
1.881353259086608887e-01
1.534720957279205322e-01
1.467582583427429199e-01
1.608913540840148926e-01
1.833446174860000610e-01
1.199543476104736328e-01
1.986829042434692383e-01
1.594312489032745361e-01
1.836646050214767456e-01
2.194940745830535889e-01
1.638157814741134644e-01
1.447130739688873291e-01
2.000188082456588745e-01
1.599961072206497192e-01
1.625150591135025024e-01
1.671793758869171143e-01
1.554365456104278564e-01
1.694242656230926514e-01
1.333791911602020264e-01
1.867019534111022949e-01
1.897891163825988770e-01
1.418417692184448242e-01
1.984609514474868774e-01
2.040465027093887329e-01
1.358785033226013184e-01
2.024219334125518799e-01
1.678979545831680298e-01
1.409173309803009033e-01
1.709714829921722412e-01
1.171396672725677490e-01
1.266983002424240112e-01
1.704677343368530273e-01
1.478754878044128418e-01
1.864333748817443848e-01
1.502374857664108276e-01
2.114277780055999756e-01
2.250806838274002075e-01
1.741261929273605347e-01
1.688131093978881836e-01
1.056844517588615417e-01
1.641230732202529907e-01
1.541582942008972168e-01
1.764647066593170166e-01
1.357675194740295410e-01
1.193185076117515564e-01
1.366333067417144775e-01
1.934150904417037964e-01
1.654591411352157593e-01
1.889275759458541870e-01
1.727557480335235596e-01
1.615066975355148315e-01
1.355166286230087280e-01
1.368165463209152222e-01
1.781514585018157959e-01
1.291275024414062500e-01
1.391762793064117432e-01
1.906943321228027344e-01
1.540715098381042480e-01
1.764726042747497559e-01
1.071677729487419128e-01
1.467468738555908203e-01
1.841558963060379028e-01
1.374201029539108276e-01
1.605416983366012573e-01
1.636716574430465698e-01
1.314081102609634399e-01
1.463332921266555786e-01
2.016997933387756348e-01
1.425373107194900513e-01
1.926017701625823975e-01
1.525218635797500610e-01
1.304655075073242188e-01
1.450428366661071777e-01
1.295682191848754883e-01
1.885315626859664917e-01
1.970584988594055176e-01
1.924705654382705688e-01
1.545394510030746460e-01
1.706477999687194824e-01
2.379000931978225708e-01
2.122287899255752563e-01
1.125290095806121826e-01
1.800063699483871460e-01
1.601972877979278564e-01
2.117369323968887329e-01
1.841846108436584473e-01
1.107374578714370728e-01
1.372281312942504883e-01
2.442013472318649292e-01
1.041803732514381409e-01
1.181672513484954834e-01
9.490624815225601196e-02
1.529754996299743652e-01
2.418256103992462158e-01
1.407388299703598022e-01
1.725234985351562500e-01
1.684351712465286255e-01
1.632634699344635010e-01
1.662635356187820435e-01
1.552702188491821289e-01
1.665264815092086792e-01
1.537618041038513184e-01
1.520687937736511230e-01
1.837816387414932251e-01
1.723997890949249268e-01
1.525029540061950684e-01
1.191444993019104004e-01
2.688998579978942871e-01
2.067172229290008545e-01
1.609000116586685181e-01
2.066016942262649536e-01
1.504586488008499146e-01
1.248883605003356934e-01
1.742589175701141357e-01
1.818246990442276001e-01
1.720000505447387695e-01
1.661569476127624512e-01
1.839027553796768188e-01
1.218529790639877319e-01
1.762153208255767822e-01
1.703931093215942383e-01
2.420288920402526855e-01
1.757148504257202148e-01
1.415084600448608398e-01
1.630731672048568726e-01
1.479962915182113647e-01
1.309006810188293457e-01
1.714959889650344849e-01
2.614657282829284668e-01
2.070443332195281982e-01
1.372587978839874268e-01
1.571314483880996704e-01
1.902823299169540405e-01
2.086292207241058350e-01
1.326958686113357544e-01
1.527024358510971069e-01
1.692136973142623901e-01
1.480489671230316162e-01
1.080037057399749756e-01
2.477073222398757935e-01
1.750649362802505493e-01
1.823716908693313599e-01
1.471956670284271240e-01
1.248747184872627258e-01
1.502872854471206665e-01
1.501201540231704712e-01
1.818697899580001831e-01
1.819892823696136475e-01
1.726982742547988892e-01
1.731487661600112915e-01
1.999547034502029419e-01
1.897947043180465698e-01
1.393702477216720581e-01
1.588073223829269409e-01
2.023808807134628296e-01
1.223332285881042480e-01
1.661222577095031738e-01
1.468247920274734497e-01
1.820191591978073120e-01
1.326964795589447021e-01
1.351938843727111816e-01
1.985997855663299561e-01
1.773536801338195801e-01
1.644802838563919067e-01
1.668067425489425659e-01
1.750294864177703857e-01
1.989549845457077026e-01
1.403992474079132080e-01
1.674541682004928589e-01
1.670995503664016724e-01
1.795485168695449829e-01
2.061847299337387085e-01
2.018472105264663696e-01
1.402116268873214722e-01
1.090409755706787109e-01
2.002632915973663330e-01
1.751471757888793945e-01
2.018200010061264038e-01
1.448022574186325073e-01
2.129339724779129028e-01
1.697377562522888184e-01
1.421730071306228638e-01
1.964698731899261475e-01
2.123570591211318970e-01
1.867142617702484131e-01
1.634657531976699829e-01
1.548406481742858887e-01
1.512127220630645752e-01
1.249890998005867004e-01
1.870579421520233154e-01
1.386083811521530151e-01
1.309404522180557251e-01
1.906495988368988037e-01
1.692836880683898926e-01
2.193894386291503906e-01
1.600535660982131958e-01
1.940174549818038940e-01
1.565178632736206055e-01
1.534041762351989746e-01
1.685839444398880005e-01
1.828127652406692505e-01
1.698018163442611694e-01
1.652187705039978027e-01
1.526790708303451538e-01
1.591798961162567139e-01
2.533770501613616943e-01
1.596356630325317383e-01
1.241233870387077332e-01
1.392696052789688110e-01
1.908655613660812378e-01
1.468108743429183960e-01
1.454042047262191772e-01
1.538298577070236206e-01
1.681308299303054810e-01
2.015328705310821533e-01
1.331955492496490479e-01
1.100044474005699158e-01
1.250899881124496460e-01
1.418869644403457642e-01
1.402418464422225952e-01
1.849976181983947754e-01
1.382113248109817505e-01
1.207892596721649170e-01
1.328909844160079956e-01
1.654897034168243408e-01
2.290031313896179199e-01
2.108280807733535767e-01
1.895792931318283081e-01
2.278313189744949341e-01
1.625069379806518555e-01
1.533290147781372070e-01
1.672413498163223267e-01
1.810049563646316528e-01
1.588094979524612427e-01
1.610187739133834839e-01
1.820080876350402832e-01
1.441255360841751099e-01
1.734235286712646484e-01
1.845348477363586426e-01
1.972156018018722534e-01
1.542004197835922241e-01
1.600731611251831055e-01
1.928740739822387695e-01
1.243514493107795715e-01
1.860300600528717041e-01
1.982712298631668091e-01
1.758393645286560059e-01
1.488651633262634277e-01
2.356819063425064087e-01
