-1.916397213935852051e-01
-1.305557787418365479e-01
-5.641260743141174316e-01
-3.094992637634277344e-01
-4.757738858461380005e-02
-1.280048191547393799e-01
-6.904439926147460938e-01
-3.188716471195220947e-01
-2.289598733186721802e-01
-1.937135756015777588e-01
-2.150522470474243164e-01
-3.759372830390930176e-01
-1.178372949361801147e-01
-4.778388142585754395e-01
-3.844377398490905762e-01
-3.948789238929748535e-01
-4.585590660572052002e-01
-2.718363404273986816e-01
-1.495190411806106567e-01
-2.085451781749725342e-01
-4.033565819263458252e-01
-5.978841781616210938e-01
-2.435773909091949463e-01
-3.731732964515686035e-01
-5.118275880813598633e-01
-3.174671232700347900e-01
-8.225988596677780151e-02
-4.268399178981781006e-01
1.110364869236946106e-01
-1.543157398700714111e-01
-3.296098411083221436e-01
-1.626765429973602295e-01
-6.110448837280273438e-01
-4.550139009952545166e-01
-9.474721550941467285e-02
-2.372737675905227661e-01
-4.837905168533325195e-01
-2.988852262496948242e-01
-1.281138211488723755e-01
-1.316331773996353149e-01
-5.678372383117675781e-01
-1.747976988554000854e-01
-3.893138170242309570e-01
-2.225553840398788452e-01
-4.381524026393890381e-02
-3.578152060508728027e-01
-2.707134485244750977e-01
-1.046593710780143738e-01
-2.955704033374786377e-01
-2.911987602710723877e-01
-1.722730696201324463e-01
-3.855567276477813721e-01
-2.686424851417541504e-01
-1.331258714199066162e-01
-2.594762146472930908e-01
-4.313229620456695557e-01
-2.580531239509582520e-01
-3.145247399806976318e-01
-1.825845390558242798e-01
-2.213300317525863647e-01
-3.110332787036895752e-01
-4.256938993930816650e-01
-6.512620300054550171e-02
-1.587570905685424805e-01
-1.752266436815261841e-01
-2.846911251544952393e-01
-2.549963593482971191e-01
-3.575485348701477051e-01
-2.130655497312545776e-01
-3.218967914581298828e-01
-2.402824759483337402e-01
-2.684321999549865723e-01
-3.321055769920349121e-01
-2.622784078121185303e-01
-1.260227859020233154e-01
-2.452767640352249146e-01
-1.503498554229736328e-01
-2.003095895051956177e-01
-5.001384019851684570e-01
-5.734658241271972656e-01
-3.854334652423858643e-01
-4.602448940277099609e-01
-3.254653513431549072e-01
-2.185499295592308044e-02
-3.219445943832397461e-01
-3.146306574344635010e-01
-4.513722956180572510e-01
-3.373616933822631836e-01
-3.362892270088195801e-01
-2.937639355659484863e-01
-3.243421912193298340e-01
-2.465730905532836914e-01
-2.530508637428283691e-01
-3.217981159687042236e-01
-3.455666005611419678e-01
-2.869453430175781250e-01
-4.742014110088348389e-01
-2.069056779146194458e-01
-4.051555991172790527e-01
-2.845228910446166992e-01
-2.011350393295288086e-01
-2.001957744359970093e-01
-4.396450817584991455e-01
2.038752585649490356e-01
-4.025015830993652344e-01
-3.400470316410064697e-01
-2.309059798717498779e-01
-3.430106937885284424e-01
-8.784028887748718262e-01
-2.911497950553894043e-01
-3.112725913524627686e-01
-3.315104842185974121e-01
-2.266565114259719849e-01
-2.784015536308288574e-01
-1.644355654716491699e-01
-1.507798880338668823e-01
-2.599571347236633301e-01
-6.018649414181709290e-02
-4.942429065704345703e-01
-1.755548715591430664e-01
-2.938687801361083984e-01
-4.633786380290985107e-01
1.082585975527763367e-01
-2.495493292808532715e-01
-3.827933967113494873e-01
-1.149202734231948853e-01
-1.369120329618453979e-01
-2.923869490623474121e-01
-2.697212994098663330e-01
-2.267346531152725220e-01
-6.139108445495367050e-03
-2.220916152000427246e-01
-3.635398447513580322e-01
-2.384889274835586548e-01
1.406752914190292358e-01
-2.481854856014251709e-01
-3.663340508937835693e-01
-3.305339515209197998e-01
-3.834518492221832275e-01
-2.476540356874465942e-01
-3.301250338554382324e-01
-2.417089492082595825e-01
-4.700964093208312988e-01
-3.695879280567169189e-01
-1.308653056621551514e-01
-2.578767836093902588e-01
-6.846704054623842239e-03
-3.315719962120056152e-01
-2.088366746902465820e-01
-2.530327141284942627e-01
-1.690397411584854126e-01
-4.289835393428802490e-01
1.129738613963127136e-02
-2.339517474174499512e-01
-3.047996163368225098e-01
-2.381016463041305542e-01
-4.807248413562774658e-01
-1.483921855688095093e-01
-4.195940196514129639e-01
-2.096941173076629639e-01
-1.705018281936645508e-01
-2.244904339313507080e-01
-4.076514765620231628e-02
-4.523480236530303955e-01
-2.047596275806427002e-01
-4.397406801581382751e-02
-5.180143564939498901e-02
-3.951358199119567871e-01
-1.402040123939514160e-01
-3.955881297588348389e-01
-4.745620787143707275e-01
-2.468287944793701172e-01
-8.156109601259231567e-02
-1.996205002069473267e-01
-2.357503771781921387e-01
-4.301185607910156250e-01
-3.169108331203460693e-01
-4.539469182491302490e-01
-2.522521913051605225e-01
-1.709366887807846069e-01
-2.637322247028350830e-01
-3.043201863765716553e-01
-3.941676616668701172e-01
-4.219270348548889160e-01
-5.013715028762817383e-01
-8.637949079275131226e-02
-3.083825707435607910e-01
-2.481359094381332397e-01
-2.760960161685943604e-01
-3.372664749622344971e-01
-1.073936596512794495e-01
-1.979053765535354614e-01
-2.380218505859375000e-01
-6.833530217409133911e-02
-4.936805069446563721e-01
-2.401517331600189209e-01
-3.694511651992797852e-01
-3.205039203166961670e-01
-1.773428469896316528e-01
-5.511164069175720215e-01
-3.851636350154876709e-01
8.395471423864364624e-02
-3.278834521770477295e-01
-1.552794575691223145e-01
-5.833762884140014648e-01
-8.690328896045684814e-02
-3.465768396854400635e-01
-4.002357125282287598e-01
-2.281267344951629639e-01
-3.121095597743988037e-01
-3.747021555900573730e-01
-4.463194906711578369e-01
-2.287958264350891113e-01
-2.879096865653991699e-01
-3.597373664379119873e-01
-3.335909545421600342e-01
-4.257429242134094238e-01
-3.058470487594604492e-01
-1.894053667783737183e-01
-4.694570302963256836e-01
-3.000434935092926025e-01
-4.415460526943206787e-01
-4.415478706359863281e-01
-5.962989926338195801e-01
-1.701448112726211548e-01
-5.068885684013366699e-01
-3.510836958885192871e-01
-3.473160862922668457e-01
-2.431394755840301514e-01
-6.099381446838378906e-01
-3.941991031169891357e-01
-6.921652704477310181e-02
-4.168542921543121338e-01
-1.921449601650238037e-01
-3.761157393455505371e-02
-2.174021601676940918e-01
-4.047830998897552490e-01
-2.466500997543334961e-01
-4.477227628231048584e-01
-3.038010299205780029e-01
-1.638908982276916504e-01
-3.350888788700103760e-01
-3.050561249256134033e-01
-3.271137475967407227e-01
-4.292838275432586670e-01
-3.122867345809936523e-01
-4.227803051471710205e-01
-4.803465604782104492e-01
-2.102204412221908569e-01
-1.488459408283233643e-01
-4.284815192222595215e-01
-4.801886975765228271e-01
-6.596812605857849121e-01
-1.236705258488655090e-01
-2.806578874588012695e-01
-4.137731194496154785e-01
-2.796365916728973389e-01
-2.064184844493865967e-01
-2.639465928077697754e-01
-3.320445120334625244e-01
-2.211282104253768921e-01
-3.543991595506668091e-02
-2.808089256286621094e-01
-3.054403066635131836e-01
-2.529886066913604736e-01
-3.765666484832763672e-01
-1.612413376569747925e-01
-3.407053351402282715e-01
-1.695258617401123047e-01
-1.517217308282852173e-01
-3.618603944778442383e-01
-4.943675398826599121e-01
-3.448252379894256592e-01
1.102515403181314468e-02
-2.927335500717163086e-01
-1.794497221708297729e-01
-3.715982437133789062e-01
-1.493993848562240601e-01
-1.564234048128128052e-01
-2.127954810857772827e-01
-4.683709442615509033e-01
-3.394080102443695068e-01
-1.767120659351348877e-01
-2.328072041273117065e-01
-1.715705394744873047e-01
-1.706409901380538940e-01
-2.368058562278747559e-01
-5.408634543418884277e-01
-3.305932879447937012e-01
-2.454728037118911743e-01
-1.724040061235427856e-01
-1.890493631362915039e-01
-2.731386125087738037e-01
-3.863281905651092529e-01
-4.310072064399719238e-01
-2.231337875127792358e-01
-1.632337272167205811e-01
-3.782171010971069336e-01
-3.479848504066467285e-01
-5.960282683372497559e-01
-3.459314107894897461e-01
-3.253600001335144043e-01
-3.209682404994964600e-01
-4.443414807319641113e-01
-5.605586990714073181e-02
-1.076325923204421997e-01
-2.246782481670379639e-01
-8.309587836265563965e-02
-1.265354901552200317e-01
-2.068628966808319092e-01
-2.826565504074096680e-01
-2.168651372194290161e-01
-4.966308474540710449e-01
-1.960304826498031616e-01
-5.377568602561950684e-01
-2.226608395576477051e-01
-3.415617644786834717e-01
-9.632232040166854858e-02
-1.152179390192031860e-01
-1.512539088726043701e-01
-3.361226320266723633e-01
-3.008274435997009277e-01
-1.899131685495376587e-01
-4.101142883300781250e-01
-3.203266561031341553e-01
-3.665806353092193604e-01
-2.998677790164947510e-01
-2.268994599580764771e-02
-3.871078491210937500e-01
-1.447981894016265869e-01
-9.614963829517364502e-02
-3.861721754074096680e-01
-2.356246709823608398e-01
-1.970619112253189087e-01
-3.268631398677825928e-01
-2.663276195526123047e-01
-2.702696919441223145e-01
-3.037209808826446533e-01
-4.482315480709075928e-01
-2.373439669609069824e-01
-2.085299640893936157e-01
-4.905208647251129150e-01
-3.682270944118499756e-01
-1.376565545797348022e-01
-3.727523982524871826e-01
-1.682224720716476440e-01
-2.662226259708404541e-01
-2.573347091674804688e-01
-4.425342977046966553e-01
-1.306116431951522827e-01
-4.533334672451019287e-01
-8.534085750579833984e-02
-4.848407208919525146e-01
-6.100486516952514648e-01
-1.855263262987136841e-01
-2.285726517438888550e-01
-2.314367294311523438e-01
-3.269116580486297607e-01
-2.758616507053375244e-01
-1.712082922458648682e-01
-3.477307260036468506e-01
-2.599461674690246582e-01
-1.935304105281829834e-01
-3.544730544090270996e-01
-2.549270391464233398e-01
-3.710604608058929443e-01
-2.215101420879364014e-01
-4.126706719398498535e-01
-3.040947318077087402e-01
-2.784655690193176270e-01
-3.001762926578521729e-01
-4.924392700195312500e-01
-4.575629830360412598e-01
-1.940441131591796875e-01
-1.746920347213745117e-01
-3.943135440349578857e-01
-1.623891443014144897e-01
-4.150344729423522949e-01
-4.670705199241638184e-01
-2.631812095642089844e-01
-2.898223698139190674e-01
-3.650259673595428467e-01
-2.902928590774536133e-01
-4.056186676025390625e-01
-2.482979893684387207e-01
-2.657528519630432129e-01
-3.967625498771667480e-01
1.124465823173522949e+00
-4.664639234542846680e-01
-3.606016039848327637e-01
-3.618256747722625732e-01
-2.034733444452285767e-01
-1.901502609252929688e-01
-2.862412631511688232e-01
-1.652199029922485352e-01
-3.545454740524291992e-01
-2.138611972332000732e-01
-3.952179849147796631e-01
-2.270211428403854370e-01
-3.055104613304138184e-01
-5.143557786941528320e-01
-1.945993751287460327e-01
-5.027093291282653809e-01
-1.801247745752334595e-01
-2.216490954160690308e-01
-3.767234385013580322e-01
-2.082975506782531738e-01
-3.480360805988311768e-01
-3.151426315307617188e-01
-2.899049520492553711e-01
-3.095746338367462158e-01
-3.367459774017333984e-01
-1.509314775466918945e-01
-2.810187339782714844e-01
-3.435370326042175293e-01
-3.112168312072753906e-01
-6.745429635047912598e-01
-1.870260983705520630e-01
-2.800275385379791260e-01
-9.867986291646957397e-02
-5.102348327636718750e-01
-3.537473678588867188e-01
-2.966241538524627686e-01
-1.254493594169616699e-01
-4.257228374481201172e-01
-2.827009260654449463e-01
-4.604116082191467285e-01
-1.325947940349578857e-01
-5.311243608593940735e-02
-4.443384706974029541e-01
-2.983745038509368896e-01
-2.465785294771194458e-01
-2.889284193515777588e-01
-5.069830641150474548e-02
-3.955670595169067383e-01
-2.213904857635498047e-01
-2.469661235809326172e-01
1.792147755622863770e-02
-1.147857829928398132e-01
-2.788228988647460938e-01
-2.083591371774673462e-01
-3.170797228813171387e-01
8.181565254926681519e-02
-1.373616605997085571e-01
-2.380903810262680054e-01
-2.841175496578216553e-01
-3.192419111728668213e-01
-1.190878897905349731e-01
-3.014135956764221191e-01
-2.987570166587829590e-01
-3.088622987270355225e-01
-2.157087326049804688e-01
-3.688833117485046387e-01
-2.455983906984329224e-01
-1.559689640998840332e-01
-2.691017091274261475e-01
-2.925728261470794678e-01
-3.561576604843139648e-01
-1.722697615623474121e-01
-3.061625957489013672e-01
-2.653218507766723633e-01
-3.785890936851501465e-01
-2.843058407306671143e-01
-2.251338362693786621e-01
-2.893292009830474854e-01
-3.447805643081665039e-01
-4.087192714214324951e-01
-3.136125504970550537e-01
-3.328433036804199219e-01
8.097703009843826294e-02
-2.618632018566131592e-01
-2.100319564342498779e-01
-2.798891067504882812e-01
-6.289309263229370117e-02
-3.480715453624725342e-01
-1.725584268569946289e-01
-4.227519035339355469e-01
-2.629229426383972168e-01
-1.183103770017623901e-01
-1.842784136533737183e-01
-1.327060461044311523e-01
-5.026006326079368591e-02
-4.530015885829925537e-01
-2.646070718765258789e-01
-6.292790770530700684e-01
-3.711828291416168213e-01
-5.353573560714721680e-01
-2.423506230115890503e-02
-4.269804358482360840e-01
-2.625804245471954346e-01
-1.450142562389373779e-01
-1.966668069362640381e-01
-3.662271797657012939e-01
-3.284915983676910400e-01
-3.543006181716918945e-01
-4.536210000514984131e-01
-4.482144117355346680e-01
-5.073432326316833496e-01
-2.856186926364898682e-01
-2.582348585128784180e-01
-3.196287751197814941e-01
-6.497352123260498047e-01
-1.488000601530075073e-01
-4.381108880043029785e-01
-4.054342210292816162e-01
-4.962475299835205078e-01
-3.995590209960937500e-01
-2.046343088150024414e-01
-6.386794447898864746e-01
-3.663338422775268555e-01
-3.522378802299499512e-01
-2.239577025175094604e-01
