-2.582361362874507904e-02
-3.534898906946182251e-02
-3.059389442205429077e-02
-2.649188414216041565e-02
6.139658764004707336e-02
-8.458455651998519897e-02
-1.912664505653083324e-03
-1.099993241950869560e-03
-6.032473593950271606e-02
6.045561283826828003e-02
6.166493054479360580e-03
5.535990372300148010e-02
-5.716728791594505310e-02
9.467619471251964569e-03
1.871431916952133179e-01
-1.619765907526016235e-02
1.342176808975636959e-03
6.730661727488040924e-03
3.274600207805633545e-02
-5.482981447130441666e-03
-7.243641465902328491e-02
-4.902645573019981384e-02
-5.789332091808319092e-03
1.696087233722209930e-02
9.603638201951980591e-03
-5.285666882991790771e-02
9.022892452776432037e-03
1.201676391065120697e-02
-2.126346714794635773e-02
7.938535884022712708e-03
2.172363689169287682e-03
9.118119254708290100e-03
1.595143973827362061e-02
-4.062371701002120972e-02
2.427030727267265320e-02
-7.929351180791854858e-03
-6.360169500112533569e-02
-1.395522505044937134e-01
-1.032266840338706970e-01
4.290713928639888763e-03
1.261436790227890015e-01
3.894248744472861290e-03
2.262102439999580383e-02
-2.949105389416217804e-02
-6.565939169377088547e-03
-1.936724060215055943e-03
-5.424730479717254639e-02
-2.195386961102485657e-02
-6.672070175409317017e-02
1.388245262205600739e-02
-2.737735398113727570e-02
-1.310385167598724365e-01
1.334775239229202271e-02
2.502584084868431091e-02
-6.574102491140365601e-02
1.291074790060520172e-02
1.523977494798600674e-03
-4.350163042545318604e-02
1.066528353840112686e-02
4.251374397426843643e-03
-1.392030064016580582e-02
-2.289177663624286652e-02
4.796830192208290100e-02
-3.849777579307556152e-02
9.158112853765487671e-02
-6.871295627206563950e-03
-1.566637121140956879e-02
-6.853085756301879883e-02
-3.983870521187782288e-02
3.174692764878273010e-02
9.649579972028732300e-02
-3.828068496659398079e-03
-1.209193468093872070e-01
3.519903495907783508e-02
5.668842047452926636e-02
-8.060814812779426575e-03
3.215100377929047681e-06
5.506770312786102295e-02
-1.130145043134689331e-01
-1.319629549980163574e-01
2.396348677575588226e-02
1.905232854187488556e-02
1.543218791484832764e-01
-1.024694219231605530e-01
1.278968900442123413e-02
2.355897595407441258e-05
-4.672714695334434509e-02
-8.664499223232269287e-02
2.468611113727092743e-02
-3.176403790712356567e-02
-6.185952201485633850e-02
-5.507395789027214050e-02
4.737735912203788757e-02
-1.052501127123832703e-01
3.047935478389263153e-02
-7.085981965065002441e-02
7.766278088092803955e-02
-4.482480883598327637e-02
-8.316110819578170776e-03
-8.045967668294906616e-02
-5.794319789856672287e-03
-8.274648338556289673e-03
7.571231573820114136e-03
2.594973146915435791e-02
2.485864562913775444e-03
-9.472756832838058472e-02
-3.377478569746017456e-02
-7.787422090768814087e-02
-6.295027583837509155e-02
-4.765534400939941406e-02
-4.967071581631898880e-03
-1.722336560487747192e-02
-8.522542193531990051e-03
-3.070529922842979431e-02
1.067640036344528198e-01
5.888977320864796638e-04
4.771272093057632446e-02
-5.938422307372093201e-02
-1.230783313512802124e-01
-9.502567350864410400e-02
-3.746089525520801544e-03
-3.599909320473670959e-02
2.694073319435119629e-02
-3.561210259795188904e-02
1.399690359830856323e-01
-3.573450073599815369e-02
2.083359286189079285e-02
6.158147752285003662e-02
7.764136791229248047e-02
-8.583010733127593994e-02
9.277300536632537842e-02
3.436970338225364685e-02
-1.705690287053585052e-02
-1.083804368972778320e-01
-7.270926982164382935e-02
-3.877395763993263245e-02
-3.422463312745094299e-02
-2.109723165631294250e-02
6.035786122083663940e-02
6.987062841653823853e-02
-6.690049171447753906e-02
2.469778433442115784e-02
3.584743663668632507e-02
-1.119793765246868134e-02
-1.774071156978607178e-02
1.151749305427074432e-02
3.953929618000984192e-02
2.560175744292791933e-06
-1.148088928312063217e-02
-1.374620571732521057e-02
-1.757772453129291534e-02
-1.298825442790985107e-01
-4.318546503782272339e-02
-5.829230323433876038e-02
-1.102659925818443298e-01
5.357994511723518372e-02
2.027100138366222382e-02
-3.271561872679740191e-04
1.587457023561000824e-02
3.652151674032211304e-02
2.894873032346367836e-03
-1.062672734260559082e-01
4.870729148387908936e-02
-1.190731823444366455e-01
6.659478694200515747e-02
-8.365970104932785034e-02
-1.059083789587020874e-01
-3.766260296106338501e-02
-2.547991694882512093e-03
-1.112881600856781006e-01
-4.817729070782661438e-02
2.966218627989292145e-03
-2.844967134296894073e-02
1.330204773694276810e-02
1.183431129902601242e-02
-8.306669443845748901e-02
-9.672794491052627563e-03
-4.140275344252586365e-02
-9.274662286043167114e-02
-5.196512490510940552e-02
-5.894070491194725037e-02
-1.385691016912460327e-02
-2.597087761387228966e-03
-7.152358442544937134e-02
4.931533709168434143e-02
7.371693104505538940e-02
-7.659896463155746460e-02
-8.140137419104576111e-03
-5.682215094566345215e-02
-1.055262535810470581e-01
-3.740787878632545471e-02
-1.272117998450994492e-02
-5.117025226354598999e-02
-8.609853684902191162e-03
-7.168710976839065552e-02
-4.054399952292442322e-02
2.869494445621967316e-02
-9.304410964250564575e-02
8.036914467811584473e-02
-2.289381250739097595e-02
-1.352816354483366013e-02
-1.323068136116489768e-05
2.311263419687747955e-02
-1.045484021306037903e-01
-1.674927771091461182e-02
-1.082715950906276703e-02
3.401287272572517395e-02
1.747622527182102203e-02
1.136445254087448120e-02
8.174725394383131061e-07
2.627543872222304344e-03
2.762888185679912567e-02
-5.177175253629684448e-02
1.106960582546889782e-03
2.460284531116485596e-02
-8.914743363857269287e-02
2.230789512395858765e-02
-3.969307988882064819e-02
-4.044141247868537903e-02
-3.003016486763954163e-02
4.499484598636627197e-02
4.166767746210098267e-02
-3.851759806275367737e-02
6.801315117627382278e-03
-4.764603450894355774e-02
4.931602627038955688e-02
6.379541754722595215e-02
4.682485439388983650e-07
-4.282148182392120361e-02
1.115206182003021240e-01
-3.673285618424415588e-02
-5.618582293391227722e-02
-1.254333704710006714e-01
7.502156076952815056e-04
-9.580372273921966553e-02
1.151109673082828522e-02
5.806118133477866650e-04
-4.699766263365745544e-02
-2.974884957075119019e-02
4.603186622262001038e-02
-1.942354370839893818e-03
6.181153934448957443e-03
3.830765932798385620e-02
3.095478168688714504e-04
-3.446238487958908081e-02
-3.613713383674621582e-02
-9.337481111288070679e-02
-3.191898390650749207e-02
8.034127950668334961e-02
3.212238475680351257e-02
-2.178351953625679016e-02
-2.224808186292648315e-02
-6.130167096853256226e-02
-5.453063175082206726e-03
-8.248169720172882080e-02
8.989121764898300171e-02
-1.110685393214225769e-01
-9.254474192857742310e-02
5.582089535892009735e-03
2.073826082050800323e-02
-3.576860949397087097e-02
-2.951455488801002502e-02
1.959598436951637268e-02
-1.010091826319694519e-01
-9.280567988753318787e-03
2.899506688117980957e-02
2.665630541741847992e-02
-1.586170122027397156e-02
-8.378922939300537109e-02
3.382190130650997162e-03
-1.891908422112464905e-02
-1.085524559020996094e-01
-4.400391131639480591e-02
-4.325130209326744080e-02
-1.226693950593471527e-02
3.738735243678092957e-02
-4.916764795780181885e-03
-4.147900640964508057e-02
-1.358773410320281982e-01
4.439932852983474731e-02
-1.789747923612594604e-02
6.383557338267564774e-03
-2.254204638302326202e-02
-1.726166717708110809e-02
6.956927478313446045e-03
-3.468207642436027527e-02
7.135836873203516006e-03
-4.207952031265449477e-07
-5.511203408241271973e-02
1.278000790625810623e-02
4.760358016937971115e-03
4.455220278032356873e-06
-2.362412028014659882e-02
-1.545088458806276321e-02
-1.889107003808021545e-02
-1.101520881056785583e-01
2.106453850865364075e-02
-8.401067927479743958e-03
-4.120299126952886581e-03
-1.099988259375095367e-02
-1.665860600769519806e-02
-1.507304114056751132e-04
-1.662651449441909790e-02
-2.227821201086044312e-02
1.305454038083553314e-02
-1.010425686836242676e-01
2.794108539819717407e-02
-3.498943150043487549e-02
-7.072520384099334478e-05
-2.812986448407173157e-02
5.411725863814353943e-02
-3.402785584330558777e-02
-5.385274067521095276e-02
7.584779709577560425e-02
5.503317713737487793e-02
3.709260001778602600e-02
4.748655555886216462e-06
-2.340910024940967560e-02
-4.715448245406150818e-02
-3.479043394327163696e-02
2.559980377554893494e-02
1.733483001589775085e-02
1.077158412954304367e-05
3.653103113174438477e-02
2.718341303989291191e-03
-1.029824167490005493e-01
-5.757860839366912842e-02
-9.636642783880233765e-02
-4.294680431485176086e-02
1.268207654356956482e-02
-1.347091398201882839e-03
-2.984408475458621979e-02
-3.937114030122756958e-02
-1.671725139021873474e-02
5.312369391322135925e-02
1.065634787082672119e-01
4.039169102907180786e-02
-2.828054688870906830e-02
-4.096100106835365295e-03
5.687737837433815002e-02
-9.943208098411560059e-02
-6.611526012420654297e-02
5.746032911702059209e-06
-4.530157639237586409e-06
4.452734813094139099e-02
-3.008444048464298248e-02
5.168839357793331146e-03
3.217563778162002563e-02
-5.073070898652076721e-02
-1.203901022672653198e-01
2.370332833379507065e-03
-7.831507362425327301e-03
-9.525080770254135132e-02
-9.327911585569381714e-02
-5.463295383378863335e-04
3.924762830138206482e-02
4.415111988782882690e-02
-1.724320277571678162e-02
4.989730194211006165e-02
3.409402817487716675e-02
8.449679240584373474e-03
-2.827142924070358276e-02
2.069145627319812775e-02
-5.457846075296401978e-02
-5.888749659061431885e-02
-2.057009004056453705e-02
1.737022399902343750e-02
1.103271279134787619e-05
4.877370595932006836e-02
-8.735924214124679565e-02
1.749440282583236694e-02
-5.090666934847831726e-02
-7.452954351902008057e-02
-5.438849329948425293e-02
4.012025520205497742e-02
8.230375498533248901e-02
-2.998765744268894196e-02
3.339999914169311523e-02
1.428999751806259155e-02
-6.628740229643881321e-04
8.741831034421920776e-02
2.365664578974246979e-02
3.420568257570266724e-02
-4.446129128336906433e-02
-1.107836067676544189e-01
9.692303836345672607e-02
-9.204947203397750854e-02
-4.899496957659721375e-02
-8.707120083272457123e-03
3.096169792115688324e-02
-6.307442486286163330e-02
3.104781918227672577e-02
2.481365390121936798e-02
4.666773229837417603e-02
-2.376651018857955933e-02
-2.240288257598876953e-02
-1.939342357218265533e-02
-1.282974117202684283e-04
-1.701527088880538940e-02
-6.315332651138305664e-02
-2.117791771888732910e-02
9.652040898799896240e-03
1.574676334857940674e-01
5.720730498433113098e-02
5.667647719383239746e-02
3.139129830742604099e-06
-5.740499496459960938e-02
-8.336631953716278076e-02
-4.371335357427597046e-02
2.486595697700977325e-02
-1.313050929456949234e-02
-3.859554603695869446e-02
-7.793435454368591309e-02
-1.649358682334423065e-02
-2.364635653793811798e-02
-9.488484263420104980e-02
-9.095992892980575562e-02
-6.919113546609878540e-02
-3.830677643418312073e-02
-1.569952815771102905e-02
8.327372372150421143e-02
-4.561043158173561096e-02
-2.689341455698013306e-02
-6.172341853380203247e-02
-4.907127004116773605e-03
-2.637136913836002350e-02
-3.496802225708961487e-02
-7.084943354129791260e-03
-1.863163337111473083e-02
2.194755524396896362e-02
5.986501276493072510e-02
1.862815394997596741e-02
-2.745602652430534363e-02
2.097768150269985199e-02
-7.997488602995872498e-03
3.937783092260360718e-02
-2.046630904078483582e-02
-3.338529859320260584e-05
3.783151740208268166e-03
-3.348479419946670532e-02
7.754686754196882248e-03
-1.155733875930309296e-02
-1.248945966362953186e-01
-7.128797471523284912e-02
5.422668159008026123e-02
-1.036072522401809692e-01
-6.246143206954002380e-02
-1.158983726054430008e-02
5.774532258510589600e-02
-1.755050569772720337e-01
-1.523346174508333206e-02
6.252606958150863647e-02
1.391990948468446732e-02
1.040161680430173874e-02
-8.210319280624389648e-02
-1.437296159565448761e-02
-6.038092821836471558e-02
-8.878256194293498993e-03
-3.125438297502114438e-06
-5.418334156274795532e-02
-1.957790367305278778e-02
3.445580229163169861e-02
-1.082945838570594788e-01
-3.748845541849732399e-03
7.530874013900756836e-02
-4.400154948234558105e-02
-2.373061887919902802e-02
4.997604992240667343e-03
2.587142586708068848e-02
9.857942163944244385e-02
-1.593069609953090549e-04
2.280103042721748352e-02
7.244941312819719315e-03
-5.974623560905456543e-02
-1.289388258010149002e-02
7.219889760017395020e-02
-7.856048643589019775e-02
-5.273997038602828979e-02
1.447962503880262375e-02
-1.872854679822921753e-02
-7.595162838697433472e-02
5.628712009638547897e-03
-1.180929467082023621e-01
-1.949583995155990124e-03
-3.235335275530815125e-02
-2.822380326688289642e-02
8.268122375011444092e-02
3.184490278363227844e-02
2.138086780905723572e-02
6.476099789142608643e-02
2.446284331381320953e-02
-6.495865434408187866e-02
-2.895585633814334869e-02
-1.593225747346878052e-01
-7.090616226196289062e-02
-4.247470572590827942e-02
-4.683401063084602356e-02
-3.045308170840144157e-03
3.565732762217521667e-02
2.966449968516826630e-02
-1.260426193475723267e-01
1.005894690752029419e-02
9.016749262809753418e-02
5.799729749560356140e-02
4.405820369720458984e-02
1.988086663186550140e-02
6.123023480176925659e-02
2.064952254295349121e-02
1.013980712741613388e-02
2.663344843313097954e-03
-3.423795849084854126e-02
-1.019966006278991699e-01
2.819395810365676880e-02
-1.211624071002006531e-01
1.796015305444598198e-03
-2.227185294032096863e-02
-4.848792776465415955e-02
5.877341330051422119e-02
-4.365234076976776123e-02
-4.157695174217224121e-02
-2.290380187332630157e-02
3.585122525691986084e-02
-4.634236916899681091e-02
-1.209534853696823120e-01
1.314415410161018372e-02
-8.007442811504006386e-04
-6.599894165992736816e-02
-1.188053376972675323e-02
-5.613959208130836487e-02
-3.016396984457969666e-02
-5.070358514785766602e-02
8.997526019811630249e-03
-1.962332725524902344e-01
-6.390873342752456665e-02
-2.903805300593376160e-02
-9.288388304412364960e-03
-1.077024117112159729e-01
-2.126064151525497437e-02
-6.991269066929817200e-03
-6.770961731672286987e-02
-2.312220819294452667e-02
-9.718834608793258667e-02
7.184471003711223602e-03
-4.614659026265144348e-02
6.093324720859527588e-02
-7.297299453057348728e-04
7.544070482254028320e-02
3.490076214075088501e-02
4.412048682570457458e-02
-7.099769264459609985e-02
-7.213303446769714355e-02
-4.833303857594728470e-03
6.403991952538490295e-03
3.897653426975011826e-03
-1.069886535406112671e-01
-5.027592927217483521e-02
-1.114539131522178650e-01
-4.617157205939292908e-02
1.365651190280914307e-01
-1.598478481173515320e-02
-3.418191149830818176e-02
-5.458443984389305115e-02
4.425177723169326782e-02
-8.900008350610733032e-02
1.063451264053583145e-02
1.537890918552875519e-02
1.604402251541614532e-02
5.125924944877624512e-02
-1.518454123288393021e-02
-1.670335768721997738e-03
-2.712066844105720520e-02
-3.575762733817100525e-02
-1.981536857783794403e-02
5.805312097072601318e-02
-5.107802897691726685e-02
6.070485338568687439e-02
-1.850713342428207397e-01
-3.687150031328201294e-02
3.641213104128837585e-02
4.085518792271614075e-02
1.575250364840030670e-02
3.816796466708183289e-02
-4.175866767764091492e-02
2.864348702132701874e-02
-4.049684852361679077e-02
-4.239378497004508972e-02
5.167423933744430542e-02
-6.131228059530258179e-02
-3.909184038639068604e-02
-9.786949492990970612e-03
1.631632819771766663e-02
8.713704347610473633e-02
6.807689368724822998e-02
-4.488861188292503357e-02
-1.245451904833316803e-02
-1.015915162861347198e-02
4.563699662685394287e-02
4.988316446542739868e-03
-5.478385835886001587e-02
-1.201959922909736633e-01
1.938084885478019714e-02
7.022714614868164062e-02
-6.634222809225320816e-03
-5.607808753848075867e-02
8.184073120355606079e-02
1.598928211024031043e-04
-7.300469558686017990e-03
3.968407213687896729e-02
-1.027144491672515869e-03
-2.008399367332458496e-02
5.726754199713468552e-03
-1.157918870449066162e-01
-1.405837833881378174e-01
6.722660269588232040e-03
1.821288615465164185e-01
-5.469969660043716431e-02
2.834150195121765137e-02
-8.566700853407382965e-03
-4.638566821813583374e-02
-2.021399885416030884e-02
-5.881318449974060059e-02
2.816044539213180542e-02
-8.844690024852752686e-02
4.964967502019135281e-06
1.786232739686965942e-02
-5.259307101368904114e-02
6.844379752874374390e-02
-6.073271855711936951e-02
-2.025716751813888550e-02
-1.567774415016174316e-01
-3.103221999481320381e-03
1.282292138785123825e-02
-9.567215293645858765e-02
-4.902170598506927490e-02
-4.668772220611572266e-02
6.811143457889556885e-02
1.627021841704845428e-02
1.085088960826396942e-02
-4.988348484039306641e-02
-3.470576927065849304e-02
-4.133810847997665405e-02
-1.028466224670410156e-02
1.414953321218490601e-01
-1.225830335170030594e-02
1.528091169893741608e-02
-5.654226522892713547e-03
-1.875052042305469513e-02
-3.209530413150787354e-01
-2.325033303350210190e-03
-1.530880182981491089e-01
-1.168093979358673096e-01
9.658033028244972229e-03
8.843719959259033203e-03
-1.077274046838283539e-02
-2.435287088155746460e-02
-1.385259926319122314e-01
3.685890883207321167e-02
2.424752106890082359e-03
3.420367464423179626e-02
-5.886255204677581787e-02
-1.998266950249671936e-02
3.014502674341201782e-02
-1.187377027235925198e-03
-6.337432563304901123e-02
2.629431150853633881e-02
-9.963187575340270996e-02
-2.279198914766311646e-02
-1.574941426515579224e-01
-7.308525592088699341e-02
-4.887667670845985413e-02
-7.202885299921035767e-02
-1.157699804753065109e-02
-3.698848560452461243e-02
2.597521990537643433e-03
-2.267912589013576508e-02
6.337366998195648193e-02
-2.473997138440608978e-02
-1.339421514421701431e-02
7.571903988718986511e-03
-1.538681332021951675e-02
4.069028049707412720e-02
5.272389948368072510e-02
-6.483083218336105347e-02
2.119615441188216209e-03
-7.992920465767383575e-03
5.864189565181732178e-02
-1.380996126681566238e-02
-2.912949211895465851e-02
-4.192893207073211670e-02
-3.057613037526607513e-02
3.051813924685120583e-03
1.684839278459548950e-02
-1.186690013855695724e-02
-9.433859586715698242e-02
-2.765010809525847435e-03
-1.090352833271026611e-01
-6.323150545358657837e-02
-1.493293140083551407e-02
-1.427277829498052597e-02
-6.028925068676471710e-03
-7.975337095558643341e-03
1.371131390333175659e-01
1.805076957680284977e-03
-3.116158768534660339e-02
-7.534515112638473511e-03
4.411459341645240784e-02
-6.483072787523269653e-02
-6.953690201044082642e-02
-1.096668913960456848e-01
-4.163716733455657959e-02
-9.863268584012985229e-03
3.065717406570911407e-02
-9.223280847072601318e-02
4.331702739000320435e-02
1.419591158628463745e-02
-1.491640321910381317e-02
4.389558359980583191e-02
3.506140038371086121e-02
-4.201051592826843262e-02
-3.234494104981422424e-02
-2.904706262052059174e-02
-2.606583200395107269e-02
-1.960187073564156890e-04
4.750123247504234314e-02
-2.023383975028991699e-02
2.497787587344646454e-02
3.872256353497505188e-02
-4.389705508947372437e-02
-1.304285824298858643e-01
1.015562489628791809e-01
8.618321269750595093e-03
-7.443047314882278442e-02
-1.762373559176921844e-02
1.507937535643577576e-02
-3.527534008026123047e-02
-8.190196007490158081e-03
5.976836383342742920e-02
-3.795951232314109802e-02
8.004024624824523926e-02
2.557048946619033813e-02
3.791576600633561611e-04
-2.091177040711045265e-03
-4.766851291060447693e-02
-9.307724237442016602e-02
-2.132515609264373779e-02
-4.490363225340843201e-02
-6.413583457469940186e-02
-6.593571044504642487e-03
-6.724756956100463867e-02
-7.643984165042638779e-03
8.789375715423375368e-05
-1.258511096239089966e-01
7.298456132411956787e-02
3.816923499107360840e-02
1.400083419866859913e-03
-1.474859658628702164e-02
2.749104797840118408e-02
-1.045355573296546936e-01
-6.496266275644302368e-02
-9.723737835884094238e-02
-1.704456284642219543e-02
-3.992787562310695648e-03
-1.696680113673210144e-02
8.791069500148296356e-03
-3.632919490337371826e-02
2.843977510929107666e-02
-5.672503635287284851e-02
-3.806933015584945679e-02
1.313210837543010712e-02
3.242033068090677261e-03
-9.676802158355712891e-02
5.408802535384893417e-04
-3.527639806270599365e-02
2.072584256529808044e-02
1.326753059402108192e-03
-2.368042245507240295e-02
-3.206765279173851013e-02
4.774112254381179810e-02
1.902017928659915924e-02
-1.438133046030998230e-02
-7.769517600536346436e-02
-8.410691283643245697e-03
-7.736791670322418213e-02
-1.706919670104980469e-01
-3.891492635011672974e-02
-8.858693763613700867e-03
4.314890503883361816e-02
2.522952482104301453e-02
6.911057233810424805e-02
1.442435663193464279e-02
-5.623359605669975281e-02
8.750833570957183838e-03
-1.925777457654476166e-02
3.959867171943187714e-03
1.332707516849040985e-02
5.518771242350339890e-03
-4.516776185482740402e-03
9.243194654118269682e-05
-3.234800416976213455e-03
-4.135981202125549316e-02
-1.274337768554687500e-01
5.041748750954866409e-03
-1.220893338322639465e-01
6.045489106327295303e-03
-2.966714836657047272e-02
5.284598842263221741e-02
3.971841186285018921e-02
5.588528141379356384e-02
-7.912081666290760040e-03
-6.353508681058883667e-02
-4.798253253102302551e-02
5.503549426794052124e-02
1.099514737725257874e-01
-3.122076950967311859e-02
-4.229327663779258728e-02
2.485040724277496338e-01
4.134890437126159668e-02
1.044488139450550079e-02
4.184740129858255386e-03
1.033089030534029007e-02
8.361358195543289185e-02
3.202604874968528748e-02
-9.487681090831756592e-03
1.174084097146987915e-02
-2.018704451620578766e-02
2.905174531042575836e-02
-1.539600547403097153e-02
4.178791925824043574e-07
2.439305171719752252e-05
-3.330674394965171814e-02
9.289577603340148926e-02
1.979503780603408813e-02
-2.752235345542430878e-02
-5.492441356182098389e-02
-3.897000849246978760e-02
-5.435422435402870178e-02
-1.806217618286609650e-02
-5.490851402282714844e-02
-1.535603404045104980e-01
8.457422954961657524e-04
-3.707565739750862122e-02
-8.586245775222778320e-02
2.838649414479732513e-02
5.067874118685722351e-02
-3.685982897877693176e-02
-3.520371764898300171e-02
2.692650444805622101e-02
3.501072898507118225e-02
9.094481170177459717e-02
-7.022421807050704956e-02
3.988677635788917542e-02
-9.153371676802635193e-03
-5.323323607444763184e-02
9.373833239078521729e-02
2.804270116030238569e-05
2.298576571047306061e-02
3.957737609744071960e-02
-1.414009183645248413e-01
4.148189350962638855e-02
3.690713271498680115e-02
1.300804316997528076e-02
-2.236320450901985168e-02
-5.955212563276290894e-02
4.036941751837730408e-02
-2.693645656108856201e-02
5.978156253695487976e-02
5.681577604264020920e-04
1.477698888629674911e-02
-3.992034494876861572e-02
-4.448460787534713745e-02
8.419093489646911621e-02
3.925736993551254272e-02
-3.098875982686877251e-03
1.151936976384604350e-05
-4.626109451055526733e-02
1.381318178027868271e-02
-1.284213550388813019e-02
-6.655347999185323715e-03
3.121293336153030396e-02
-7.084093242883682251e-02
8.635388314723968506e-02
5.995559506118297577e-03
1.037086549331434071e-04
-1.186360139399766922e-02
1.739460974931716919e-02
-6.241051480174064636e-02
-9.567716158926486969e-03
-2.127118641510605812e-03
-4.391917958855628967e-03
2.840082719922065735e-02
-7.982715964317321777e-03
-1.046842932701110840e-01
3.959431126713752747e-02
-3.296369686722755432e-02
8.974876254796981812e-03
-3.813972324132919312e-02
-5.147468298673629761e-02
3.554031951352953911e-03
-4.475457593798637390e-02
3.655128926038742065e-02
-2.590650506317615509e-02
2.855339832603931427e-02
5.393866449594497681e-02
-2.623406471684575081e-03
1.813263818621635437e-02
1.125505641102790833e-01
-7.490978389978408813e-02
1.004550885409116745e-02
5.195253179408609867e-04
1.237141434103250504e-02
2.747917780652642250e-03
-4.957074299454689026e-02
8.360860869288444519e-03
-3.115794248878955841e-02
-4.743506386876106262e-02
8.115792979879188351e-07
1.257786934729665518e-04
-9.429479017853736877e-03
6.711404770612716675e-02
2.842876315116882324e-02
1.479767449200153351e-02
5.742542445659637451e-02
3.798639401793479919e-02
-1.553073376417160034e-01
4.955764597980305552e-05
3.975877910852432251e-02
5.099403113126754761e-02
-1.403725743293762207e-01
-1.749206893146038055e-02
1.690058968961238861e-02
1.256296224892139435e-02
1.764020323753356934e-02
1.850605010986328125e-02
-3.046135231852531433e-02
-2.591260336339473724e-02
-5.592322349548339844e-02
9.879592653305735439e-06
-7.315880153328180313e-03
6.159557774662971497e-02
-2.574965357780456543e-03
-5.695818737149238586e-02
-5.013288682675920427e-05
1.066592242568731308e-02
2.323948219418525696e-02
-4.203961789608001709e-02
-2.461453154683113098e-02
-2.358627505600452423e-02
2.816547453403472900e-02
-5.320031940937042236e-02
1.073075644671916962e-02
9.002515114843845367e-03
7.803683169186115265e-03
-1.588176190853118896e-02
8.703576400876045227e-03
-1.793727464973926544e-02
9.265218861401081085e-03
-5.172814428806304932e-02
2.926611108705401421e-03
8.389609307050704956e-02
-1.863016933202743530e-02
1.029082164168357849e-01
-1.262123435735702515e-01
4.817970842123031616e-02
-2.585483342409133911e-02
-2.814351208508014679e-02
8.447811752557754517e-02
-1.532770320773124695e-02
6.939429044723510742e-02
5.336967855691909790e-02
-1.107631959484933759e-07
3.481803927570581436e-03
2.731785364449024200e-02
-6.015545129776000977e-02
1.668358966708183289e-02
1.516939140856266022e-02
8.782409131526947021e-02
-4.433806985616683960e-02
1.279368437826633453e-02
-5.609311535954475403e-02
2.748090540990233421e-03
-2.213086932897567749e-03
1.610057987272739410e-02
-5.098000168800354004e-02
3.492622822523117065e-02
-3.424324840307235718e-02
1.935958948706684168e-08
-1.233468726277351379e-01
-1.705683581531047821e-02
4.842500016093254089e-02
-3.808506950736045837e-02
7.776120305061340332e-02
-1.118195708841085434e-02
-1.021706536412239075e-01
-2.314506657421588898e-02
-3.312672302126884460e-02
-3.893333673477172852e-02
-6.424005329608917236e-02
1.702978834509849548e-02
-4.427330568432807922e-02
4.380480200052261353e-02
-2.951169945299625397e-02
-3.675104677677154541e-02
3.950514947064220905e-04
-4.806440696120262146e-02
-4.446018021553754807e-03
-1.583627425134181976e-02
8.062450587749481201e-02
-2.359384112060070038e-02
-5.517812911421060562e-03
-3.790095448493957520e-02
7.431812584400177002e-03
-6.691488903015851974e-03
-2.225730940699577332e-02
9.446793235838413239e-03
1.247060745954513550e-01
-1.766541739925742149e-03
-4.960688576102256775e-02
8.401445113122463226e-03
-4.105345159769058228e-02
2.550470270216464996e-02
5.990227218717336655e-03
-6.865859031677246094e-02
-4.338771849870681763e-02
4.213058948516845703e-02
