3.721120953559875488e-02
1.183291524648666382e-02
5.356728658080101013e-02
4.057032987475395203e-02
2.021009288728237152e-02
1.537000760436058044e-02
1.820495724678039551e-02
1.700578071177005768e-02
1.394404564052820206e-02
2.644187770783901215e-02
1.342733576893806458e-02
8.049842901527881622e-03
2.243405953049659729e-02
1.306493394076824188e-02
1.305344328284263611e-02
4.136915877461433411e-02
1.532456930726766586e-02
7.822430692613124847e-03
7.526057306677103043e-03
4.860951006412506104e-02
4.827912896871566772e-03
1.856143958866596222e-02
5.704659223556518555e-02
5.621613934636116028e-03
3.776543214917182922e-02
2.933844737708568573e-02
1.159431319683790207e-02
2.427873201668262482e-02
1.139091607183218002e-02
1.965388841927051544e-02
4.580719396471977234e-02
7.133321464061737061e-02
1.162354182451963425e-02
5.410902202129364014e-02
1.724967546761035919e-02
2.844447270035743713e-02
6.242695264518260956e-03
4.808342456817626953e-02
2.813172992318868637e-03
6.943135987967252731e-03
1.041451748460531235e-02
2.467745915055274963e-02
1.169764902442693710e-02
1.768348366022109985e-02
5.547953769564628601e-03
2.433084324002265930e-02
1.317345909774303436e-02
1.397652644664049149e-02
1.874649338424205780e-02
2.036202512681484222e-02
6.474636029452085495e-03
2.042812667787075043e-02
2.958338707685470581e-02
4.258639737963676453e-02
9.768553078174591064e-03
1.429682783782482147e-02
1.141050364822149277e-02
1.649660058319568634e-02
1.551129668951034546e-02
2.055587619543075562e-02
4.656985774636268616e-02
1.610536500811576843e-02
8.772605098783969879e-03
6.140083074569702148e-03
2.214698679745197296e-02
3.735540062189102173e-02
2.043083682656288147e-02
1.634289696812629700e-02
2.074826695024967194e-02
3.965602815151214600e-02
2.528825402259826660e-02
1.145028229802846909e-02
1.164087466895580292e-02
3.659513965249061584e-02
2.766945026814937592e-02
1.277307048439979553e-02
1.039844751358032227e-02
9.328599087893962860e-03
4.111334308981895447e-02
4.721760004758834839e-02
5.036187544465065002e-02
9.551927447319030762e-03
1.254238188266754150e-02
2.110623382031917572e-02
3.681794973090291023e-03
1.059230510145425797e-02
1.103214547038078308e-02
4.802416637539863586e-02
1.338342949748039246e-02
3.864054754376411438e-02
8.580955676734447479e-03
1.133283413946628571e-02
4.396101087331771851e-02
3.047622554004192352e-02
7.399748545140028000e-03
5.923896282911300659e-02
1.984801702201366425e-02
1.587005518376827240e-02
8.937866427004337311e-03
1.056041289120912552e-02
3.764263913035392761e-02
1.144900172948837280e-02
1.064999215304851532e-02
2.291852608323097229e-02
3.291593864560127258e-02
1.659229956567287445e-02
3.430989384651184082e-02
1.171503495424985886e-02
1.038492470979690552e-02
7.003829814493656158e-03
2.033750340342521667e-02
7.818710990250110626e-03
1.102387998253107071e-02
1.058362144976854324e-02
1.141847111284732819e-02
1.184838637709617615e-02
2.437346242368221283e-02
1.041808258742094040e-02
4.125612974166870117e-02
4.044004902243614197e-02
9.091695770621299744e-03
4.423480480909347534e-02
3.278162702918052673e-02
9.535250253975391388e-03
2.635499089956283569e-02
2.657741494476795197e-02
9.756620042026042938e-03
1.190513744950294495e-02
