6.115590687841176987e-03
2.928886679001152515e-04
2.226988435722887516e-04
2.520632743835449219e-02
2.366791886743158102e-04
2.110056346282362938e-03
3.980431705713272095e-03
3.553992137312889099e-02
1.131849549710750580e-02
7.698010187596082687e-03
1.017731707543134689e-02
7.147929165512323380e-03
9.371664375066757202e-03
2.470336854457855225e-02
1.391649991273880005e-02
5.923972465097904205e-03
9.464823640882968903e-03
2.229332551360130310e-02
5.322302458807826042e-04
1.978573203086853027e-02
3.352127736434340477e-03
4.600314423441886902e-03
3.973981788172459284e-13
1.579803521616247874e-14
1.262593269348144531e-02
2.558025187227030983e-07
2.191257517552003264e-04
6.693939212709665298e-03
7.235123775899410248e-03
5.352878477424383163e-03
4.750791937112808228e-03
1.838914304971694946e-02
1.702995598316192627e-02
2.719903830438852310e-03
4.626931156963109970e-03
1.131960004568099976e-02
8.288396522402763367e-03
8.118526078760623932e-03
5.667463410645723343e-04
2.286799484863877296e-03
1.752045645844191313e-04
1.644971966743469238e-02
1.055806502699851990e-02
1.585682295262813568e-02
6.309579592198133469e-03
7.242600963408563075e-11
3.244505263864994049e-03
3.190882038325071335e-03
5.677616572938859463e-04
1.671647332841530442e-04
1.030136737972497940e-02
1.036912552081048489e-03
3.964691530806974118e-14
3.172202268615365028e-03
1.832602079957723618e-03
1.444315165281295776e-02
2.239497407572343946e-04
9.523247368633747101e-03
7.949540391564369202e-03
7.800695020705461502e-03
3.688967553898692131e-03
3.649902530014514923e-03
7.117776665836572647e-03
3.066813806071877480e-03
2.284819028582334849e-14
3.135275619570165873e-04
2.484312513843178749e-03
6.063440348953008652e-03
3.169763600453734398e-03
2.064647560473531485e-04
2.712091954890638590e-04
9.623198234370161641e-14
1.360578741878271103e-02
1.178515795618295670e-02
2.221029810607433319e-02
1.294851535931229591e-03
2.343878350075101480e-06
9.056509588845074177e-04
9.800972416996955872e-03
5.045109428465366364e-03
1.565101556479930878e-02
1.420192141085863113e-02
1.144595351070165634e-02
3.563146999674415838e-11
1.005773805081844330e-02
1.512324810028076172e-02
5.867253523319959641e-03
1.936836921314494253e-13
1.553099695593118668e-02
1.473407442061092087e-13
5.999497952871024609e-04
9.662024676799774170e-04
1.886781974462792277e-04
3.538909822964342311e-06
1.491170987719669938e-04
2.090649679303169250e-03
1.357711572200059891e-02
8.813302032649517059e-03
3.092895494773983955e-03
3.220028243958950043e-03
1.514698471873998642e-02
1.149869045466433981e-13
1.532321982085704803e-02
4.830031655728816986e-03
1.815252192318439484e-02
6.041638553142547607e-03
2.557470928877592087e-03
5.834538581439563387e-13
2.012269542319700122e-04
1.820702664554119110e-02
1.284988969564437866e-02
6.501605268567800522e-03
1.594126952113583684e-04
5.161662586033344269e-03
8.023925125598907471e-03
8.972643874585628510e-03
1.506150793284177780e-02
1.262178702483504611e-14
1.597283594310283661e-02
2.037190645933151245e-02
5.024127662181854248e-03
2.970435889437794685e-03
1.724026352167129517e-02
1.017799267089003479e-08
5.328428931534290314e-03
7.246017921715974808e-03
5.829256493598222733e-03
6.234397886828446644e-08
8.500927360728383064e-04
6.599941756576299667e-03
1.632653549313545227e-02
1.910700229927897453e-03
7.004125043749809265e-03
1.447504659538023652e-12
6.120544609328204544e-12
3.656886983662843704e-04
2.562169218435883522e-03
1.111829769797623158e-03
1.325077284127473831e-02
4.947155830450356007e-04
9.485714253969490528e-04
1.064259652048349380e-02
3.795881522819399834e-03
4.309069830924272537e-03
1.696012797765433788e-03
1.420225203037261963e-02
1.788280159235000610e-02
5.466698668897151947e-03
9.722159593366086483e-04
3.351691411808133125e-03
2.645952859893441200e-03
1.007115351967513561e-03
1.295866561122238636e-03
1.257202355191111565e-03
2.491841791197657585e-03
3.304625395685434341e-03
3.580610966309905052e-03
3.474968252703547478e-03
6.468892563134431839e-03
2.142053795978426933e-03
9.093722328543663025e-03
2.244078367948532104e-02
6.587605457752943039e-03
9.138516033999621868e-04
2.476243535056710243e-04
1.489515998400747776e-04
1.019083545543253422e-03
1.573192514479160309e-02
6.530768703669309616e-03
4.973889328539371490e-03
5.620294250547885895e-04
4.983422812074422836e-03
1.384387374855577946e-03
2.352219773456454277e-03
1.382292613705260464e-10
1.132286270149052143e-03
9.828059002757072449e-03
2.115793898701667786e-02
4.592265933752059937e-03
6.146667059510946274e-03
5.409223027527332306e-03
1.494972617365419865e-03
8.053096942603588104e-03
5.392338149249553680e-03
2.525987802073359489e-04
1.372790661528788814e-12
7.185862865298986435e-03
2.539733052253723145e-02
1.009878609329462051e-02
4.361947649158537388e-04
1.196397189050912857e-02
1.728360075503587723e-04
1.662753708660602570e-02
6.941770669072866440e-03
1.985561684705317020e-04
7.393307518213987350e-03
9.156349115073680878e-03
8.424097672104835510e-03
4.575964994728565216e-03
7.766172704926077586e-10
2.088386937975883484e-02
1.649335399270057678e-02
4.398594119145449177e-13
2.078906074166297913e-02
1.338079037898004878e-14
1.939041248988360167e-04
3.063178854063153267e-03
1.182627980597317219e-03
4.196862224489450455e-03
9.114149026572704315e-03
7.292130962014198303e-03
2.709318650886416435e-03
1.352004357613623142e-03
4.875486716628074646e-03
3.225117005054012331e-12
2.072011493146419525e-02
3.786581568419933319e-03
6.141950376331806183e-03
7.417382672429084778e-03
1.405497174710035324e-02
1.018888782709836960e-03
2.426903927698731422e-03
5.993998493067920208e-04
1.230554655194282532e-02
7.248881156556308270e-04
7.410511840134859085e-03
3.097942390013486147e-04
5.367996171116828918e-03
2.733168948907405138e-04
6.060349405743181705e-04
8.852278115227818489e-04
1.465319190174341202e-02
6.537257577292621136e-04
2.060444280505180359e-02
5.670216865837574005e-03
1.012782799080014229e-03
5.128107033669948578e-03
1.109244767576456070e-03
7.211397169157862663e-04
5.784101085737347603e-04
1.414768397808074951e-03
4.216969828121364117e-04
4.378610756248235703e-04
1.633616723120212555e-02
1.782824099063873291e-02
2.695590257644653320e-03
1.283855866063277062e-08
7.113257306627929211e-04
1.952833728864789009e-03
3.853596979752182961e-03
1.436603162437677383e-02
1.138516422361135483e-02
1.892754808068275452e-02
2.056588418781757355e-04
3.157342225313186646e-02
2.776461420580744743e-03
