-2.625880539417266846e-01
-5.603026151657104492e-01
-3.218478858470916748e-01
-3.026151955127716064e-01
-3.882041871547698975e-01
-3.460456132888793945e-01
-2.489742934703826904e-01
-3.175929188728332520e-01
-1.872292011976242065e-01
-3.275758028030395508e-01
-5.744880437850952148e-01
-4.071863591670989990e-01
-4.118872284889221191e-01
-2.653943002223968506e-01
-4.330553114414215088e-01
-4.738219678401947021e-01
6.992017030715942383e-01
-2.551292479038238525e-01
-4.248254001140594482e-01
-3.123804330825805664e-01
-2.453143298625946045e-01
-1.247947514057159424e-01
-1.702374219894409180e-01
-2.057840824127197266e-01
-5.727129578590393066e-01
-1.815356612205505371e-01
-3.869163095951080322e-01
-4.980035722255706787e-01
-4.941016733646392822e-01
-4.375919103622436523e-01
-4.637297987937927246e-01
-4.668278992176055908e-01
-5.546121001243591309e-01
-3.624335825443267822e-01
-6.562461256980895996e-01
-1.853293478488922119e-01
-2.636472284793853760e-01
-3.019860386848449707e-01
-3.448113501071929932e-01
-1.831835657358169556e-01
-3.149575293064117432e-01
-2.526157796382904053e-01
-2.486646771430969238e-01
-3.652571737766265869e-01
-2.388399988412857056e-01
-3.601918518543243408e-01
-3.009535968303680420e-01
-3.598084747791290283e-01
-5.975087881088256836e-01
-5.111303329467773438e-01
-3.354431688785552979e-01
-1.311799883842468262e-01
-3.208184540271759033e-01
-6.275008916854858398e-01
-5.223711729049682617e-01
-3.760042488574981689e-01
-6.631584763526916504e-01
-4.121400713920593262e-01
-4.938365221023559570e-01
-2.794144749641418457e-01
-6.103862524032592773e-01
-4.371602833271026611e-01
-2.818233668804168701e-01
-3.207848072052001953e-01
-1.960714608430862427e-01
-5.245905518531799316e-01
-4.714279994368553162e-02
-3.280434012413024902e-01
-5.642597377300262451e-02
-2.588418722152709961e-01
-4.985512197017669678e-01
-4.463790655136108398e-01
5.709928274154663086e-02
-3.652249872684478760e-01
1.279484778642654419e-01
-2.843812108039855957e-01
-3.162115216255187988e-01
-6.053186058998107910e-01
-2.662382721900939941e-01
-3.757695257663726807e-01
-3.632608950138092041e-01
-2.908245921134948730e-01
-3.412822186946868896e-01
7.364830374717712402e-02
-1.068703383207321167e-01
-2.572879195213317871e-01
-2.509845793247222900e-01
-4.678568840026855469e-01
3.014301508665084839e-02
-3.413573205471038818e-01
-2.670633196830749512e-01
-6.388949155807495117e-01
-3.351182639598846436e-01
-2.361778765916824341e-01
-4.770091772079467773e-01
-5.191803574562072754e-01
-4.226212501525878906e-01
-4.181250035762786865e-01
-4.680499732494354248e-01
-4.059982299804687500e-01
-5.017218589782714844e-01
-4.200653731822967529e-01
-7.436928153038024902e-01
-5.236324667930603027e-01
-4.497525393962860107e-01
-2.935656309127807617e-01
-4.261413514614105225e-01
-2.603351175785064697e-01
-3.009904921054840088e-01
-4.278735518455505371e-01
-5.260322690010070801e-01
-5.895327329635620117e-01
-2.358628213405609131e-01
-3.987227976322174072e-01
-2.532639205455780029e-01
-4.317412674427032471e-01
-2.313024103641510010e-01
-1.963504403829574585e-01
-5.828650593757629395e-01
-3.285357356071472168e-01
-2.869434058666229248e-01
-4.254315793514251709e-01
-3.951162397861480713e-01
-3.331925570964813232e-01
-2.274736016988754272e-01
-2.995260655879974365e-01
-3.586948812007904053e-01
-6.706103682518005371e-03
-3.124856948852539062e-01
-3.504734337329864502e-01
-4.624535441398620605e-01
-3.215099871158599854e-01
-4.185789227485656738e-01
-3.901529610157012939e-01
-3.695847392082214355e-01
-3.635969161987304688e-01
-4.727340638637542725e-01
-3.270659744739532471e-01
-3.072409331798553467e-01
-1.085868105292320251e-01
-1.056543216109275818e-01
-3.452714085578918457e-01
-3.432710766792297363e-01
-4.330091476440429688e-01
-5.764887332916259766e-01
-3.888915479183197021e-01
-4.758148193359375000e-01
-2.295216917991638184e-01
-4.688918888568878174e-01
-5.515536069869995117e-01
-3.910008370876312256e-01
-5.384536981582641602e-01
-5.414234995841979980e-01
-2.802539467811584473e-01
-4.891027808189392090e-01
-3.642730712890625000e-01
-2.566281855106353760e-01
-2.180734574794769287e-01
-3.898051083087921143e-01
-3.635023534297943115e-01
-3.599947690963745117e-01
-9.053174406290054321e-02
-1.855154633522033691e-01
-4.155650436878204346e-01
-4.898309111595153809e-01
-2.323779314756393433e-01
-2.718886733055114746e-01
-4.099670946598052979e-01
-4.232822060585021973e-01
-3.299985527992248535e-01
-3.459345400333404541e-01
-2.798543870449066162e-01
-4.289052188396453857e-01
-3.899697065353393555e-01
-3.902721405029296875e-01
-4.044161140918731689e-01
-7.142797708511352539e-01
-3.203400969505310059e-01
-6.184113025665283203e-01
-2.456080764532089233e-01
3.721807617694139481e-03
-3.669606447219848633e-01
-4.941326379776000977e-01
-1.994858980178833008e-01
-2.840032279491424561e-01
-4.368161261081695557e-01
-5.597156882286071777e-01
-2.940936088562011719e-01
-2.228148281574249268e-01
-1.142641901969909668e-01
-2.332090735435485840e-01
-6.374958157539367676e-01
-1.962739601731300354e-02
-2.802734375000000000e-01
-1.003409251570701599e-01
-3.070704340934753418e-01
-5.129668712615966797e-01
-4.361258447170257568e-01
-3.543520867824554443e-01
-3.356785178184509277e-01
-3.802398145198822021e-01
-4.787485897541046143e-01
-2.833485305309295654e-01
-4.870559871196746826e-01
-1.792610287666320801e-01
-4.844004213809967041e-01
-5.029404759407043457e-01
-2.570932507514953613e-01
-2.561705410480499268e-01
-5.134122967720031738e-01
-4.115366041660308838e-01
-1.701291948556900024e-01
-3.699032366275787354e-01
-3.608580529689788818e-01
-3.259311020374298096e-01
-5.685490369796752930e-01
-1.642860025167465210e-01
-2.973299622535705566e-01
-3.247767388820648193e-01
-4.490431547164916992e-01
-3.259981572628021240e-01
-4.661051034927368164e-01
-2.282753139734268188e-01
-3.401760477572679520e-03
-2.615329921245574951e-01
-5.619090795516967773e-01
-2.958951890468597412e-01
-9.305243194103240967e-02
-3.002003431320190430e-01
-5.209303498268127441e-01
-4.616563916206359863e-01
-4.810660779476165771e-01
-1.731594800949096680e-01
-3.998809158802032471e-01
-3.744332492351531982e-01
-5.250887274742126465e-01
-1.719906777143478394e-01
-3.382825255393981934e-01
-1.978731304407119751e-01
-4.211156070232391357e-01
-5.536847114562988281e-01
-3.192301094532012939e-01
-1.567813605070114136e-01
-2.704972624778747559e-01
-2.539305388927459717e-01
-3.762285113334655762e-01
-6.078155636787414551e-01
-3.154287934303283691e-01
-4.958038628101348877e-01
-2.711207568645477295e-01
-3.192565739154815674e-01
-3.665768802165985107e-01
-1.884885579347610474e-01
-3.331286609172821045e-01
-3.665507733821868896e-01
-3.802062869071960449e-01
-3.634556531906127930e-01
-4.391443729400634766e-01
-3.221134245395660400e-01
-4.119791984558105469e-01
-3.666086792945861816e-01
-3.345523476600646973e-01
-4.466392695903778076e-01
-2.352429330348968506e-01
-4.103583693504333496e-01
-5.310540795326232910e-01
-2.942195832729339600e-01
-4.936169683933258057e-01
-1.812451034784317017e-01
-2.294099777936935425e-01
-4.051041901111602783e-01
-1.459889262914657593e-01
-3.588062822818756104e-01
-4.241414666175842285e-01
-4.480491280555725098e-01
-4.234727323055267334e-01
7.151722311973571777e-01
-3.350808620452880859e-01
-3.736099898815155029e-01
-3.665825724601745605e-01
-4.096470177173614502e-01
-2.864433825016021729e-01
-4.244764447212219238e-01
-9.134885668754577637e-02
-5.429080724716186523e-01
-5.885980129241943359e-01
-4.834179580211639404e-02
-3.642721772193908691e-01
-4.309419989585876465e-01
-5.026387572288513184e-01
-4.855569303035736084e-01
-4.762037098407745361e-01
-3.383762836456298828e-01
-5.513134598731994629e-01
-6.749611496925354004e-01
-4.399672448635101318e-01
-2.394563555717468262e-01
-3.699646294116973877e-01
-3.126421868801116943e-01
-2.272090315818786621e-01
-2.246278077363967896e-01
-3.912760615348815918e-01
2.827891707420349121e-01
-3.416319489479064941e-01
-6.286055445671081543e-01
-5.935758352279663086e-01
-2.959481775760650635e-01
-4.542585611343383789e-01
-1.445078104734420776e-01
-5.036850571632385254e-01
4.957598075270652771e-02
-3.535887300968170166e-01
-3.509375452995300293e-01
-4.356798529624938965e-01
-2.668502926826477051e-01
-3.446416556835174561e-01
-3.023161292076110840e-01
-4.707932174205780029e-01
-6.876031160354614258e-01
-4.061889052391052246e-01
-4.402214884757995605e-01
-3.741052150726318359e-01
-1.504598408937454224e-01
-4.238619804382324219e-01
-2.550656199455261230e-01
-5.562933087348937988e-01
-2.709090411663055420e-01
-3.089800477027893066e-01
-4.174084365367889404e-01
-3.613105714321136475e-01
-4.889022111892700195e-01
-4.109480082988739014e-01
-3.777882158756256104e-01
-1.183774620294570923e-01
-5.201246738433837891e-01
-2.069259285926818848e-01
-2.281999289989471436e-01
-2.275233268737792969e-01
-4.647962450981140137e-01
4.278826415538787842e-01
-1.443604677915573120e-01
-3.239667117595672607e-01
-4.817655682563781738e-01
-3.519615232944488525e-01
-4.249066412448883057e-01
-3.412858247756958008e-01
-3.861524462699890137e-01
-4.410047233104705811e-01
-6.291490197181701660e-01
-3.061856627464294434e-01
-3.734136223793029785e-01
-1.221505105495452881e-01
-2.108701914548873901e-01
-3.267755210399627686e-01
-5.322518944740295410e-01
-2.342060208320617676e-01
-4.226917326450347900e-01
-2.665492892265319824e-01
-6.940659880638122559e-01
-3.914956450462341309e-01
-4.593638777732849121e-01
-1.716978996992111206e-01
-4.317250847816467285e-01
-2.920426726341247559e-01
-4.688895642757415771e-01
-4.348860383033752441e-01
-5.980664491653442383e-01
-3.200685679912567139e-01
-1.543256491422653198e-01
-5.045747756958007812e-01
2.297192096710205078e+00
-3.811506628990173340e-01
-3.600625097751617432e-01
-5.034230947494506836e-01
-2.931070029735565186e-01
-2.088760137557983398e-01
-4.901101887226104736e-01
-2.319082021713256836e-01
-2.387067526578903198e-01
5.669338256120681763e-02
-2.851731479167938232e-01
-4.490673243999481201e-01
-3.919155895709991455e-01
-5.758621692657470703e-01
-4.117289483547210693e-01
-4.027841687202453613e-01
-2.569391727447509766e-01
-4.494593739509582520e-01
-3.809553682804107666e-01
-3.981817960739135742e-01
-3.952388465404510498e-01
-1.494090706110000610e-01
-3.372984230518341064e-01
6.881865207105875015e-03
-1.708481758832931519e-01
-1.656139045953750610e-01
-4.304690957069396973e-01
-2.562516927719116211e-01
-4.697035551071166992e-01
-4.215176701545715332e-01
-3.797354996204376221e-01
-5.992087721824645996e-01
-3.868530690670013428e-01
-4.300404787063598633e-01
-5.352131128311157227e-01
-4.093143343925476074e-01
-3.382429480552673340e-01
-3.738684654235839844e-01
-5.372217893600463867e-01
-3.238802552223205566e-01
-3.478546738624572754e-01
-3.934550583362579346e-01
-2.925649583339691162e-01
-4.006701409816741943e-01
-2.426793277263641357e-01
-5.757627487182617188e-01
-1.723629981279373169e-01
-4.070688486099243164e-01
-4.727967679500579834e-01
-1.732882261276245117e-01
-2.230082303285598755e-01
-3.474528193473815918e-01
-3.223789036273956299e-01
-2.904519736766815186e-01
-4.864575862884521484e-01
-9.883345663547515869e-02
-2.763192355632781982e-01
-2.635169029235839844e-01
-6.429544091224670410e-01
-3.446225821971893311e-01
-2.510266304016113281e-01
-4.395305812358856201e-01
-2.974668443202972412e-01
-4.109799265861511230e-01
-3.162432610988616943e-01
-4.113103151321411133e-01
-4.018820226192474365e-01
8.277393132448196411e-02
-5.059911608695983887e-01
-3.739932775497436523e-01
-3.711679577827453613e-01
-1.463064104318618774e-01
-3.657120168209075928e-01
-5.424826741218566895e-01
-2.179436087608337402e-01
-2.647922933101654053e-01
-4.054496288299560547e-01
-4.462136626243591309e-01
-5.599969029426574707e-01
-1.504012048244476318e-01
-3.738387227058410645e-01
-3.313315510749816895e-01
-2.073079198598861694e-01
-6.197337508201599121e-01
-2.961840331554412842e-01
-1.220216229557991028e-01
-2.651835381984710693e-01
-5.128887891769409180e-01
-1.835357844829559326e-01
-3.741070032119750977e-01
-3.887295126914978027e-01
-1.613770872354507446e-01
-3.872304260730743408e-01
-1.926825493574142456e-01
-4.681586027145385742e-01
2.896179445087909698e-02
-5.942713618278503418e-01
-5.991587042808532715e-01
-4.537275433540344238e-01
1.033354084938764572e-02
-1.447191387414932251e-01
-2.961912453174591064e-01
-4.777941107749938965e-01
-4.211401939392089844e-01
-3.956779539585113525e-01
-4.048176407814025879e-01
-3.724089562892913818e-01
-4.985470175743103027e-01
-1.878898441791534424e-01
-4.249582886695861816e-01
-3.182254731655120850e-01
-2.569798529148101807e-01
-4.537396728992462158e-01
-4.124627113342285156e-01
-5.023736357688903809e-01
-4.487849473953247070e-01
-2.440949231386184692e-01
-9.872560501098632812e-01
-3.296228051185607910e-01
-2.764474451541900635e-01
-3.558757603168487549e-01
-3.132632672786712646e-01
-2.585767507553100586e-01
-3.456336259841918945e-01
-4.225919842720031738e-01
1.065287441015243530e-01
-4.284731745719909668e-01
-4.964329004287719727e-01
-5.584426522254943848e-01
-5.858035292476415634e-03
-2.451110780239105225e-01
-4.385482966899871826e-01
-9.330245107412338257e-02
-1.106170490384101868e-01
-6.888712048530578613e-01
-3.673179149627685547e-01
-3.322508931159973145e-01
-4.028161764144897461e-01
-2.629365622997283936e-01
-3.249237239360809326e-01
-2.230625748634338379e-01
-5.769746899604797363e-01
