4.803193733096122742e-02
8.248663693666458130e-02
1.115267276763916016e-01
8.909325301647186279e-02
1.126986891031265259e-01
2.061974704265594482e-01
1.448471695184707642e-01
3.748801350593566895e-02
1.221990883350372314e-01
1.799193620681762695e-01
1.345156878232955933e-01
1.650510877370834351e-01
1.625980250537395477e-02
1.898462921380996704e-01
1.016780808568000793e-01
4.748125001788139343e-02
1.535537242889404297e-01
1.295617669820785522e-01
7.636637985706329346e-02
1.344816833734512329e-01
8.222921192646026611e-02
8.851963281631469727e-02
1.356985569000244141e-01
5.615034699440002441e-02
4.459668695926666260e-02
7.053044438362121582e-02
7.591237127780914307e-02
9.428150951862335205e-02
5.995149165391921997e-02
1.054199635982513428e-01
1.483195573091506958e-01
1.992644555866718292e-02
9.977306425571441650e-02
8.239679038524627686e-02
7.392052561044692993e-02
1.020249798893928528e-01
9.693603217601776123e-02
9.715591371059417725e-02
9.222762286663055420e-02
9.711629897356033325e-02
1.309849768877029419e-01
1.912477016448974609e-01
1.300010085105895996e-01
7.964123785495758057e-02
9.464565664529800415e-02
1.537395864725112915e-01
1.162408366799354553e-01
8.385476469993591309e-02
6.513420492410659790e-02
1.318174004554748535e-01
7.249749451875686646e-02
7.860683649778366089e-02
8.165477216243743896e-02
1.739255636930465698e-01
8.451518416404724121e-02
1.034229174256324768e-01
1.154054924845695496e-01
7.609491795301437378e-02
1.314642280340194702e-01
8.042658865451812744e-02
8.817134797573089600e-02
9.090337902307510376e-02
1.240754500031471252e-01
7.479925453662872314e-02
1.325108259916305542e-01
6.682810187339782715e-02
4.675470665097236633e-02
8.986479789018630981e-02
7.188032567501068115e-02
2.549169398844242096e-02
1.283185780048370361e-01
1.066335812211036682e-01
5.875812843441963196e-02
1.385858952999114990e-01
4.108952283859252930e-01
1.106581389904022217e-01
1.574082672595977783e-01
8.402695506811141968e-02
4.608412832021713257e-02
1.067258268594741821e-01
9.944967180490493774e-02
7.123655080795288086e-02
2.540487647056579590e-01
5.614329501986503601e-02
8.985038101673126221e-02
1.305824667215347290e-01
6.547226011753082275e-02
5.236876383423805237e-02
5.749289318919181824e-02
8.956815302371978760e-02
1.017722040414810181e-01
7.514372467994689941e-02
1.040109768509864807e-01
7.949002087116241455e-02
1.800265312194824219e-01
1.117200925946235657e-01
8.928665518760681152e-02
1.519776731729507446e-01
8.519790321588516235e-02
9.570684283971786499e-02
1.414489448070526123e-01
1.565978229045867920e-01
1.380543708801269531e-01
6.357112526893615723e-02
1.447738856077194214e-01
8.607701212167739868e-02
9.064273536205291748e-02
7.749535143375396729e-02
9.408245235681533813e-02
8.769833296537399292e-02
6.013667583465576172e-02
1.212124079465866089e-01
8.239626884460449219e-02
1.110412776470184326e-01
2.526950240135192871e-01
1.412949860095977783e-01
1.829970926046371460e-01
1.136758401989936829e-01
7.920651882886886597e-02
1.328917145729064941e-01
1.051833182573318481e-01
1.134354770183563232e-01
9.308615326881408691e-02
1.223997324705123901e-01
1.679652035236358643e-01
7.378647476434707642e-02
1.627984046936035156e-01
1.166006326675415039e-01
1.269491463899612427e-01
4.535243660211563110e-02
1.023937836289405823e-01
1.029244735836982727e-01
1.835170984268188477e-01
1.394317597150802612e-01
1.699818074703216553e-01
1.072741672396659851e-01
7.448879629373550415e-02
1.745381355285644531e-01
8.925852924585342407e-02
1.603262126445770264e-01
1.557634770870208740e-01
5.650533363223075867e-02
1.042789667844772339e-01
9.542609751224517822e-02
5.089793354272842407e-02
1.902382522821426392e-01
8.396755158901214600e-02
-2.861014081645407714e-06
8.615009486675262451e-02
1.313691437244415283e-01
9.131222218275070190e-02
1.014762595295906067e-01
2.773360162973403931e-02
8.012267947196960449e-02
9.785293042659759521e-02
1.677764952182769775e-01
6.192870065569877625e-02
2.980002760887145996e-01
1.687105447053909302e-01
1.065775528550148010e-01
9.117859601974487305e-02
1.135208308696746826e-01
1.425293236970901489e-01
1.259816437959671021e-01
7.695862650871276855e-02
1.078314334154129028e-01
7.591193169355392456e-02
9.261031448841094971e-02
4.784320667386054993e-02
8.510702848434448242e-02
7.857037335634231567e-02
5.880715698003768921e-02
2.714681439101696014e-03
1.362398564815521240e-01
1.149476468563079834e-01
9.361630678176879883e-02
4.523462057113647461e-02
1.189252138137817383e-01
8.656226098537445068e-02
7.830712199211120605e-02
1.293577253818511963e-01
1.184713542461395264e-01
5.483878776431083679e-02
1.332267671823501587e-01
1.111204182961955667e-04
9.411707520484924316e-02
9.787726402282714844e-02
1.748208701610565186e-01
1.375339925289154053e-01
5.658841878175735474e-02
1.472294181585311890e-01
1.552906446158885956e-02
5.518099293112754822e-02
3.908129408955574036e-02
5.329671874642372131e-02
1.192809417843818665e-01
1.647356152534484863e-01
9.476396441459655762e-02
8.759722858667373657e-02
1.120788082480430603e-01
1.111208796501159668e-01
7.098691165447235107e-02
1.133531555533409119e-01
1.674512028694152832e-01
7.173286378383636475e-02
9.835931658744812012e-02
7.436226308345794678e-02
9.814829379320144653e-02
3.745633736252784729e-02
2.608952224254608154e-01
8.293079584836959839e-02
4.210340231657028198e-02
1.467558592557907104e-01
8.278866112232208252e-02
1.689925193786621094e-01
8.164606243371963501e-02
2.916146814823150635e-02
1.160646975040435791e-01
2.569592557847499847e-02
5.108802020549774170e-02
9.464722126722335815e-02
1.642061173915863037e-01
6.009713187813758850e-02
3.965730965137481689e-02
1.310470551252365112e-01
2.202198654413223267e-01
3.080733679234981537e-02
1.742465645074844360e-01
1.015923544764518738e-01
1.181444227695465088e-01
3.780394047498703003e-02
7.049810886383056641e-02
9.156642109155654907e-02
7.606691122055053711e-02
5.352905765175819397e-02
8.679377287626266479e-02
5.137962102890014648e-02
1.121640652418136597e-01
2.121995203197002411e-02
7.952275872230529785e-02
9.330089390277862549e-02
6.787507981061935425e-02
7.281309366226196289e-02
1.194527447223663330e-01
1.050035655498504639e-01
2.348717860877513885e-02
1.007635593414306641e-01
8.922564238309860229e-02
1.099878922104835510e-01
5.907459929585456848e-02
1.019136831164360046e-01
9.537063539028167725e-02
9.479298442602157593e-02
6.301368027925491333e-02
9.938992559909820557e-02
6.249137595295906067e-02
1.005124673247337341e-01
1.084211245179176331e-01
1.434480398893356323e-01
8.803233504295349121e-03
1.361927986145019531e-01
8.270591497421264648e-02
1.064073368906974792e-01
5.939636379480361938e-02
1.147386729717254639e-01
8.989518135786056519e-02
1.491392105817794800e-01
5.115137249231338501e-02
1.798620969057083130e-01
2.253031730651855469e-01
7.148101925849914551e-02
1.031480878591537476e-01
3.896583244204521179e-02
8.706830441951751709e-02
1.256885379552841187e-01
1.072013750672340393e-01
1.216878741979598999e-01
1.091249138116836548e-01
1.018142700195312500e-01
1.178442165255546570e-01
1.166930273175239563e-01
1.701009124517440796e-01
1.065356135368347168e-01
5.494209378957748413e-02
1.285725831985473633e-01
7.918778806924819946e-02
4.598072543740272522e-02
1.376755684614181519e-01
1.418149024248123169e-01
6.498359143733978271e-02
9.861651808023452759e-02
3.097461462020874023e-01
1.014279052615165710e-01
1.272085681557655334e-02
1.002807356417179108e-02
1.083639711141586304e-01
7.167518138885498047e-02
6.631392240524291992e-02
1.008816659450531006e-01
1.718887388706207275e-01
6.005934253334999084e-02
3.804425150156021118e-02
3.279491513967514038e-02
1.344869881868362427e-01
1.244732290506362915e-01
6.779514253139495850e-02
6.201216205954551697e-02
1.078410372138023376e-01
6.230910867452621460e-02
6.627451628446578979e-02
1.496288031339645386e-01
3.410517424345016479e-02
8.590789139270782471e-02
4.323518276214599609e-02
1.080791503190994263e-01
1.172116994857788086e-01
7.114499567251186818e-06
1.111604347825050354e-01
1.448990404605865479e-01
8.467806875705718994e-02
1.100737303495407104e-01
9.918254613876342773e-02
1.118196845054626465e-01
8.699944615364074707e-02
-1.480198279023170471e-02
1.168272867798805237e-01
7.083641737699508667e-02
1.001038551330566406e-01
9.031134843826293945e-02
9.549885988235473633e-02
7.975688576698303223e-02
1.122760027647018433e-01
1.225335821509361267e-01
2.298005074262619019e-01
8.659911900758743286e-02
9.710302948951721191e-02
1.192949265241622925e-01
1.274750754237174988e-02
1.758220344781875610e-01
1.615445315837860107e-01
8.634556084871292114e-02
9.941571205854415894e-02
9.285677151638083160e-06
1.226295232772827148e-01
1.511321961879730225e-01
7.161217927932739258e-02
9.524373710155487061e-02
1.333191841840744019e-01
3.028201125562191010e-02
8.583038300275802612e-02
1.404293179512023926e-01
6.065977737307548523e-02
7.459146529436111450e-02
9.936037659645080566e-02
6.165273860096931458e-02
7.865919172763824463e-02
1.121518984436988831e-01
9.134838730096817017e-02
6.966251134872436523e-02
1.595116853713989258e-01
4.279152303934097290e-02
7.603066414594650269e-02
1.228658929467201233e-01
1.774423867464065552e-01
1.620215624570846558e-01
1.261123120784759521e-01
1.139122545719146729e-01
5.522104352712631226e-02
1.685776859521865845e-01
9.988423436880111694e-02
1.395948380231857300e-01
8.223041146993637085e-02
7.889667153358459473e-02
1.059957593679428101e-01
1.190080791711807251e-01
1.384626477956771851e-01
3.914261981844902039e-02
8.616496622562408447e-02
1.256717443466186523e-01
8.974710106849670410e-02
5.385570600628852844e-02
1.259633749723434448e-01
1.656981706619262695e-01
5.446428805589675903e-02
2.943897806107997894e-02
1.150293275713920593e-01
9.234123677015304565e-02
8.464400470256805420e-02
1.234598681330680847e-01
4.813656210899353027e-02
8.413854986429214478e-02
9.725521504878997803e-02
5.135687813162803650e-02
2.279285937547683716e-01
6.418183445930480957e-02
1.229850277304649353e-01
1.612188965082168579e-01
1.132174879312515259e-01
8.669460564851760864e-02
7.612187415361404419e-02
8.241010457277297974e-02
1.069229766726493835e-01
9.142956137657165527e-02
7.408945262432098389e-02
1.262407302856445312e-01
2.620525947349960916e-06
1.925028413534164429e-01
5.405702814459800720e-02
9.065325558185577393e-02
5.463863164186477661e-02
1.381625328212976456e-02
7.169657200574874878e-02
9.917420148849487305e-02
8.108315616846084595e-02
1.186123713850975037e-01
1.001252606511116028e-01
1.068589687347412109e-01
7.011578977108001709e-02
1.161291301250457764e-01
1.650767475366592407e-01
1.620405614376068115e-01
7.260043174028396606e-02
1.468623429536819458e-01
1.063374280929565430e-01
1.012283414602279663e-01
1.334820687770843506e-01
1.172185689210891724e-01
9.734718501567840576e-02
6.708235293626785278e-02
1.323202997446060181e-01
5.128369666635990143e-03
1.021226942539215088e-01
5.335238203406333923e-02
1.530259847640991211e-01
1.437668204307556152e-01
1.648046076297760010e-01
6.559205800294876099e-02
2.438329458236694336e-01
1.437247693538665771e-01
8.950946480035781860e-02
1.328222155570983887e-01
8.011182397603988647e-02
1.287735104560852051e-01
5.473138764500617981e-02
7.189727574586868286e-02
8.781161159276962280e-02
1.162608414888381958e-01
1.772951781749725342e-01
8.670888096094131470e-02
1.385422945022583008e-01
1.353904455900192261e-01
8.981110155582427979e-02
1.393592953681945801e-01
1.256672888994216919e-01
4.196337610483169556e-02
8.103886246681213379e-02
6.627324223518371582e-02
5.955458432435989380e-02
7.718913257122039795e-02
9.452843666076660156e-02
1.271203011274337769e-01
4.164836555719375610e-02
1.426205784082412720e-01
3.489965945482254028e-02
8.490575104951858521e-02
5.703457072377204895e-02
7.520367950201034546e-02
9.288465231657028198e-02
1.746363639831542969e-01
1.084720864892005920e-01
1.435914337635040283e-01
1.687488332390785217e-02
1.243434622883796692e-01
1.452061682939529419e-01
1.409468352794647217e-01
1.329156607389450073e-01
2.511406689882278442e-02
9.904662519693374634e-02
1.255166977643966675e-01
1.720188409090042114e-01
1.377955675125122070e-01
5.276510119438171387e-02
1.602345556020736694e-01
5.988844111561775208e-02
1.084127947688102722e-01
7.067400962114334106e-02
1.052056103944778442e-01
2.064319998025894165e-01
1.946808248758316040e-01
1.488977819681167603e-01
2.317188084125518799e-01
7.799954712390899658e-02
1.055417060852050781e-01
1.148526892066001892e-01
1.581501662731170654e-01
9.350220113992691040e-02
9.822658449411392212e-02
1.472676992416381836e-01
1.011516302824020386e-01
1.779044717550277710e-01
9.062774479389190674e-02
1.130587086081504822e-01
1.513975262641906738e-01
1.602743268013000488e-01
3.151131272315979004e-01
1.483086943626403809e-01
1.332921534776687622e-01
7.362657040357589722e-02
6.108088418841362000e-02
9.460661560297012329e-02
9.579868614673614502e-02
1.017990857362747192e-01
7.521976530551910400e-02
7.943592965602874756e-02
1.285628974437713623e-01
7.456666976213455200e-02
3.739503771066665649e-02
9.318923950195312500e-02
1.455756127834320068e-01
8.292790502309799194e-02
6.003286316990852356e-02
1.667426526546478271e-01
8.004473894834518433e-02
6.941543519496917725e-02
1.096588671207427979e-01
1.403845250606536865e-01
1.029319614171981812e-01
6.429941952228546143e-02
1.403718888759613037e-01
1.003754287958145142e-01
9.084499627351760864e-02
5.518550798296928406e-02
9.213188290596008301e-02
7.124409824609756470e-02
1.055413484573364258e-01
1.064037233591079712e-01
9.666997194290161133e-02
8.283097296953201294e-02
4.326667636632919312e-02
4.247935488820075989e-02
5.157478153705596924e-02
7.693851739168167114e-02
8.410545438528060913e-02
6.110020726919174194e-02
9.703229367733001709e-02
1.014381870627403259e-01
2.693837881088256836e-01
4.805546253919601440e-02
7.743987441062927246e-02
2.022032253444194794e-02
6.495901197195053101e-02
1.816937476396560669e-01
1.782438158988952637e-01
1.304255872964859009e-01
7.840395718812942505e-02
1.097052395343780518e-01
1.269156038761138916e-01
1.325629055500030518e-01
1.283849626779556274e-01
1.651929318904876709e-01
7.629788666963577271e-02
1.274421513080596924e-01
7.197077572345733643e-02
6.206396594643592834e-02
8.972033858299255371e-02
3.731296956539154053e-02
1.181213930249214172e-01
1.145904362201690674e-01
1.479658931493759155e-01
1.821348816156387329e-01
1.072284728288650513e-01
1.359308212995529175e-01
1.072269454598426819e-01
7.613582909107208252e-02
5.700561031699180603e-02
6.514852494001388550e-02
1.120260283350944519e-01
8.971235901117324829e-02
1.522018611431121826e-01
6.675728410482406616e-02
1.663130968809127808e-01
1.772291143424808979e-03
6.387638300657272339e-02
7.323212921619415283e-02
6.835802644491195679e-02
7.068571448326110840e-02
1.199124157428741455e-01
7.536002248525619507e-02
1.238980367779731750e-01
1.268071681261062622e-01
1.369702517986297607e-01
1.254424005746841431e-01
1.270192265510559082e-01
1.157033145427703857e-01
9.214381128549575806e-02
7.702191919088363647e-02
1.166853606700897217e-01
1.263065636157989502e-01
7.853448390960693359e-02
6.216095015406608582e-02
6.400512158870697021e-02
5.664594843983650208e-02
1.077289208769798279e-01
4.740041494369506836e-02
1.035262420773506165e-01
1.015562489628791809e-01
1.050305292010307312e-01
5.223334208130836487e-02
1.722316741943359375e-01
7.624175399541854858e-02
7.303889095783233643e-02
8.296819776296615601e-02
9.028742462396621704e-02
4.927766695618629456e-02
1.548193097114562988e-01
7.519932091236114502e-02
3.156435191631317139e-01
1.151079609990119934e-01
6.396885216236114502e-02
1.199835166335105896e-01
5.837441608309745789e-02
9.856081753969192505e-02
8.938900381326675415e-02
1.765066087245941162e-01
8.567006886005401611e-02
9.876833111047744751e-02
9.000976383686065674e-02
9.230238944292068481e-02
7.931613922119140625e-02
1.308128088712692261e-01
1.005969792604446411e-01
7.447885721921920776e-02
9.228114038705825806e-02
1.100559830665588379e-01
1.143478825688362122e-01
1.281637847423553467e-01
1.490725278854370117e-01
8.370485901832580566e-02
9.434556216001510620e-02
7.200290262699127197e-02
8.519778400659561157e-02
1.544404216110706329e-02
1.060993298888206482e-01
1.754873991012573242e-02
1.673386394977569580e-01
1.936587393283843994e-01
8.941555023193359375e-02
1.072783246636390686e-01
9.514029324054718018e-02
1.218333095312118530e-01
7.709797471761703491e-02
1.393623501062393188e-01
6.262219697237014771e-02
9.144227206707000732e-02
1.608725935220718384e-01
9.189939498901367188e-02
1.162247732281684875e-01
1.075221449136734009e-01
5.981715396046638489e-02
6.760643422603607178e-02
1.596825718879699707e-01
1.476638615131378174e-01
7.813420891761779785e-02
7.529628276824951172e-02
1.099172309041023254e-01
9.935665875673294067e-02
1.010687947273254395e-01
5.744676664471626282e-02
4.238424450159072876e-02
8.720857650041580200e-02
1.394362002611160278e-01
1.058668643236160278e-01
5.082213878631591797e-02
1.848782896995544434e-01
4.381106793880462646e-02
8.705748617649078369e-02
6.606756895780563354e-02
6.062014400959014893e-02
2.637457847595214844e-01
2.089164219796657562e-02
1.713491678237915039e-01
8.284601569175720215e-02
1.400062441825866699e-01
8.334773778915405273e-02
1.553557813167572021e-01
8.205939829349517822e-02
8.247313648462295532e-02
3.953493013978004456e-02
1.381594985723495483e-01
1.591341346502304077e-01
5.828220397233963013e-02
4.340782761573791504e-02
5.671613663434982300e-02
5.595739930868148804e-02
3.196571022272109985e-02
1.124608963727951050e-01
9.533682465553283691e-02
9.761798381805419922e-02
1.009862199425697327e-01
5.804012715816497803e-02
1.087432503700256348e-01
1.116221845149993896e-01
1.216423138976097107e-01
7.927178591489791870e-02
8.901793509721755981e-02
8.013327419757843018e-02
1.379451751708984375e-01
1.249777302145957947e-01
8.183274418115615845e-02
1.085285469889640808e-01
1.248082593083381653e-01
4.554441571235656738e-02
1.264873296022415161e-01
2.357999086380004883e-01
1.568128615617752075e-01
1.565369516611099243e-01
7.132449746131896973e-02
6.710206717252731323e-02
9.018699079751968384e-02
1.197933778166770935e-01
6.991431117057800293e-02
8.412725478410720825e-02
3.186279162764549255e-02
9.687614440917968750e-02
1.893719434738159180e-01
1.589535921812057495e-01
2.208100408315658569e-01
1.148314327001571655e-01
8.469378203153610229e-02
1.312400251626968384e-01
7.292653620243072510e-02
1.192484423518180847e-01
1.600245982408523560e-01
1.157866418361663818e-01
1.039027869701385498e-01
7.071412354707717896e-02
1.073894128203392029e-01
1.222665011882781982e-01
1.698037385940551758e-01
9.156062453985214233e-02
1.130725964903831482e-01
1.088361367583274841e-01
8.891139924526214600e-02
8.533985167741775513e-02
1.630520075559616089e-01
1.002169549465179443e-01
7.204997539520263672e-02
1.194361373782157898e-01
7.946828007698059082e-02
9.293089061975479126e-02
7.495901081711053848e-05
1.362096369266510010e-01
1.392680704593658447e-01
1.162709742784500122e-01
3.714823350310325623e-02
3.319441899657249451e-02
1.590701490640640259e-01
1.096431985497474670e-01
4.836177825927734375e-02
1.624140739440917969e-01
7.214105874300003052e-02
1.399188488721847534e-01
1.000919714570045471e-01
4.754208028316497803e-02
6.565210968255996704e-02
1.047284826636314392e-01
7.741951197385787964e-02
3.138920664787292480e-02
5.637281760573387146e-02
1.371446251869201660e-01
1.310387551784515381e-01
1.067879721522331238e-01
1.183414682745933533e-01
6.697072833776473999e-02
6.731689721345901489e-02
1.123009324073791504e-01
8.705203235149383545e-02
5.136334151029586792e-02
2.127997279167175293e-01
5.261131748557090759e-02
1.002830862998962402e-01
6.150832772254943848e-02
1.621328741312026978e-01
1.028555035591125488e-01
9.139340370893478394e-02
5.812429264187812805e-02
1.301324367523193359e-01
1.287918090820312500e-01
1.520759463310241699e-01
1.042037531733512878e-01
1.593390703201293945e-01
9.301919490098953247e-02
1.221166998147964478e-01
6.520204246044158936e-02
1.857494264841079712e-01
1.487974077463150024e-01
6.314799189567565918e-02
1.038916558027267456e-01
1.020669937133789062e-01
1.138485595583915710e-01
6.206491962075233459e-02
1.195799037814140320e-01
9.532542526721954346e-02
8.836969733238220215e-02
3.931805863976478577e-02
1.004108935594558716e-01
1.808744817972183228e-01
9.704177826642990112e-02
9.113740175962448120e-02
1.194040030241012573e-01
1.629051268100738525e-01
2.435853481292724609e-01
1.093645319342613220e-01
7.690390199422836304e-02
6.008463725447654724e-02
1.127990782260894775e-01
7.030814886093139648e-02
9.104464203119277954e-02
1.639113575220108032e-01
7.979935407638549805e-02
6.716460734605789185e-02
7.730880379676818848e-02
8.883095532655715942e-02
1.276850849390029907e-01
1.837290823459625244e-01
1.593702435493469238e-01
1.624902933835983276e-01
1.019404157996177673e-01
6.795502454042434692e-02
7.991395890712738037e-02
9.674616903066635132e-02
1.537092477083206177e-01
1.528408527374267578e-01
8.349091559648513794e-02
1.078411415219306946e-01
1.697699725627899170e-01
1.509498208761215210e-01
1.271111816167831421e-01
8.129147440195083618e-02
7.816934585571289062e-02
4.637239128351211548e-02
5.742222443222999573e-02
1.307575851678848267e-01
3.748120740056037903e-02
1.493294090032577515e-01
5.709220841526985168e-02
8.568488806486129761e-02
1.582759618759155273e-01
8.528450131416320801e-02
8.666557818651199341e-02
6.399031728506088257e-02
7.881047576665878296e-02
7.586713135242462158e-02
1.380918323993682861e-01
1.656307280063629150e-01
1.154578626155853271e-01
7.859109342098236084e-02
1.156725436449050903e-01
9.797932207584381104e-02
1.242586672306060791e-01
1.036680117249488831e-01
1.300092190504074097e-01
5.542174726724624634e-02
1.315706074237823486e-01
1.249535456299781799e-01
1.158514544367790222e-01
1.382837742567062378e-01
2.434962801635265350e-02
8.394027501344680786e-02
1.008375808596611023e-01
7.785104215145111084e-02
1.113777905702590942e-01
1.020921021699905396e-01
8.575942367315292358e-02
9.619441628456115723e-02
1.042117848992347717e-01
9.302131086587905884e-02
1.109357103705406189e-01
2.330597341060638428e-01
6.155686825513839722e-02
9.547535330057144165e-02
1.008514836430549622e-01
8.950989693403244019e-02
9.055862575769424438e-02
9.929902106523513794e-02
9.878224134445190430e-02
1.662868112325668335e-01
6.164821982383728027e-02
7.337943464517593384e-02
8.928117901086807251e-02
4.975870996713638306e-02
1.198450103402137756e-01
3.511555865406990051e-02
3.721701726317405701e-02
1.081214100122451782e-01
8.606926351785659790e-02
7.732316106557846069e-02
1.211222782731056213e-01
9.583430737257003784e-02
1.449135392904281616e-01
1.261895596981048584e-01
6.754744052886962891e-02
1.675145477056503296e-01
6.973839551210403442e-02
1.180382370948791504e-01
6.604876369237899780e-02
8.445268869400024414e-02
8.392186462879180908e-02
1.086163520812988281e-01
1.747696399688720703e-01
1.022365540266036987e-01
8.856306970119476318e-02
1.092157587409019470e-01
4.765493795275688171e-02
8.602385222911834717e-02
2.176818698644638062e-01
1.415818333625793457e-01
6.859022378921508789e-02
1.080269813537597656e-01
9.037043154239654541e-02
1.838172525167465210e-01
1.528159081935882568e-01
1.158707216382026672e-01
1.059410870075225830e-01
1.065991520881652832e-01
7.344292849302291870e-02
1.254668384790420532e-01
6.443125754594802856e-02
8.650383353233337402e-02
4.494363814592361450e-02
9.472271054983139038e-02
7.937627285718917847e-02
5.894439667463302612e-02
7.281451672315597534e-02
4.872073233127593994e-02
1.089462190866470337e-01
9.881477057933807373e-02
9.054092317819595337e-02
5.464237183332443237e-02
4.290015622973442078e-02
1.953586339950561523e-01
1.013453453779220581e-01
5.292386189103126526e-02
5.129418522119522095e-02
1.208817288279533386e-01
7.064209878444671631e-02
7.709046453237533569e-02
7.949943095445632935e-02
1.027857065200805664e-01
2.028417438268661499e-01
5.832405015826225281e-02
1.112949699163436890e-01
6.547395884990692139e-02
1.586147546768188477e-01
3.850411996245384216e-02
1.636270582675933838e-01
5.631619319319725037e-02
7.708442956209182739e-02
1.128840297460556030e-01
9.129904955625534058e-02
5.812611430883407593e-02
6.943221390247344971e-02
1.270523220300674438e-01
7.547905296087265015e-02
5.586751922965049744e-02
8.832468837499618530e-02
1.932310611009597778e-01
9.606979042291641235e-02
-5.968788173049688339e-03
7.610821723937988281e-02
1.803797334432601929e-01
2.319384962320327759e-01
1.284718811511993408e-01
1.066815555095672607e-01
1.184086650609970093e-01
5.605181306600570679e-02
1.946675628423690796e-01
1.326236873865127563e-01
6.206972151994705200e-02
9.377778321504592896e-02
1.258091181516647339e-01
5.484725907444953918e-02
1.052451729774475098e-01
7.300244271755218506e-02
1.753517687320709229e-01
8.133646100759506226e-02
7.367479801177978516e-02
6.082294136285781860e-02
1.509891301393508911e-01
1.035204902291297913e-01
1.084966436028480530e-01
9.057210385799407959e-02
1.020502895116806030e-01
6.490845978260040283e-02
8.890841901302337646e-02
5.844123661518096924e-02
2.259430736303329468e-01
9.943522512912750244e-02
1.210426464676856995e-01
1.156956478953361511e-01
1.210853084921836853e-01
1.535978466272354126e-01
8.235149830579757690e-02
4.580440744757652283e-02
9.140378236770629883e-02
7.464066147804260254e-02
4.385814070701599121e-02
1.857868731021881104e-01
7.528695464134216309e-02
8.799767494201660156e-02
7.062783837318420410e-02
5.711538344621658325e-02
1.516765058040618896e-01
1.088284105062484741e-01
7.616076618432998657e-02
8.008261770009994507e-02
8.930856734514236450e-02
1.310020238161087036e-01
9.103726595640182495e-02
1.047754287719726562e-01
1.019900962710380554e-01
1.348208338022232056e-01
1.068965047597885132e-01
1.080130338668823242e-01
