-1.535511575639247894e-03
3.520590951666235924e-03
9.868306107819080353e-03
8.952795760706067085e-04
-5.161039996892213821e-03
-1.329998718574643135e-03
-3.960650786757469177e-02
1.769375428557395935e-02
-3.812465583905577660e-03
1.230711303651332855e-02
-9.172287769615650177e-03
8.502181619405746460e-02
-2.405109262326732278e-04
-1.073236810043454170e-03
-5.934451241046190262e-03
9.165483713150024414e-02
-5.849593132734298706e-02
5.606592632830142975e-03
1.660221442580223083e-02
-1.899705268442630768e-03
1.200326904654502869e-02
1.143016386777162552e-03
-1.637604460120201111e-02
1.452512666583061218e-02
-2.064896002411842346e-02
3.692989423871040344e-02
-5.460728425532579422e-03
1.161496248096227646e-02
4.592689801938831806e-04
4.851215053349733353e-03
2.668387722223997116e-03
3.529431996867060661e-03
5.978789180517196655e-03
-1.292977482080459595e-02
1.178916469216346741e-01
-2.250629290938377380e-02
3.997438773512840271e-02
-2.390243113040924072e-02
6.579598411917686462e-03
3.968361765146255493e-03
-2.484465762972831726e-02
2.773014269769191742e-02
-3.188043460249900818e-02
-2.686091326177120209e-02
1.541667990386486053e-02
-1.941685331985354424e-03
-4.024435300379991531e-03
-2.684943377971649170e-03
-5.003108177334070206e-03
-4.790265113115310669e-03
-1.228453032672405243e-02
8.390548825263977051e-02
1.310490351170301437e-02
-1.481688767671585083e-02
-3.954585641622543335e-03
-6.791807711124420166e-03
-5.575383827090263367e-02
-1.224388368427753448e-03
-1.364287920296192169e-03
-8.882661908864974976e-02
-2.734482986852526665e-03
2.422014810144901276e-02
1.694572740234434605e-03
4.862984642386436462e-02
7.513229149935796158e-08
1.123151392675936222e-03
-2.561188768595457077e-03
6.905856542289257050e-03
-1.757165789604187012e-02
7.486534770578145981e-03
-2.008137293159961700e-02
-2.675681025721132755e-05
-2.215814217925071716e-02
-2.016933867707848549e-03
-2.024464681744575500e-02
-6.152346357703208923e-02
5.643029697239398956e-03
-1.446282584220170975e-02
9.741064859554171562e-04
-4.724876023828983307e-03
-1.786126568913459778e-02
-7.955578155815601349e-03
-5.860381759703159332e-03
1.947499252855777740e-02
7.668231148272752762e-03
-4.547775164246559143e-02
-4.515977576375007629e-02
-3.978732600808143616e-02
-1.562346238642930984e-03
1.648438046686351299e-03
2.164604840800166130e-03
-2.083670580759644508e-03
-2.815654035657644272e-03
-7.584281265735626221e-02
6.982099264860153198e-02
8.416365832090377808e-02
-3.298269119113683701e-03
4.049906134605407715e-02
5.076475441455841064e-02
3.368022665381431580e-02
8.325702510774135590e-03
6.531493909278651699e-06
-6.787213683128356934e-02
-2.468489110469818115e-04
-5.898057133890688419e-04
2.600372955203056335e-02
8.833287656307220459e-02
1.215537264943122864e-02
-6.699491059407591820e-04
-1.964572444558143616e-02
-1.203190884552896023e-03
-2.611631294712424278e-03
-1.825641811592504382e-04
-1.629798673093318939e-03
8.220132440328598022e-02
4.697524127550423145e-04
3.845633240416646004e-03
2.004334889352321625e-02
-2.142562903463840485e-02
-9.701623581349849701e-03
1.185608282685279846e-02
9.656453132629394531e-02
5.446055904030799866e-02
2.318174119864124805e-05
2.033424749970436096e-02
2.478105574846267700e-02
1.868550293147563934e-02
-5.772099029854871333e-05
4.282153025269508362e-02
-7.618971914052963257e-02
1.843909546732902527e-02
-3.626721352338790894e-02
-3.546791151165962219e-02
-7.658993452787399292e-02
-5.970675498247146606e-03
1.836087927222251892e-02
-1.498635672032833099e-02
4.082870110869407654e-02
3.094199113547801971e-02
-4.569094255566596985e-02
-2.904977835714817047e-02
-8.739120326936244965e-03
-2.659608423709869385e-02
4.349980875849723816e-02
-4.867883864790201187e-03
3.576062154024839401e-03
-2.430976554751396179e-02
-6.988331209868192673e-03
-7.918411493301391602e-02
-4.224205762147903442e-02
5.439481232315301895e-03
-8.842093870043754578e-03
-3.023471124470233917e-02
-1.706647127866744995e-02
2.767290361225605011e-02
4.041793872602283955e-04
4.259856790304183960e-02
-3.604695200920104980e-02
1.584829762578010559e-03
-9.016341646201908588e-04
-4.061852581799030304e-03
-3.289185091853141785e-02
-2.539669862017035484e-03
8.817852474749088287e-03
-6.054124236106872559e-02
-1.497988589107990265e-02
3.681505098938941956e-02
-2.016681479290127754e-03
3.162258118391036987e-02
1.758941635489463806e-02
5.919172894209623337e-03
-3.278026124462485313e-03
1.030318737030029297e-01
2.888063713908195496e-02
-4.169847816228866577e-02
-1.216731406748294830e-02
-1.617659442126750946e-02
-1.576229929924011230e-03
-4.345957562327384949e-02
-2.399911358952522278e-02
2.222094312310218811e-02
3.878170391544699669e-04
8.911415934562683105e-03
-5.498976632952690125e-02
2.689501736313104630e-03
-1.007903051686298568e-06
-1.948406803421676159e-03
-1.278326008468866348e-02
-2.495660632848739624e-02
5.029918160289525986e-03
5.695122480392456055e-02
3.370572230778634548e-04
-2.057128818705677986e-03
3.138748230412602425e-03
-1.048158109188079834e-01
-2.208164194598793983e-03
6.703251972794532776e-03
-1.357915811240673065e-03
5.152805522084236145e-02
4.463522508740425110e-02
-4.711879882961511612e-03
-1.784918829798698425e-02
4.737874405691400170e-06
1.287327613681554794e-02
4.829526692628860474e-02
2.256949432194232941e-03
-1.869362965226173401e-02
-4.387181252241134644e-02
1.015953067690134048e-02
-3.426396101713180542e-02
3.859208896756172180e-02
1.234576851129531860e-02
9.552753530442714691e-03
-7.718870043754577637e-02
1.015626173466444016e-02
1.758709549903869629e-02
6.136070191860198975e-02
-2.157649211585521698e-02
1.387683209031820297e-02
-1.537499367259442806e-03
4.189813043922185898e-03
-4.585523903369903564e-02
1.106785889714956284e-02
-5.243410356342792511e-03
-1.993966847658157349e-02
2.108886651694774628e-02
6.685541011393070221e-03
2.740008011460304260e-02
-5.113621242344379425e-03
1.302535925060510635e-02
1.039431989192962646e-02
5.761409178376197815e-03
1.435182988643646240e-02
-1.706550712697207928e-03
-6.825494021177291870e-02
-7.326600607484579086e-03
-2.621778100728988647e-02
6.058959406800568104e-04
1.888292655348777771e-02
-5.468386691063642502e-03
9.960426017642021179e-03
1.105477884411811829e-01
-4.016695602331310511e-04
1.948122121393680573e-02
-4.948440939188003540e-03
3.340537101030349731e-02
6.622767541557550430e-03
-1.526051759719848633e-02
-4.890089854598045349e-02
3.597697615623474121e-02
-4.021471831947565079e-03
9.197147563099861145e-03
6.480095908045768738e-04
2.768430393189191818e-03
2.253627963364124298e-02
-2.946162596344947815e-03
