1.325247138738632202e-01
1.279054880142211914e-01
2.073773145675659180e-01
1.361461579799652100e-01
1.104250699281692505e-01
1.734028756618499756e-01
2.856434583663940430e-01
1.352386027574539185e-01
1.366340965032577515e-01
1.699176877737045288e-01
1.303157061338424683e-01
1.666372269392013550e-01
1.198356598615646362e-01
1.490899622440338135e-01
1.442496776580810547e-01
1.493699997663497925e-01
1.617670357227325439e-01
1.432036757469177246e-01
1.239925473928451538e-01
1.466970294713973999e-01
1.688512414693832397e-01
2.165927886962890625e-01
1.509034931659698486e-01
1.131093129515647888e-01
1.683516353368759155e-01
1.505138427019119263e-01
1.262464523315429688e-01
1.703389585018157959e-01
3.505883812904357910e-01
1.315019875764846802e-01
1.334010958671569824e-01
1.559003591537475586e-01
1.537514179944992065e-01
1.919282525777816772e-01
1.003774181008338928e-01
1.735997051000595093e-01
1.502832770347595215e-01
1.474955528974533081e-01
1.596436351537704468e-01
1.537385731935501099e-01
3.062601387500762939e-01
1.271465271711349487e-01
1.416068822145462036e-01
1.881227046251296997e-01
1.356971114873886108e-01
1.300289630889892578e-01
1.286334246397018433e-01
1.018387004733085632e-01
1.233064830303192139e-01
1.692420393228530884e-01
1.428636163473129272e-01
1.144208535552024841e-01
1.331052929162979126e-01
1.711141765117645264e-01
1.220709308981895447e-01
1.168760731816291809e-01
1.461801677942276001e-01
1.247640177607536316e-01
1.525201499462127686e-01
1.405932903289794922e-01
1.397428661584854126e-01
2.245289087295532227e-01
1.714522242546081543e-01
1.054991334676742554e-01
1.140788495540618896e-01
1.305998265743255615e-01
1.517257243394851685e-01
1.614030301570892334e-01
1.080609411001205444e-01
1.148788332939147949e-01
1.746976524591445923e-01
1.336594223976135254e-01
1.425261348485946655e-01
1.439894437789916992e-01
1.429283618927001953e-01
1.539375185966491699e-01
1.430776864290237427e-01
1.674816608428955078e-01
1.381135582923889160e-01
2.710045278072357178e-01
1.486676335334777832e-01
1.390110254287719727e-01
1.357944309711456299e-01
1.625459343194961548e-01
1.357837617397308350e-01
1.101975739002227783e-01
1.596997976303100586e-01
1.478800773620605469e-01
1.156844049692153931e-01
1.359133869409561157e-01
1.109182983636856079e-01
1.414245665073394775e-01
1.243683174252510071e-01
1.144181340932846069e-01
1.370390504598617554e-01
1.199790313839912415e-01
1.573898494243621826e-01
1.182354092597961426e-01
1.648261100053787231e-01
1.577281951904296875e-01
1.465313732624053955e-01
1.400374174118041992e-01
1.579228788614273071e-01
1.510759294033050537e-01
1.643719673156738281e-01
1.258959472179412842e-01
1.371474117040634155e-01
1.400986164808273315e-01
2.371310889720916748e-01
1.571927219629287720e-01
1.652343720197677612e-01
1.851277053356170654e-01
1.340724974870681763e-01
1.304076761007308960e-01
1.795024871826171875e-01
1.830678582191467285e-01
1.454979181289672852e-01
1.522554457187652588e-01
1.513833701610565186e-01
1.114404648542404175e-01
1.313143819570541382e-01
1.443779915571212769e-01
1.795213073492050171e-01
1.321930587291717529e-01
1.496899127960205078e-01
1.373210996389389038e-01
1.398544758558273315e-01
1.023329645395278931e-01
1.507800221443176270e-01
1.269413083791732788e-01
1.320921033620834351e-01
1.592171341180801392e-01
1.568170636892318726e-01
1.436521708965301514e-01
1.442572176456451416e-01
1.392939686775207520e-01
1.447619944810867310e-01
1.627076268196105957e-01
1.795395165681838989e-01
2.084678560495376587e-01
1.309404969215393066e-01
1.337168216705322266e-01
1.423555016517639160e-01
1.682915836572647095e-01
1.485436558723449707e-01
1.149392277002334595e-01
3.014023303985595703e-01
1.299337744712829590e-01
1.097934022545814514e-01
1.253065764904022217e-01
1.602551490068435669e-01
1.869545727968215942e-01
1.588189303874969482e-01
1.683600246906280518e-01
1.462983489036560059e-01
1.345922499895095825e-01
1.612396389245986938e-01
1.452438086271286011e-01
1.848888546228408813e-01
1.154665946960449219e-01
1.305554360151290894e-01
1.404791176319122314e-01
1.524382978677749634e-01
1.713681221008300781e-01
1.286621540784835815e-01
1.086115986108779907e-01
1.642304807901382446e-01
1.447380334138870239e-01
1.288092434406280518e-01
1.638298630714416504e-01
1.846649497747421265e-01
1.786037832498550415e-01
1.255460083484649658e-01
1.356475800275802612e-01
1.290725767612457275e-01
1.725525110960006714e-01
1.397713422775268555e-01
1.998062282800674438e-01
1.380723714828491211e-01
1.211531907320022583e-01
1.292206346988677979e-01
1.654706895351409912e-01
1.559279859066009521e-01
1.905553936958312988e-01
1.741765737533569336e-01
1.466836780309677124e-01
1.294980347156524658e-01
1.359199732542037964e-01
1.300483196973800659e-01
1.372306495904922485e-01
1.558138877153396606e-01
1.444582492113113403e-01
1.122715994715690613e-01
1.445360928773880005e-01
1.527824103832244873e-01
1.205496340990066528e-01
1.844460070133209229e-01
1.778798997402191162e-01
1.340200603008270264e-01
2.004018723964691162e-01
1.667766273021697998e-01
1.631763577461242676e-01
1.282804459333419800e-01
1.352475583553314209e-01
1.862722784280776978e-01
1.219493895769119263e-01
1.433987617492675781e-01
1.517882645130157471e-01
1.256534606218338013e-01
1.281043887138366699e-01
1.508745104074478149e-01
1.831037402153015137e-01
1.358743757009506226e-01
1.279332190752029419e-01
1.385041475296020508e-01
1.261554211378097534e-01
1.635546982288360596e-01
1.144420281052589417e-01
1.220670938491821289e-01
1.658833026885986328e-01
1.159788966178894043e-01
1.886684447526931763e-01
1.090261191129684448e-01
1.639762073755264282e-01
1.477376669645309448e-01
1.667157709598541260e-01
1.685731410980224609e-01
1.258711963891983032e-01
8.889682590961456299e-02
1.646421253681182861e-01
1.535497158765792847e-01
1.233513653278350830e-01
1.519123315811157227e-01
1.225945800542831421e-01
1.741868108510971069e-01
1.241835653781890869e-01
1.722297668457031250e-01
1.704563200473785400e-01
1.251830905675888062e-01
1.335778534412384033e-01
1.541029959917068481e-01
1.677950173616409302e-01
1.911710351705551147e-01
1.528815329074859619e-01
1.553611606359481812e-01
1.366174817085266113e-01
1.509348899126052856e-01
1.470711827278137207e-01
1.285892724990844727e-01
1.502203345298767090e-01
1.372443735599517822e-01
1.798569262027740479e-01
4.355126321315765381e-01
1.249803751707077026e-01
1.371570676565170288e-01
1.235206425189971924e-01
1.272036582231521606e-01
1.427257955074310303e-01
1.120889857411384583e-01
1.586686819791793823e-01
1.188097819685935974e-01
1.671533435583114624e-01
1.461720168590545654e-01
1.366913020610809326e-01
1.667824536561965942e-01
1.660162806510925293e-01
1.601787954568862915e-01
1.244971528649330139e-01
1.099683865904808044e-01
1.258005201816558838e-01
1.557409316301345825e-01
1.789320856332778931e-01
2.362665981054306030e-01
1.064734011888504028e-01
1.150377839803695679e-01
1.085014566779136658e-01
1.515318751335144043e-01
1.425716280937194824e-01
1.823714673519134521e-01
1.774378120899200439e-01
1.345172077417373657e-01
1.570474356412887573e-01
1.115464493632316589e-01
1.579137444496154785e-01
1.600242406129837036e-01
1.528109908103942871e-01
1.294507384300231934e-01
1.521887332201004028e-01
1.676772832870483398e-01
1.683521419763565063e-01
1.332228630781173706e-01
1.532302349805831909e-01
1.658917069435119629e-01
1.432155221700668335e-01
1.530912816524505615e-01
1.265368908643722534e-01
1.149916499853134155e-01
1.746022850275039673e-01
1.937360316514968872e-01
1.689187586307525635e-01
1.414958834648132324e-01
1.373560428619384766e-01
1.583698689937591553e-01
2.042838782072067261e-01
1.333633661270141602e-01
1.016534194350242615e-01
1.366062760353088379e-01
1.332274824380874634e-01
1.534324437379837036e-01
1.313159614801406860e-01
1.438479870557785034e-01
1.567577123641967773e-01
1.914033293724060059e-01
1.298996508121490479e-01
2.336110472679138184e-01
1.071943789720535278e-01
1.433502733707427979e-01
1.330372095108032227e-01
1.298337131738662720e-01
1.181488111615180969e-01
1.439719349145889282e-01
1.452395468950271606e-01
1.554826498031616211e-01
1.384370476007461548e-01
1.336243301630020142e-01
1.295042335987091064e-01
1.359194517135620117e-01
1.454049199819564819e-01
2.075542509555816650e-01
1.533855497837066650e-01
1.243842467665672302e-01
1.463647633790969849e-01
1.340805441141128540e-01
1.446814984083175659e-01
1.355848908424377441e-01
1.320520639419555664e-01
1.678853482007980347e-01
1.801788210868835449e-01
1.666311472654342651e-01
9.455586969852447510e-02
1.284120827913284302e-01
1.500354856252670288e-01
1.546767801046371460e-01
1.328118294477462769e-01
1.640358120203018188e-01
1.304793804883956909e-01
1.254729479551315308e-01
1.399102509021759033e-01
1.313950568437576294e-01
1.464424878358840942e-01
1.695311963558197021e-01
1.434947103261947632e-01
1.481359302997589111e-01
1.731039583683013916e-01
1.195392236113548279e-01
1.668205708265304565e-01
1.195265129208564758e-01
1.247047260403633118e-01
1.453955471515655518e-01
1.092647761106491089e-01
1.371992230415344238e-01
1.618880033493041992e-01
1.179058477282524109e-01
1.500280350446701050e-01
1.338632106781005859e-01
1.281592398881912231e-01
1.543628722429275513e-01
1.627057343721389771e-01
1.244994327425956726e-01
1.506201922893524170e-01
1.299009174108505249e-01
2.000184357166290283e-01
1.665316671133041382e-01
1.242996677756309509e-01
1.207032576203346252e-01
1.304722577333450317e-01
1.248536258935928345e-01
2.045974731445312500e-01
1.787898540496826172e-01
1.493602395057678223e-01
1.413556635379791260e-01
1.299619823694229126e-01
1.355678588151931763e-01
1.891962289810180664e-01
1.301611065864562988e-01
1.280598342418670654e-01
1.766332238912582397e-01
2.739609181880950928e-01
1.592095196247100830e-01
1.290494501590728760e-01
1.559494137763977051e-01
1.330449134111404419e-01
1.255433410406112671e-01
1.237015649676322937e-01
1.296664476394653320e-01
1.496092826128005981e-01
1.133042052388191223e-01
1.324716508388519287e-01
1.437021791934967041e-01
1.433563232421875000e-01
1.712270230054855347e-01
1.657214909791946411e-01
1.583701819181442261e-01
1.410931050777435303e-01
1.598827987909317017e-01
1.622163057327270508e-01
1.051864251494407654e-01
1.403617560863494873e-01
1.690240204334259033e-01
1.327270418405532837e-01
1.777300536632537842e-01
1.629951596260070801e-01
1.292152404785156250e-01
1.400903612375259399e-01
1.176058128476142883e-01
1.151319816708564758e-01
1.370666325092315674e-01
1.143245697021484375e-01
1.253718435764312744e-01
1.420447677373886108e-01
1.538569331169128418e-01
1.419913172721862793e-01
1.744472533464431763e-01
1.246714890003204346e-01
1.328591704368591309e-01
1.417707502841949463e-01
1.339493095874786377e-01
1.113284528255462646e-01
1.272878497838973999e-01
1.751243621110916138e-01
2.180675715208053589e-01
1.404620707035064697e-01
1.377051621675491333e-01
1.482384949922561646e-01
1.187069714069366455e-01
1.356030702590942383e-01
1.226353496313095093e-01
1.127748861908912659e-01
1.364162266254425049e-01
1.476384550333023071e-01
1.899599134922027588e-01
1.257600933313369751e-01
1.169031113386154175e-01
1.076600700616836548e-01
1.191735714673995972e-01
1.357312351465225220e-01
1.431418359279632568e-01
1.236427202820777893e-01
1.784251928329467773e-01
1.426379531621932983e-01
1.412642747163772583e-01
1.396390646696090698e-01
1.269826292991638184e-01
1.782370060682296753e-01
1.504550129175186157e-01
1.402116268873214722e-01
1.253402829170227051e-01
1.635231375694274902e-01
1.746983379125595093e-01
1.507193148136138916e-01
1.262205839157104492e-01
1.767706423997879028e-01
1.591038703918457031e-01
1.057122498750686646e-01
1.195190101861953735e-01
1.377349793910980225e-01
1.824615448713302612e-01
1.563099473714828491e-01
1.595463007688522339e-01
2.197576463222503662e-01
1.374482661485671997e-01
1.189154982566833496e-01
1.652773469686508179e-01
1.229690611362457275e-01
1.357281953096389771e-01
1.348328441381454468e-01
1.754533946514129639e-01
1.266161948442459106e-01
1.576528847217559814e-01
1.696799993515014648e-01
1.460778117179870605e-01
1.078783944249153137e-01
1.427954435348510742e-01
1.460203677415847778e-01
1.678941398859024048e-01
1.189680993556976318e-01
1.961083263158798218e-01
1.335373371839523315e-01
1.525412201881408691e-01
1.587383896112442017e-01
1.173605844378471375e-01
1.078958660364151001e-01
1.702187657356262207e-01
1.718084663152694702e-01
1.480988115072250366e-01
1.530030369758605957e-01
1.385383009910583496e-01
1.610421985387802124e-01
1.429324448108673096e-01
1.079746037721633911e-01
1.500319689512252808e-01
2.604009807109832764e-01
1.317174881696701050e-01
1.800499409437179565e-01
1.554755121469497681e-01
1.430756896734237671e-01
1.281351447105407715e-01
1.100887432694435120e-01
1.361503154039382935e-01
1.466271877288818359e-01
1.301127523183822632e-01
1.018622368574142456e-01
