1.882813870906829834e-01
1.929021924734115601e-01
1.721622496843338013e-01
1.995153278112411499e-01
2.047423869371414185e-01
1.484434753656387329e-01
2.234019339084625244e-01
2.009682804346084595e-01
2.166630327701568604e-01
1.620188504457473755e-01
2.173185348510742188e-01
2.034338414669036865e-01
1.910932660102844238e-01
1.993281394243240356e-01
1.896558552980422974e-01
2.065890431404113770e-01
1.609843075275421143e-01
2.019456923007965088e-01
1.661439687013626099e-01
2.190979421138763428e-01
1.952660381793975830e-01
2.158351838588714600e-01
1.758174598217010498e-01
1.891803890466690063e-01
1.987890005111694336e-01
1.930144429206848145e-01
1.983484625816345215e-01
1.916843205690383911e-01
1.207515448331832886e-01
1.820462495088577271e-01
2.050561159849166870e-01
1.854936033487319946e-01
2.272149622440338135e-01
1.805823594331741333e-01
1.986223310232162476e-01
1.548909395933151245e-01
1.987975686788558960e-01
1.804947555065155029e-01
1.892858743667602539e-01
2.005358636379241943e-01
1.204994097352027893e-01
2.000236362218856812e-01
2.005773335695266724e-01
1.859324276447296143e-01
1.777009665966033936e-01
2.021047770977020264e-01
1.956101953983306885e-01
1.983964443206787109e-01
1.804083734750747681e-01
1.697917580604553223e-01
1.778170317411422729e-01
2.402072399854660034e-01
1.941098719835281372e-01
1.478469818830490112e-01
2.404900342226028442e-01
1.858404576778411865e-01
1.829856783151626587e-01
1.940284669399261475e-01
1.762082278728485107e-01
1.859114319086074829e-01
1.838524192571640015e-01
1.920909434556961060e-01
1.911436319351196289e-01
1.898583322763442993e-01
2.004183679819107056e-01
2.023199796676635742e-01
2.064732909202575684e-01
1.467098295688629150e-01
2.139007300138473511e-01
1.939758062362670898e-01
1.722200661897659302e-01
2.107531428337097168e-01
2.365447729825973511e-01
1.816453784704208374e-01
1.881204694509506226e-01
1.785237342119216919e-01
2.052246630191802979e-01
1.740662604570388794e-01
1.995024383068084717e-01
1.175597310066223145e-01
2.117462009191513062e-01
2.368832528591156006e-01
1.926784217357635498e-01
1.659214943647384644e-01
2.141452729701995850e-01
1.947790980339050293e-01
2.041124552488327026e-01
1.917255222797393799e-01
1.788900345563888550e-01
1.935322582721710205e-01
2.229138612747192383e-01
2.075061798095703125e-01
2.065090239048004150e-01
2.110238522291183472e-01
2.315429002046585083e-01
1.943393945693969727e-01
2.046540677547454834e-01
1.996701061725616455e-01
1.752752959728240967e-01
1.715652346611022949e-01
1.699295341968536377e-01
2.099817395210266113e-01
2.134588658809661865e-01
1.263629198074340820e-01
2.131366133689880371e-01
1.919746100902557373e-01
2.075903713703155518e-01
1.921428292989730835e-01
2.493684738874435425e-01
1.860549747943878174e-01
1.797958314418792725e-01
2.134637236595153809e-01
1.937956959009170532e-01
1.784931272268295288e-01
1.803323179483413696e-01
1.820563077926635742e-01
2.264705002307891846e-01
2.002489268779754639e-01
2.202793210744857788e-01
1.888982057571411133e-01
1.839541047811508179e-01
2.108717709779739380e-01
1.664138138294219971e-01
2.083648592233657837e-01
1.995082944631576538e-01
2.205927073955535889e-01
1.866866797208786011e-01
2.290916740894317627e-01
1.865338385105133057e-01
2.147569060325622559e-01
1.887932419776916504e-01
1.721466481685638428e-01
1.782807558774948120e-01
2.278394997119903564e-01
1.684878319501876831e-01
1.566173136234283447e-01
1.986376941204071045e-01
1.688304096460342407e-01
2.177238911390304565e-01
1.528376042842864990e-01
2.164043039083480835e-01
1.976226270198822021e-01
1.834390461444854736e-01
1.809236109256744385e-01
1.574011296033859253e-01
2.018101513385772705e-01
1.499686986207962036e-01
2.069909572601318359e-01
1.969679892063140869e-01
2.080904394388198853e-01
1.822622418403625488e-01
1.523752659559249878e-01
1.669490933418273926e-01
1.799578070640563965e-01
2.091502100229263306e-01
2.109280973672866821e-01
2.174240201711654663e-01
1.904572993516921997e-01
1.865196377038955688e-01
2.016610503196716309e-01
1.893968582153320312e-01
1.714688539505004883e-01
1.594204306602478027e-01
1.964122653007507324e-01
1.928097903728485107e-01
2.171606123447418213e-01
1.571055650711059570e-01
1.938787251710891724e-01
2.076049745082855225e-01
1.638505607843399048e-01
1.973620057106018066e-01
1.709914952516555786e-01
1.737324446439743042e-01
1.714553385972976685e-01
1.973422169685363770e-01
1.733537018299102783e-01
2.050627768039703369e-01
1.607070416212081909e-01
2.172167003154754639e-01
1.740803271532058716e-01
1.906286776065826416e-01
1.665527522563934326e-01
2.036951631307601929e-01
1.811159700155258179e-01
2.155657857656478882e-01
1.757288277149200439e-01
2.011135071516036987e-01
2.239203602075576782e-01
1.988196969032287598e-01
1.863711774349212646e-01
1.762101799249649048e-01
2.000704407691955566e-01
2.118767350912094116e-01
1.881968230009078979e-01
1.764504164457321167e-01
2.194640040397644043e-01
1.927183717489242554e-01
1.820769906044006348e-01
2.113392502069473267e-01
1.852303296327590942e-01
1.967006027698516846e-01
1.640138030052185059e-01
2.162365913391113281e-01
1.862079501152038574e-01
2.337316572666168213e-01
2.052531242370605469e-01
2.239178419113159180e-01
1.976499259471893311e-01
1.815657317638397217e-01
1.742097884416580200e-01
1.955328583717346191e-01
1.895079463720321655e-01
1.979695558547973633e-01
2.017460614442825317e-01
1.874684989452362061e-01
2.094935476779937744e-01
1.609271615743637085e-01
2.120465040206909180e-01
1.884425282478332520e-01
1.850048005580902100e-01
1.960318833589553833e-01
1.946313977241516113e-01
2.280626147985458374e-01
2.242546230554580688e-01
1.954937279224395752e-01
1.739216893911361694e-01
1.872760802507400513e-01
2.029639780521392822e-01
2.231687456369400024e-01
2.129279226064682007e-01
2.113408595323562622e-01
1.712826341390609741e-01
1.715717315673828125e-01
2.091802209615707397e-01
1.674790531396865845e-01
1.933166533708572388e-01
2.155470848083496094e-01
1.707673370838165283e-01
2.909813225269317627e-01
2.183143645524978638e-01
2.137448191642761230e-01
1.596795767545700073e-01
1.623433083295822144e-01
1.941575407981872559e-01
1.933494806289672852e-01
1.993911713361740112e-01
2.081011086702346802e-01
1.709087044000625610e-01
2.085875719785690308e-01
1.723058819770812988e-01
1.987767517566680908e-01
2.266763597726821899e-01
1.525034308433532715e-01
2.066366225481033325e-01
1.985287666320800781e-01
1.991326212882995605e-01
2.150972187519073486e-01
1.992318481206893921e-01
1.952884793281555176e-01
2.021438926458358765e-01
1.910288929939270020e-01
1.562004834413528442e-01
1.907919794321060181e-01
1.940172314643859863e-01
2.012157887220382690e-01
1.638596206903457642e-01
1.812766343355178833e-01
1.921536326408386230e-01
2.069089263677597046e-01
2.029492706060409546e-01
1.810311824083328247e-01
2.012930661439895630e-01
2.289012968540191650e-01
1.753415912389755249e-01
1.902932971715927124e-01
2.009908854961395264e-01
1.734540760517120361e-01
1.926813274621963501e-01
1.778211593627929688e-01
1.566434204578399658e-01
2.137438505887985229e-01
2.114627361297607422e-01
2.007674425840377808e-01
1.451801359653472900e-01
2.029717564582824707e-01
1.950587630271911621e-01
2.143678218126296997e-01
1.700130105018615723e-01
1.740199774503707886e-01
1.923483461141586304e-01
2.064844369888305664e-01
1.951709240674972534e-01
1.956025213003158569e-01
1.963332891464233398e-01
2.028510570526123047e-01
1.902775317430496216e-01
1.947074383497238159e-01
1.843376010656356812e-01
1.524121314287185669e-01
2.350741773843765259e-01
2.144834250211715698e-01
1.945642530918121338e-01
2.068220227956771851e-01
2.209338694810867310e-01
1.817912906408309937e-01
1.974909305572509766e-01
2.145966738462448120e-01
1.711094230413436890e-01
1.896421015262603760e-01
2.158964574337005615e-01
1.639151424169540405e-01
1.933134049177169800e-01
1.891058981418609619e-01
2.010072618722915649e-01
1.903801262378692627e-01
2.124630063772201538e-01
2.008976787328720093e-01
2.021071016788482666e-01
1.906529963016510010e-01
2.010654062032699585e-01
2.110327780246734619e-01
2.124343961477279663e-01
2.080806195735931396e-01
1.999611407518386841e-01
1.993110626935958862e-01
1.942429840564727783e-01
1.906182020902633667e-01
1.597366631031036377e-01
1.864171326160430908e-01
2.298518568277359009e-01
1.984526962041854858e-01
1.884937137365341187e-01
2.063388675451278687e-01
2.189836353063583374e-01
2.048539668321609497e-01
1.984522789716720581e-01
2.245228290557861328e-01
1.702560782432556152e-01
1.829963326454162598e-01
2.289152443408966064e-01
2.232574224472045898e-01
2.167219519615173340e-01
2.134444266557693481e-01
2.067122906446456909e-01
1.896058768033981323e-01
2.272570878267288208e-01
2.127749919891357422e-01
1.743616610765457153e-01
1.729129254817962646e-01
1.881337165832519531e-01
1.977216750383377075e-01
1.870456188917160034e-01
2.293315976858139038e-01
2.096415162086486816e-01
2.084219306707382202e-01
1.719297319650650024e-01
1.819754093885421753e-01
2.178271561861038208e-01
1.730151772499084473e-01
2.247212678194046021e-01
2.004681676626205444e-01
1.661868095397949219e-01
1.909853070974349976e-01
2.038613706827163696e-01
2.004986107349395752e-01
2.140179574489593506e-01
1.772581785917282104e-01
2.005774825811386108e-01
1.789041310548782349e-01
2.083162963390350342e-01
2.103406339883804321e-01
2.175607383251190186e-01
2.083113193511962891e-01
1.966589391231536865e-01
2.044752836227416992e-01
1.929505318403244019e-01
2.173750400543212891e-01
2.034993469715118408e-01
2.047937065362930298e-01
2.149550914764404297e-01
1.747798770666122437e-01
2.088387757539749146e-01
1.942465603351593018e-01
2.017374485731124878e-01
2.004618942737579346e-01
2.062333822250366211e-01
1.549758166074752808e-01
2.163937538862228394e-01
2.188345044851303101e-01
2.183857113122940063e-01
1.994872987270355225e-01
2.013329267501831055e-01
1.814110726118087769e-01
2.170659005641937256e-01
1.713016033172607422e-01
1.747777909040451050e-01
2.097054272890090942e-01
2.029779255390167236e-01
1.834285110235214233e-01
1.744712889194488525e-01
2.056428045034408569e-01
1.102127060294151306e-01
2.029294818639755249e-01
1.939480155706405640e-01
1.883135288953781128e-01
1.957535892724990845e-01
2.320508956909179688e-01
1.908329576253890991e-01
1.930827051401138306e-01
1.850175559520721436e-01
1.618601977825164795e-01
1.737253069877624512e-01
1.969441920518875122e-01
2.003375738859176636e-01
2.111077308654785156e-01
2.038282901048660278e-01
2.443377524614334106e-01
1.703329831361770630e-01
1.968123763799667358e-01
1.806056797504425049e-01
1.959585547447204590e-01
1.670816093683242798e-01
1.668754070997238159e-01
1.809430122375488281e-01
2.042588442564010620e-01
1.668539643287658691e-01
2.074027508497238159e-01
2.082883864641189575e-01
1.966364234685897827e-01
2.111635059118270874e-01
1.387135982513427734e-01
1.577648520469665527e-01
1.884684562683105469e-01
1.623076647520065308e-01
2.281352877616882324e-01
1.740741729736328125e-01
2.190504372119903564e-01
1.817689687013626099e-01
1.746662706136703491e-01
2.279171645641326904e-01
1.544350534677505493e-01
1.993675529956817627e-01
1.631050258874893188e-01
2.035302966833114624e-01
2.111920863389968872e-01
2.305986881256103516e-01
2.191736698150634766e-01
1.839766204357147217e-01
1.860795617103576660e-01
1.983467489480972290e-01
2.054269611835479736e-01
1.941048651933670044e-01
1.736354380846023560e-01
1.581741869449615479e-01
1.909893006086349487e-01
1.995766609907150269e-01
2.013070732355117798e-01
1.346167325973510742e-01
2.132649868726730347e-01
1.965316832065582275e-01
2.107012420892715454e-01
2.093758583068847656e-01
2.127765119075775146e-01
1.866779327392578125e-01
2.031715512275695801e-01
1.839482337236404419e-01
2.013377696275711060e-01
1.575983315706253052e-01
1.914886385202407837e-01
9.415306895971298218e-02
1.863208711147308350e-01
2.241103351116180420e-01
1.699747890233993530e-01
2.073418498039245605e-01
2.288457751274108887e-01
1.892608851194381714e-01
1.786786168813705444e-01
2.078267931938171387e-01
1.930760592222213745e-01
1.742004901170730591e-01
2.168912738561630249e-01
2.122576385736465454e-01
1.997801065444946289e-01
2.030004560947418213e-01
2.164432406425476074e-01
2.194429337978363037e-01
1.859227120876312256e-01
1.661477833986282349e-01
1.479520201683044434e-01
2.019842714071273804e-01
1.856160908937454224e-01
2.229836434125900269e-01
1.520155519247055054e-01
1.884180903434753418e-01
2.190977185964584351e-01
2.050469219684600830e-01
1.877745538949966431e-01
2.022648751735687256e-01
1.712113767862319946e-01
1.919042915105819702e-01
1.542531847953796387e-01
2.068675011396408081e-01
1.888503283262252808e-01
1.997538655996322632e-01
1.994676589965820312e-01
1.995805501937866211e-01
1.709222942590713501e-01
1.762263625860214233e-01
2.532476186752319336e-01
2.079798728227615356e-01
2.377937138080596924e-01
2.146037966012954712e-01
