6.478718714788556099e-04
-7.247003167867660522e-02
-1.528245024383068085e-02
-6.584174185991287231e-02
-6.099203601479530334e-02
-2.591574490070343018e-01
-1.810180842876434326e-01
-1.490337252616882324e-01
-6.965339928865432739e-02
-9.462054073810577393e-02
-1.223904788494110107e-01
-1.609476506710052490e-01
5.618211627006530762e-02
-8.198453485965728760e-02
-1.319406032562255859e-01
-1.549228280782699585e-01
-1.721017062664031982e-01
-3.354978933930397034e-02
-9.368017315864562988e-03
-1.651773154735565186e-01
-1.359372287988662720e-01
-1.244797930121421814e-01
-6.300831586122512817e-02
-6.848268955945968628e-02
-1.000855341553688049e-01
-1.725070737302303314e-02
-1.558801978826522827e-01
-1.227651387453079224e-01
-4.539848864078521729e-02
-1.485920399427413940e-01
-1.025189533829689026e-01
-4.730521142482757568e-02
-1.796820163726806641e-01
-1.243104860186576843e-01
-2.620172686874866486e-02
-9.647878259420394897e-02
-2.471251180395483971e-03
1.962821930646896362e-02
-6.364892423152923584e-02
-9.744653850793838501e-02
-2.063674181699752808e-01
-2.928123623132705688e-02
-1.324243843555450439e-01
-1.491675972938537598e-01
-1.018352285027503967e-01
-1.238828077912330627e-01
4.435100033879280090e-02
-7.759388536214828491e-02
-1.004317477345466614e-01
-1.010247766971588135e-01
-1.075022853910923004e-03
-3.085844404995441437e-02
-3.390309959650039673e-02
-1.573916524648666382e-01
-9.126432985067367554e-02
-1.673742830753326416e-01
-2.588509768247604370e-02
-5.787689238786697388e-02
-2.077137120068073273e-02
-2.145379222929477692e-02
-1.362070441246032715e-01
5.754592828452587128e-03
-4.423171281814575195e-02
-1.441117972135543823e-01
-6.076318398118019104e-02
-8.367215842008590698e-02
9.867382235825061798e-03
3.632431151345372200e-03
-1.815984398126602173e-01
-2.522775530815124512e-02
-1.104401051998138428e-01
-9.404838830232620239e-02
-3.620047867298126221e-02
-5.731448531150817871e-02
-1.262787878513336182e-01
-2.919721789658069611e-02
-1.640711128711700439e-01
-5.361799523234367371e-02
5.293540656566619873e-02
-3.211482241749763489e-02
-2.571022324264049530e-02
-9.466625005006790161e-02
-1.793307811021804810e-01
-1.639913767576217651e-01
-9.299451112747192383e-02
-1.015306338667869568e-01
-1.546730399131774902e-01
-1.716771274805068970e-01
3.300624340772628784e-02
-1.644081324338912964e-01
-9.138627350330352783e-02
-1.588356196880340576e-01
-1.596835702657699585e-01
8.447251468896865845e-02
-4.039296507835388184e-02
-2.776063978672027588e-01
8.095260709524154663e-02
-3.285702690482139587e-02
1.247277781367301941e-01
-1.345025897026062012e-01
-3.244918584823608398e-01
-4.989707097411155701e-02
-1.568101048469543457e-01
-1.060482040047645569e-01
-9.130990505218505859e-02
-7.389028370380401611e-02
-6.610570102930068970e-02
-1.299192160367965698e-01
-8.791391551494598389e-02
-4.228351265192031860e-02
-1.726597696542739868e-01
-1.590632796287536621e-01
-4.071206785738468170e-03
3.805440501309931278e-04
-3.203384280204772949e-01
-8.621548116207122803e-02
-7.565601170063018799e-02
-1.352607160806655884e-01
-4.664552956819534302e-02
6.206306815147399902e-02
-1.229006871581077576e-01
-1.409352272748947144e-01
-1.226723194122314453e-01
-1.133471429347991943e-01
-8.553082495927810669e-02
-1.817974075675010681e-02
-1.055997237563133240e-01
-6.565037369728088379e-02
-1.712687760591506958e-01
-1.126715987920761108e-01
-3.702019155025482178e-02
-8.385754376649856567e-02
-1.190531905740499496e-02
9.831785224378108978e-03
-1.237068101763725281e-01
-2.438609749078750610e-01
-8.383728563785552979e-02
-8.853960782289505005e-03
-5.260455235838890076e-02
-8.588746935129165649e-02
-1.497782915830612183e-01
-2.256409451365470886e-02
-1.936825923621654510e-02
-1.386961191892623901e-01
-4.176330193877220154e-02
8.766739070415496826e-02
-3.100383281707763672e-01
-1.448231190443038940e-01
-1.051401868462562561e-01
-3.005898371338844299e-02
-1.215297915041446686e-02
-6.064723432064056396e-02
-7.847608625888824463e-02
-1.823431104421615601e-01
-8.252788335084915161e-02
-1.155755370855331421e-01
-1.209168657660484314e-01
-2.376730889081954956e-01
-1.005616858601570129e-01
2.638721279799938202e-02
-8.608938008546829224e-02
-1.094531416893005371e-01
6.161513156257569790e-04
-6.062050536274909973e-02
-6.404595822095870972e-02
-1.517103165388107300e-01
6.085211876779794693e-03
-3.550939634442329407e-02
-1.887050569057464600e-01
-9.466208517551422119e-02
-1.043976694345474243e-01
-1.001533940434455872e-01
-7.600370049476623535e-02
-1.055601909756660461e-01
3.324123797938227654e-03
-4.414385929703712463e-02
-8.086387068033218384e-02
-8.757682889699935913e-02
-1.879055798053741455e-01
-1.663309484720230103e-01
-1.242532860487699509e-02
6.684850901365280151e-02
-1.648533195257186890e-01
-1.384353190660476685e-01
-2.012524157762527466e-01
-4.072981327772140503e-02
-1.811198294162750244e-01
-9.847664088010787964e-02
-3.746053203940391541e-02
-7.925265282392501831e-02
-1.936909407377243042e-01
-1.418026834726333618e-01
-1.151934042572975159e-01
-5.259397998452186584e-02
-7.836720347404479980e-02
-4.682432487607002258e-02
-1.455890536308288574e-01
-2.400237694382667542e-02
-3.821287304162979126e-02
-1.198204904794692993e-01
-1.637157648801803589e-01
-2.103814631700515747e-01
-1.062267050147056580e-01
-2.087584882974624634e-01
-1.195306628942489624e-01
-3.619133308529853821e-02
-1.108430176973342896e-01
-1.116363629698753357e-01
-1.301013082265853882e-01
-4.738702625036239624e-02
-7.455425709486007690e-02
-7.615398615598678589e-02
-2.479001581668853760e-01
-8.202330768108367920e-02
1.345164235681295395e-02
-5.721163377165794373e-02
-1.498092859983444214e-01
-1.023070048540830612e-02
-6.387008726596832275e-02
-5.991668626666069031e-02
-1.031824573874473572e-01
-1.265489608049392700e-01
-6.797034293413162231e-02
5.393546074628829956e-03
-2.489464357495307922e-03
4.029894620180130005e-02
-2.088431455194950104e-02
-1.277155280113220215e-01
-3.827020525932312012e-02
7.970695197582244873e-02
1.855325070209801197e-03
-1.175703182816505432e-01
-1.809989511966705322e-01
-2.023246884346008301e-01
-1.025007739663124084e-01
-1.212700083851814270e-01
-2.142631262540817261e-02
-5.931880697607994080e-02
-1.143075749278068542e-01
-1.140263900160789490e-01
-1.221565306186676025e-01
-6.697452813386917114e-02
-1.253132969141006470e-01
-1.262552663683891296e-02
-7.877265661954879761e-02
-1.192193180322647095e-01
-1.595759093761444092e-01
-9.949561208486557007e-02
-6.270870566368103027e-02
-8.900679647922515869e-02
5.748064815998077393e-02
-1.436287015676498413e-01
-1.015847623348236084e-01
-1.193957030773162842e-01
-8.815608918666839600e-02
-1.911399811506271362e-01
