-1.649471968412399292e-01
-4.251097887754440308e-02
-6.258656084537506104e-02
-1.160394325852394104e-01
9.552830457687377930e-02
1.325433049350976944e-02
5.125946551561355591e-02
-1.334709972143173218e-01
-1.574692279100418091e-01
-5.469998717308044434e-02
-1.013886108994483948e-01
9.024154394865036011e-02
4.307268932461738586e-02
3.737402707338333130e-02
8.027264475822448730e-02
5.701835080981254578e-02
2.603848651051521301e-02
5.606219917535781860e-02
-3.117629289627075195e-01
-6.757060438394546509e-02
8.450039662420749664e-03
-2.773219533264636993e-02
-6.960482150316238403e-02
2.222822047770023346e-02
-7.466618716716766357e-02
4.971614480018615723e-02
-1.095950677990913391e-01
3.519822785165160894e-04
-1.029018387198448181e-01
8.046280592679977417e-02
3.027142584323883057e-02
-4.817615263164043427e-03
-6.583920121192932129e-02
-1.803842186927795410e-01
-2.573955059051513672e-02
3.519426332786679268e-03
-1.099482625722885132e-01
1.351817399263381958e-01
-9.361013770103454590e-02
1.202265411848202348e-05
-5.443006753921508789e-02
-6.514327973127365112e-02
7.529467344284057617e-02
-1.620095372200012207e-01
-2.648982033133506775e-02
1.836125552654266357e-02
-8.095970004796981812e-02
-2.292355895042419434e-02
-8.084774762392044067e-02
-3.286778926849365234e-02
-1.061978489160537720e-01
-9.482318162918090820e-02
-2.768889963626861572e-01
4.643882811069488525e-02
-1.137891262769699097e-01
1.798305287957191467e-02
-1.507155746221542358e-01
-6.672394275665283203e-02
9.795708209276199341e-02
-1.716414093971252441e-02
-4.523718357086181641e-02
-4.333470389246940613e-02
-1.017951145768165588e-01
-6.114536896347999573e-02
