2.234895825386047363e-01
1.873476058244705200e-01
1.171158701181411743e-01
1.336436569690704346e-01
1.773435771465301514e-01
1.728592067956924438e-01
1.878959536552429199e-01
1.847905665636062622e-01
1.491664648056030273e-01
1.672958433628082275e-01
1.416030079126358032e-01
1.602076888084411621e-01
1.017287820577621460e-01
9.802053868770599365e-02
1.935571283102035522e-01
1.305117607116699219e-01
1.814261674880981445e-01
1.876904666423797607e-01
1.290468573570251465e-01
1.670125275850296021e-01
1.489939540624618530e-01
1.928239762783050537e-01
1.334583908319473267e-01
1.712221205234527588e-01
2.340407818555831909e-01
2.332651019096374512e-01
1.540211141109466553e-01
1.447084844112396240e-01
1.427695453166961670e-01
2.174067199230194092e-01
1.549171209335327148e-01
1.337200850248336792e-01
1.050094440579414368e-01
1.420054435729980469e-01
1.684761792421340942e-01
1.132623106241226196e-01
1.700827032327651978e-01
1.309097111225128174e-01
1.736794412136077881e-01
1.704005151987075806e-01
1.224301159381866455e-01
1.849361658096313477e-01
1.040298491716384888e-01
1.580063253641128540e-01
1.580982804298400879e-01
1.563967317342758179e-01
1.767056286334991455e-01
1.912792474031448364e-01
1.188241541385650635e-01
1.221608519554138184e-01
1.634783297777175903e-01
1.956995874643325806e-01
1.553456038236618042e-01
2.126169353723526001e-01
1.243141517043113708e-01
1.475324779748916626e-01
1.570985019207000732e-01
1.036618128418922424e-01
1.738667190074920654e-01
1.467440873384475708e-01
1.577564626932144165e-01
1.570143997669219971e-01
1.660704314708709717e-01
1.471489071846008301e-01
1.934631019830703735e-01
1.229268833994865417e-01
1.083270832896232605e-01
1.504649072885513306e-01
1.414212882518768311e-01
1.674835681915283203e-01
1.395676732063293457e-01
2.290793955326080322e-01
1.739071756601333618e-01
1.506246775388717651e-01
1.583537608385086060e-01
1.761810332536697388e-01
1.558552682399749756e-01
1.363295465707778931e-01
1.720297783613204956e-01
1.710535138845443726e-01
1.618760973215103149e-01
1.371806859970092773e-01
1.843428462743759155e-01
1.319688856601715088e-01
1.508915871381759644e-01
1.483414471149444580e-01
1.983812153339385986e-01
1.078112348914146423e-01
1.615723222494125366e-01
2.365733683109283447e-01
1.402357518672943115e-01
1.534209996461868286e-01
1.739298403263092041e-01
1.414616405963897705e-01
1.706921011209487915e-01
1.558208316564559937e-01
1.246473267674446106e-01
1.815017610788345337e-01
1.427116245031356812e-01
2.064601182937622070e-01
1.840246170759201050e-01
1.460644155740737915e-01
1.611214876174926758e-01
1.643371284008026123e-01
1.480959057807922363e-01
2.102627605199813843e-01
1.430116593837738037e-01
1.068669259548187256e-01
1.375148594379425049e-01
1.730583310127258301e-01
1.506014615297317505e-01
1.765879243612289429e-01
1.286884993314743042e-01
9.852273762226104736e-02
1.828510016202926636e-01
1.552324295043945312e-01
1.714783161878585815e-01
9.927547723054885864e-02
1.151316165924072266e-01
1.370302885770797729e-01
1.644788682460784912e-01
1.581960916519165039e-01
1.257310807704925537e-01
1.489917337894439697e-01
1.467095315456390381e-01
1.230262964963912964e-01
1.267633289098739624e-01
1.470144987106323242e-01
1.400848180055618286e-01
1.522855311632156372e-01
1.668565422296524048e-01
1.628476381301879883e-01
1.419200152158737183e-01
1.525312960147857666e-01
1.437601745128631592e-01
1.671365648508071899e-01
1.611545681953430176e-01
1.437036097049713135e-01
1.442561745643615723e-01
1.590130329132080078e-01
1.501383781433105469e-01
1.948017627000808716e-01
1.376275420188903809e-01
1.607473343610763550e-01
1.590804010629653931e-01
1.243312209844589233e-01
1.584180444478988647e-01
1.739623248577117920e-01
1.976296454668045044e-01
1.319335699081420898e-01
1.417518556118011475e-01
1.325318068265914917e-01
1.437622159719467163e-01
1.928496211767196655e-01
1.405311971902847290e-01
1.653288006782531738e-01
1.511392742395401001e-01
1.457593441009521484e-01
1.796537041664123535e-01
1.336816102266311646e-01
1.317373216152191162e-01
1.902201026678085327e-01
1.463837623596191406e-01
1.427124440670013428e-01
1.532436013221740723e-01
1.823769062757492065e-01
1.675483882427215576e-01
1.985803991556167603e-01
1.488513648509979248e-01
1.339871883392333984e-01
1.182774379849433899e-01
1.375832110643386841e-01
1.943785548210144043e-01
1.687539219856262207e-01
1.287567019462585449e-01
1.371293365955352783e-01
1.694877594709396362e-01
1.648583710193634033e-01
1.248240768909454346e-01
1.500430256128311157e-01
1.819199919700622559e-01
1.420745551586151123e-01
1.906567960977554321e-01
1.398695409297943115e-01
1.824021935462951660e-01
1.318024992942810059e-01
1.926088035106658936e-01
1.595802009105682373e-01
1.610773056745529175e-01
1.655136644840240479e-01
1.560249775648117065e-01
1.444528996944427490e-01
1.512758880853652954e-01
1.359599530696868896e-01
1.714786440134048462e-01
1.498460769653320312e-01
1.813534349203109741e-01
1.284634470939636230e-01
1.634132117033004761e-01
2.137568444013595581e-01
1.418599337339401245e-01
1.171853020787239075e-01
1.419954001903533936e-01
1.975205540657043457e-01
1.397739797830581665e-01
1.706853955984115601e-01
1.560573577880859375e-01
1.519791185855865479e-01
1.896950751543045044e-01
1.403718292713165283e-01
2.061123698949813843e-01
1.285734474658966064e-01
1.500820964574813843e-01
1.297823935747146606e-01
1.450678855180740356e-01
1.348400563001632690e-01
1.901162266731262207e-01
1.154456064105033875e-01
1.924324780702590942e-01
1.203094571828842163e-01
1.630301177501678467e-01
1.382337361574172974e-01
1.270073205232620239e-01
1.348459720611572266e-01
1.255036294460296631e-01
1.801636368036270142e-01
1.575537174940109253e-01
1.258078813552856445e-01
1.702609360218048096e-01
1.119848638772964478e-01
1.179463416337966919e-01
1.749284416437149048e-01
1.213039681315422058e-01
1.249963790178298950e-01
1.879734545946121216e-01
1.126123219728469849e-01
1.603776663541793823e-01
1.708104759454727173e-01
1.650027334690093994e-01
1.670640110969543457e-01
1.411331146955490112e-01
1.908176541328430176e-01
1.488566398620605469e-01
1.521454155445098877e-01
2.001764923334121704e-01
1.724721938371658325e-01
1.180951893329620361e-01
1.745124608278274536e-01
1.503250002861022949e-01
1.096061393618583679e-01
1.501922607421875000e-01
1.724167615175247192e-01
1.516846418380737305e-01
1.596914827823638916e-01
1.410531401634216309e-01
1.435973197221755981e-01
