2.304794341325759888e-01
2.148863375186920166e-01
2.112734019756317139e-01
2.504402399063110352e-01
1.992551684379577637e-01
2.356018573045730591e-01
2.335324883460998535e-01
2.072499692440032959e-01
2.152387648820877075e-01
2.137643545866012573e-01
1.926288306713104248e-01
1.849585324525833130e-01
2.060194462537765503e-01
2.176050096750259399e-01
2.038795351982116699e-01
2.211597710847854614e-01
1.862510442733764648e-01
1.873124390840530396e-01
1.492744386196136475e-01
1.916074156761169434e-01
1.704606562852859497e-01
2.303061187267303467e-01
1.861772388219833374e-01
1.900064051151275635e-01
1.699739098548889160e-01
2.087305933237075806e-01
1.957565546035766602e-01
2.269789278507232666e-01
1.817636042833328247e-01
1.843128204345703125e-01
1.866845339536666870e-01
1.674454212188720703e-01
1.856751888990402222e-01
1.506798416376113892e-01
2.050575762987136841e-01
2.016351670026779175e-01
1.634523123502731323e-01
2.089693099260330200e-01
2.136710137128829956e-01
1.697141379117965698e-01
1.657878011465072632e-01
1.666942387819290161e-01
1.646325141191482544e-01
1.953175067901611328e-01
1.906761229038238525e-01
1.708140671253204346e-01
1.973032802343368530e-01
1.910233944654464722e-01
2.408753037452697754e-01
2.093506157398223877e-01
1.889548450708389282e-01
1.802671700716018677e-01
1.536868214607238770e-01
2.170760333538055420e-01
2.022033631801605225e-01
2.190383672714233398e-01
2.084451168775558472e-01
2.063387334346771240e-01
1.961416751146316528e-01
2.262805253267288208e-01
2.095549255609512329e-01
1.797495335340499878e-01
1.927532851696014404e-01
2.004294246435165405e-01
2.098477631807327271e-01
1.723596900701522827e-01
1.908160150051116943e-01
1.634527742862701416e-01
2.154128551483154297e-01
1.939585357904434204e-01
1.531827896833419800e-01
2.298884093761444092e-01
2.035557180643081665e-01
1.992625594139099121e-01
1.817347556352615356e-01
1.758310049772262573e-01
1.739006489515304565e-01
1.897678524255752563e-01
1.722832173109054565e-01
1.854188740253448486e-01
2.060349881649017334e-01
2.025109678506851196e-01
2.072018980979919434e-01
1.954949498176574707e-01
1.987975984811782837e-01
1.878619045019149780e-01
2.443076223134994507e-01
1.874397248029708862e-01
1.689548641443252563e-01
2.081719189882278442e-01
2.248344421386718750e-01
2.016296833753585815e-01
2.219551205635070801e-01
2.259208709001541138e-01
2.957919538021087646e-01
2.071453034877777100e-01
1.808109581470489502e-01
2.132804244756698608e-01
1.862939298152923584e-01
1.748330891132354736e-01
2.261958420276641846e-01
1.894714385271072388e-01
1.894168853759765625e-01
2.383515089750289917e-01
2.254341691732406616e-01
1.897282004356384277e-01
2.026194036006927490e-01
1.965231597423553467e-01
1.801962107419967651e-01
1.952063739299774170e-01
1.812643259763717651e-01
1.589468568563461304e-01
1.982436180114746094e-01
1.863975971937179565e-01
1.671755164861679077e-01
1.707315593957901001e-01
1.760053038597106934e-01
2.034899890422821045e-01
1.569734960794448853e-01
2.007279545068740845e-01
1.764826774597167969e-01
1.876403689384460449e-01
2.341970503330230713e-01
1.864824891090393066e-01
2.147447168827056885e-01
1.536497175693511963e-01
2.116365432739257812e-01
1.821886599063873291e-01
2.341488450765609741e-01
1.717163622379302979e-01
2.062892466783523560e-01
2.262023091316223145e-01
1.724028885364532471e-01
1.806366741657257080e-01
1.652840971946716309e-01
2.155643552541732788e-01
1.748080253601074219e-01
2.157873660326004028e-01
2.337178736925125122e-01
2.296969294548034668e-01
1.854205727577209473e-01
1.809706687927246094e-01
1.691974550485610962e-01
1.803991943597793579e-01
1.745658665895462036e-01
1.662149876356124878e-01
1.492601186037063599e-01
1.964345127344131470e-01
2.125999331474304199e-01
2.183777987957000732e-01
1.746668219566345215e-01
1.894636303186416626e-01
2.041112333536148071e-01
2.170963585376739502e-01
1.821311861276626587e-01
1.945043206214904785e-01
1.934893429279327393e-01
1.637732535600662231e-01
1.799041181802749634e-01
2.161535620689392090e-01
1.858397722244262695e-01
1.888868212699890137e-01
1.872019618749618530e-01
1.739302575588226318e-01
1.865140646696090698e-01
2.290890067815780640e-01
1.788425296545028687e-01
1.600130349397659302e-01
1.864712983369827271e-01
1.779446005821228027e-01
1.955539137125015259e-01
1.995786279439926147e-01
2.372467815876007080e-01
1.826105862855911255e-01
2.347821891307830811e-01
2.067896425724029541e-01
1.676782667636871338e-01
1.771412193775177002e-01
2.023279815912246704e-01
1.754156202077865601e-01
1.873537600040435791e-01
2.169205695390701294e-01
1.878880411386489868e-01
1.614857316017150879e-01
1.804970800876617432e-01
2.039957344532012939e-01
1.772403419017791748e-01
2.004182785749435425e-01
1.645623147487640381e-01
1.637395471334457397e-01
1.891190558671951294e-01
2.016035467386245728e-01
1.768525689840316772e-01
1.661256104707717896e-01
1.812440305948257446e-01
2.009345889091491699e-01
1.647059917449951172e-01
1.878821998834609985e-01
1.903566569089889526e-01
1.855178773403167725e-01
1.999310404062271118e-01
1.690249294042587280e-01
1.609151959419250488e-01
1.811106801033020020e-01
1.903882175683975220e-01
1.988045126199722290e-01
2.031991779804229736e-01
2.188081145286560059e-01
1.967090666294097900e-01
1.961926072835922241e-01
2.083807736635208130e-01
1.965954005718231201e-01
1.501095741987228394e-01
1.658843755722045898e-01
1.896263808012008667e-01
2.027214318513870239e-01
2.388740181922912598e-01
1.969638615846633911e-01
2.117101997137069702e-01
1.696186512708663940e-01
2.104016989469528198e-01
2.025720626115798950e-01
1.985645741224288940e-01
1.631472408771514893e-01
2.146134525537490845e-01
1.874955594539642334e-01
1.752976328134536743e-01
1.844983398914337158e-01
2.146762609481811523e-01
1.823811829090118408e-01
2.123474478721618652e-01
1.902623623609542847e-01
1.966913342475891113e-01
2.303915172815322876e-01
2.226170152425765991e-01
1.775428205728530884e-01
1.931658089160919189e-01
2.176194339990615845e-01
2.162214219570159912e-01
2.271574437618255615e-01
2.025302499532699585e-01
2.086859643459320068e-01
2.338946759700775146e-01
1.899459064006805420e-01
1.701231449842453003e-01
2.031838297843933105e-01
1.906912475824356079e-01
2.193192392587661743e-01
1.623122394084930420e-01
1.795703768730163574e-01
1.750767379999160767e-01
1.994638592004776001e-01
1.729135960340499878e-01
2.064242362976074219e-01
1.893353015184402466e-01
2.140668928623199463e-01
2.307163476943969727e-01
1.707962155342102051e-01
2.109640836715698242e-01
2.115671932697296143e-01
1.991326808929443359e-01
1.827797591686248779e-01
2.030000388622283936e-01
1.918873190879821777e-01
2.161489129066467285e-01
1.754868179559707642e-01
1.645520627498626709e-01
1.894636303186416626e-01
1.972567886114120483e-01
1.941035389900207520e-01
1.695441007614135742e-01
1.704105734825134277e-01
1.702935546636581421e-01
2.144621461629867554e-01
1.842252165079116821e-01
2.075092643499374390e-01
1.890629082918167114e-01
2.088441848754882812e-01
2.047001868486404419e-01
1.872061342000961304e-01
1.858858764171600342e-01
2.268946617841720581e-01
1.748905479907989502e-01
1.996889114379882812e-01
2.139477729797363281e-01
1.762627810239791870e-01
1.622709780931472778e-01
1.824329197406768799e-01
1.923412531614303589e-01
1.594595313072204590e-01
1.911460161209106445e-01
2.251373231410980225e-01
1.903037279844284058e-01
1.984000355005264282e-01
1.985271126031875610e-01
2.090147435665130615e-01
1.968920975923538208e-01
1.729912906885147095e-01
1.787381172180175781e-01
1.913739591836929321e-01
2.027766257524490356e-01
1.931989341974258423e-01
1.905896961688995361e-01
1.596719324588775635e-01
1.971932798624038696e-01
1.878928691148757935e-01
1.933672577142715454e-01
1.956108808517456055e-01
1.957186907529830933e-01
2.221163213253021240e-01
2.029026746749877930e-01
2.007634341716766357e-01
1.981721967458724976e-01
2.019034177064895630e-01
1.695360392332077026e-01
1.830925196409225464e-01
1.884701848030090332e-01
1.646972596645355225e-01
2.511987388134002686e-01
1.835057586431503296e-01
1.837242990732192993e-01
1.600567400455474854e-01
1.919203251600265503e-01
2.028653919696807861e-01
1.896770298480987549e-01
1.827932745218276978e-01
2.102978080511093140e-01
2.355759590864181519e-01
2.173162698745727539e-01
2.192664295434951782e-01
1.877535879611968994e-01
2.295494377613067627e-01
1.871033757925033569e-01
2.092516422271728516e-01
1.740593314170837402e-01
1.999597400426864624e-01
1.920718401670455933e-01
2.364485561847686768e-01
1.980491876602172852e-01
1.865771561861038208e-01
2.378261089324951172e-01
2.181462049484252930e-01
1.913067698478698730e-01
1.982581913471221924e-01
1.934210658073425293e-01
1.930648833513259888e-01
1.721875667572021484e-01
2.273104488849639893e-01
1.615138947963714600e-01
1.908079981803894043e-01
2.212447822093963623e-01
1.971724182367324829e-01
2.161445766687393188e-01
1.996075809001922607e-01
1.579240113496780396e-01
2.062586843967437744e-01
2.309286296367645264e-01
2.028354555368423462e-01
1.862154901027679443e-01
1.597892194986343384e-01
1.886785328388214111e-01
2.195392698049545288e-01
1.665790826082229614e-01
1.696620285511016846e-01
1.595667600631713867e-01
2.041801214218139648e-01
1.968317180871963501e-01
1.888579279184341431e-01
1.884947717189788818e-01
2.129067182540893555e-01
2.013547867536544800e-01
1.905455142259597778e-01
1.782494336366653442e-01
1.718385070562362671e-01
2.078146636486053467e-01
2.096446305513381958e-01
1.830596774816513062e-01
1.875191628932952881e-01
2.040984928607940674e-01
1.547669321298599243e-01
2.152206599712371826e-01
1.868559420108795166e-01
2.046651095151901245e-01
2.215072512626647949e-01
2.215659469366073608e-01
1.561841964721679688e-01
2.019935846328735352e-01
2.030788362026214600e-01
2.029397487640380859e-01
1.853832155466079712e-01
2.546887099742889404e-01
1.898744851350784302e-01
2.076189368963241577e-01
2.046926319599151611e-01
1.776537746191024780e-01
1.835235655307769775e-01
1.803087592124938965e-01
2.210163623094558716e-01
1.840824484825134277e-01
1.639222800731658936e-01
2.232094854116439819e-01
1.948936879634857178e-01
2.213711589574813843e-01
1.776329129934310913e-01
1.766393482685089111e-01
2.019925266504287720e-01
1.795380115509033203e-01
1.773316711187362671e-01
1.935148835182189941e-01
2.271192967891693115e-01
2.240216135978698730e-01
1.919517368078231812e-01
1.955879330635070801e-01
2.152390629053115845e-01
2.191372811794281006e-01
2.240623831748962402e-01
1.990852206945419312e-01
1.988988518714904785e-01
1.710037738084793091e-01
2.014826238155364990e-01
1.692208200693130493e-01
2.304875999689102173e-01
1.947184950113296509e-01
1.997853368520736694e-01
2.083623707294464111e-01
1.660913378000259399e-01
2.133179754018783569e-01
2.204747945070266724e-01
2.271500378847122192e-01
2.073866575956344604e-01
2.051860392093658447e-01
2.016492933034896851e-01
1.842546314001083374e-01
2.326985746622085571e-01
1.833841353654861450e-01
1.946881860494613647e-01
1.872318387031555176e-01
2.204514443874359131e-01
1.832826435565948486e-01
1.971438974142074585e-01
2.128021121025085449e-01
1.950141489505767822e-01
1.970222443342208862e-01
2.586461603641510010e-01
1.950016617774963379e-01
2.016487121582031250e-01
1.925349682569503784e-01
1.830313354730606079e-01
2.520554065704345703e-01
1.816114932298660278e-01
2.167320251464843750e-01
2.019678950309753418e-01
1.840839534997940063e-01
1.685618609189987183e-01
1.702206581830978394e-01
2.297310233116149902e-01
2.117978334426879883e-01
1.780150234699249268e-01
1.762251257896423340e-01
1.848404407501220703e-01
1.886117309331893921e-01
2.114581018686294556e-01
1.706329733133316040e-01
1.859211772680282593e-01
1.869885027408599854e-01
1.786123216152191162e-01
1.864332258701324463e-01
2.016385495662689209e-01
2.208641022443771362e-01
2.564176321029663086e-01
2.433444857597351074e-01
2.004424929618835449e-01
2.107448428869247437e-01
1.849977374076843262e-01
2.278163731098175049e-01
1.843059062957763672e-01
2.140117734670639038e-01
1.943148672580718994e-01
1.778646111488342285e-01
1.881322115659713745e-01
1.833374649286270142e-01
2.341980785131454468e-01
1.804328560829162598e-01
1.928766071796417236e-01
1.839541196823120117e-01
2.287414520978927612e-01
2.167817503213882446e-01
2.022347152233123779e-01
1.960192918777465820e-01
2.238490879535675049e-01
2.028928250074386597e-01
1.856927424669265747e-01
1.682379394769668579e-01
1.811373978853225708e-01
1.620314270257949829e-01
1.617753803730010986e-01
1.965344995260238647e-01
2.046859264373779297e-01
2.025727331638336182e-01
1.740473210811614990e-01
2.286321520805358887e-01
2.168480157852172852e-01
1.970919668674468994e-01
1.870103180408477783e-01
1.992675215005874634e-01
1.862133741378784180e-01
1.751693636178970337e-01
1.608060747385025024e-01
1.917698383331298828e-01
1.864128410816192627e-01
1.858388185501098633e-01
2.140291631221771240e-01
