5.018180818296968937e-04
1.605672761797904968e-03
7.957692141644656658e-04
9.786178125068545341e-04
1.166767557151615620e-03
9.330615866929292679e-04
9.327798616141080856e-04
9.061511373147368431e-04
1.313007320277392864e-03
4.969091969542205334e-04
5.009237793274223804e-04
1.832129899412393570e-03
4.283892922103404999e-04
1.435436308383941650e-03
2.227016258984804153e-03
8.450215100310742855e-04
5.184438196010887623e-04
5.382581148296594620e-04
5.175833939574658871e-04
1.666460768319666386e-03
2.369460649788379669e-03
9.226110414601862431e-04
3.025661862920969725e-04
2.053333679214119911e-03
5.619397270493209362e-04
6.676583434455096722e-04
1.026641228236258030e-03
6.572090205736458302e-04
9.485346963629126549e-04
1.621525734663009644e-03
4.812355618923902512e-04
9.105882490985095501e-04
7.565405685454607010e-04
1.227048924192786217e-03
1.345218624919652939e-03
8.344624657183885574e-04
9.105580975301563740e-04
7.510619470849633217e-04
2.545681199990212917e-04
1.720322296023368835e-03
1.773370313458144665e-03
9.766025468707084656e-04
1.009125728160142899e-03
9.443125454708933830e-04
1.952450023964047432e-03
9.669734281487762928e-04
4.409143293742090464e-04
1.419717562384903431e-03
8.614296675659716129e-04
6.068597431294620037e-04
1.576724345795810223e-03
1.298674964345991611e-03
1.462670392356812954e-03
5.835748161189258099e-04
3.794080112129449844e-04
1.054783468134701252e-03
2.761973999440670013e-03
1.336494693532586098e-03
8.739501936361193657e-04
1.295779715292155743e-03
1.789653440937399864e-03
8.350469870492815971e-04
1.505878288298845291e-03
2.003662986680865288e-03
2.044886583462357521e-03
1.148022245615720749e-03
9.774613426998257637e-04
4.139295488130301237e-04
1.835650415159761906e-03
1.144669950008392334e-03
1.276489696465432644e-03
6.296164356172084808e-04
1.025550183840095997e-03
8.652477408759295940e-04
1.480006147176027298e-02
5.191345699131488800e-04
5.011931643821299076e-04
1.303942408412694931e-03
7.552995230071246624e-04
1.456946600228548050e-03
1.245191437192261219e-03
1.281099044717848301e-03
8.239329326897859573e-04
2.243021968752145767e-03
1.467181253246963024e-03
1.645898446440696716e-03
1.060001435689628124e-03
1.618680078536272049e-03
6.809844635426998138e-04
4.071020812261849642e-04
3.772699274122714996e-04
1.312070526182651520e-03
8.125789463520050049e-04
9.071392705664038658e-04
5.760089843533933163e-04
1.349092693999409676e-03
1.193059259094297886e-03
1.172189018689095974e-03
9.499377920292317867e-04
6.474927067756652832e-04
1.264966442249715328e-03
1.799951656721532345e-03
1.029900508001446724e-03
2.483938878867775202e-04
2.511604398023337126e-04
1.596999005414545536e-03
2.096080221235752106e-03
1.740293926559388638e-03
3.472824115306138992e-03
1.181212137453258038e-03
1.013825647532939911e-03
4.190977197140455246e-03
1.119012129493057728e-03
2.856672799680382013e-04
1.321775838732719421e-03
6.527926307171583176e-04
1.305896206758916378e-03
7.743763853795826435e-04
3.628315171226859093e-04
1.752247917465865612e-03
2.318907994776964188e-03
1.179381273686885834e-03
1.270581735298037529e-03
7.122085080482065678e-04
5.462035187520086765e-04
1.321370713412761688e-03
1.123694353736937046e-03
1.319154398515820503e-03
1.205514417961239815e-03
1.180297345854341984e-03
8.285744697786867619e-04
1.574665191583335400e-03
5.967387696728110313e-04
1.234941883012652397e-03
7.506163674406707287e-04
3.891873348038643599e-04
1.736918347887694836e-03
4.552347527351230383e-04
1.029625302180647850e-03
1.077618566341698170e-03
1.981729175895452499e-03
8.871077443473041058e-04
1.183439395390450954e-03
1.044860808178782463e-03
1.912108156830072403e-03
1.514471718110144138e-03
1.090401667170226574e-03
8.159670047461986542e-03
8.281164336949586868e-04
9.074490517377853394e-04
3.048583865165710449e-03
6.412338698282837868e-04
7.465722155757248402e-04
5.798917845822870731e-04
1.188099733553826809e-03
1.045214477926492691e-03
9.392391657456755638e-04
2.724929014220833778e-03
2.755093155428767204e-04
9.406926692463457584e-04
4.011248704046010971e-03
1.490750233642756939e-03
5.099817062728106976e-04
2.459984738379716873e-03
2.432965906336903572e-03
3.044812241569161415e-03
1.957870787009596825e-03
1.542215351946651936e-03
1.723901135846972466e-03
4.438333562575280666e-04
1.786027220077812672e-03
7.994000334292650223e-04
1.647104509174823761e-03
7.299464195966720581e-04
1.545990118756890297e-03
7.146985735744237900e-04
1.470196875743567944e-03
1.202555373311042786e-03
3.273735055699944496e-04
3.347501624375581741e-04
6.602678331546485424e-04
1.948579214513301849e-03
5.361008225008845329e-04
1.247822772711515427e-03
3.679287037812173367e-04
3.624071832746267319e-03
2.149508567526936531e-03
4.325890622567385435e-04
2.258530817925930023e-03
9.713090257719159126e-04
4.540283407550305128e-04
1.619398710317909718e-03
1.456335186958312988e-03
1.134375343099236488e-03
7.336880080401897430e-04
3.334819339215755463e-04
9.186730021610856056e-04
6.724240374751389027e-04
2.271560486406087875e-03
1.967210788279771805e-03
6.279702647589147091e-04
1.517361029982566833e-03
1.029616105370223522e-03
1.427965005859732628e-03
1.810117275454103947e-03
1.822212478145956993e-03
6.501785246655344963e-04
3.209203714504837990e-03
6.439438438974320889e-04
1.068442710675299168e-03
1.945324009284377098e-03
4.137880750931799412e-04
5.757158505730330944e-04
1.560698845423758030e-03
4.571559838950634003e-04
1.435764133930206299e-03
1.990253338590264320e-03
1.240893499925732613e-03
2.863193803932517767e-04
1.477903104387223721e-03
8.380797225981950760e-04
1.481575658544898033e-03
5.978947738185524940e-04
1.273706206120550632e-03
7.647701422683894634e-04
1.660252804867923260e-03
1.333704916760325432e-03
1.081772497855126858e-03
8.374705794267356396e-04
2.195518231019377708e-03
4.975742776878178120e-04
6.509755039587616920e-04
1.470352406613528728e-03
2.202525734901428223e-03
8.231292013078927994e-04
2.591990865767002106e-03
1.326362485997378826e-03
3.505517961457371712e-04
3.067559155169874430e-04
9.482001187279820442e-04
1.136534963734447956e-03
1.423315145075321198e-03
1.294550369493663311e-03
1.068294048309326172e-03
1.106961630284786224e-03
1.213895040564239025e-03
9.760850807651877403e-04
8.258121088147163391e-04
1.040828996337950230e-03
8.202674798667430878e-04
1.207692432217299938e-03
1.261761644855141640e-03
1.202947343699634075e-03
1.426057890057563782e-03
1.228867331519722939e-03
8.683779742568731308e-04
1.249610912054777145e-03
1.209245645441114902e-03
2.073795301839709282e-03
1.124997856095433235e-03
7.023660000413656235e-04
1.727507798932492733e-03
1.147608621977269650e-03
1.152161275967955589e-03
1.382882473990321159e-03
4.054441815242171288e-04
3.547764499671757221e-04
1.333019929006695747e-03
2.242357702925801277e-03
1.336197485215961933e-03
1.093728002160787582e-03
5.781330401077866554e-04
1.963939517736434937e-03
7.227654568850994110e-04
2.975935349240899086e-04
2.747578313574194908e-03
7.101602968759834766e-04
2.644307212904095650e-03
1.969737000763416290e-03
5.858556251041591167e-04
1.993188401684165001e-03
4.845388466492295265e-04
1.986980205401778221e-03
1.032988307997584343e-03
5.201435415074229240e-04
1.009038300253450871e-03
1.358910230919718742e-03
1.844412297941744328e-03
1.442129374481737614e-03
3.787802765145897865e-03
7.586589781567454338e-04
9.731239406391978264e-04
9.498336585238575935e-04
3.533874114509671926e-04
9.075854904949665070e-04
2.006720518693327904e-03
1.185572007670998573e-03
5.673845880664885044e-04
6.080166203901171684e-04
6.840353016741573811e-04
1.377242035232484341e-03
1.390850869938731194e-03
1.999421510845422745e-03
1.152266049757599831e-03
1.373940496705472469e-03
1.102129463106393814e-03
1.520924037322402000e-03
3.391518723219633102e-03
1.231431611813604832e-03
7.788487127982079983e-04
8.156066760420799255e-04
2.737949369475245476e-03
5.106080789119005203e-04
9.595794253982603550e-04
1.047536381520330906e-03
3.822444705292582512e-03
4.344915039837360382e-03
1.860094722360372543e-03
8.504302822984755039e-04
8.015334024094045162e-04
2.165165031328797340e-03
1.183658023364841938e-03
1.130207790993154049e-03
2.121823607012629509e-03
1.287430641241371632e-03
1.252502435818314552e-03
6.410048808902502060e-04
1.808949862606823444e-03
8.063442655839025974e-04
1.302510034292936325e-03
1.262662350200116634e-03
1.253183698281645775e-03
7.589191081933677197e-04
7.441217894665896893e-04
7.128382567316293716e-04
7.820305763743817806e-04
1.470656949095427990e-03
1.542047248221933842e-03
1.169806811958551407e-03
5.075825611129403114e-04
1.075676758773624897e-03
7.109598373062908649e-04
1.482564839534461498e-03
9.456347324885427952e-04
7.314100512303411961e-04
1.517275115475058556e-03
5.115860840305685997e-04
8.439473458565771580e-04
7.458762265741825104e-04
9.427471668459475040e-04
6.850047502666711807e-04
8.202872122637927532e-04
7.944614044390618801e-04
2.019939944148063660e-03
1.592004206031560898e-03
1.137459534220397472e-03
8.386946283280849457e-04
3.391234669834375381e-03
5.807683337479829788e-04
5.140723660588264465e-04
1.211253809742629528e-03
1.383220194838941097e-03
4.073896561749279499e-04
9.428584016859531403e-04
9.615668677724897861e-04
1.199164194986224174e-03
1.229822752065956593e-03
9.917388670146465302e-04
2.218594541773200035e-03
6.100135506130754948e-04
1.769181224517524242e-03
1.378511544317007065e-03
2.268477808684110641e-03
1.395936589688062668e-03
9.721710230223834515e-04
1.058441121131181717e-03
4.667486064136028290e-04
1.105532282963395119e-03
6.929046357981860638e-04
1.079731504432857037e-03
1.571453991346061230e-03
6.912848912179470062e-04
4.914769669994711876e-04
1.068840036168694496e-03
1.395093859173357487e-03
4.747465136460959911e-04
8.328966796398162842e-04
2.125024097040295601e-03
4.002224886789917946e-04
6.893460522405803204e-04
1.074792002327740192e-03
1.426009577699005604e-03
5.329982377588748932e-04
7.923997472971677780e-04
8.829419966787099838e-04
1.797541510313749313e-03
1.849509193561971188e-03
8.634621626697480679e-04
1.441499800421297550e-03
6.044537876732647419e-04
1.321077230386435986e-03
5.340968491509556770e-04
1.168317627161741257e-03
4.412101698108017445e-04
2.045100787654519081e-03
1.428566523827612400e-03
1.006722333841025829e-03
5.253987619653344154e-04
6.568714161403477192e-04
1.267532003112137318e-03
3.245510160923004150e-04
4.039386752992868423e-03
9.549916721880435944e-04
8.367576519958674908e-04
3.510849084705114365e-03
1.657463726587593555e-03
1.592453103512525558e-03
9.828964248299598694e-04
1.549575128592550755e-03
1.007263432256877422e-03
1.645687501877546310e-03
3.647392848506569862e-03
1.199682243168354034e-03
8.004171540960669518e-04
9.025655454024672508e-04
1.433204743079841137e-03
1.251957961358129978e-03
4.798395966645330191e-04
2.808589488267898560e-03
4.879033076576888561e-04
7.635441725142300129e-04
9.294532937929034233e-04
7.721345173195004463e-04
5.534517695195972919e-04
1.159099396318197250e-03
2.254300634376704693e-04
6.442195735871791840e-04
4.712495952844619751e-03
1.080147805623710155e-03
3.689738456159830093e-03
4.850238910876214504e-04
1.400450477376580238e-03
1.825865474529564381e-03
8.014370105229318142e-04
1.370238955132663250e-03
5.464751739054918289e-04
5.746386013925075531e-04
3.511435061227530241e-04
1.455176156014204025e-03
5.036959191784262657e-04
5.769750569015741348e-04
8.709473186172544956e-04
5.540262791328132153e-04
9.122029878199100494e-04
5.139333079569041729e-04
3.270767629146575928e-03
8.553280495107173920e-04
4.075244942214339972e-04
3.167465096339583397e-03
3.353823558427393436e-04
1.588605344295501709e-03
9.171602432616055012e-04
7.766738417558372021e-04
1.416619867086410522e-03
1.110292156226933002e-03
5.637801368720829487e-04
3.672527847811579704e-03
4.540340160019695759e-04
6.778326933272182941e-04
1.569503219798207283e-03
5.419795634225010872e-04
1.485641812905669212e-03
1.052963430993258953e-03
4.280048015061765909e-04
5.768709816038608551e-04
9.354107314720749855e-04
7.646756712347269058e-04
2.256207633763551712e-03
1.517215976491570473e-03
8.590373327024281025e-04
1.069897203706204891e-03
1.318604801781475544e-03
1.418506377376616001e-03
7.054781308397650719e-04
1.311590429395437241e-03
1.607493148185312748e-03
1.164095941931009293e-03
8.256852161139249802e-04
5.899916868656873703e-04
4.863698850385844707e-04
1.308613107539713383e-03
2.184620592743158340e-03
2.142825629562139511e-03
1.419901149347424507e-03
9.135585860349237919e-04
1.323657575994729996e-03
1.475886791013181210e-03
6.544224452227354050e-04
4.697151598520576954e-04
3.401985391974449158e-03
1.023492892272770405e-03
6.908795912750065327e-04
1.187408459372818470e-03
6.147251115180552006e-04
1.335521810688078403e-03
2.371881389990448952e-03
8.316468447446823120e-04
6.689575966447591782e-04
1.062113209627568722e-03
7.234858348965644836e-04
6.801009876653552055e-04
2.432143781334161758e-03
5.889697931706905365e-04
8.325489470735192299e-04
1.194830867461860180e-03
2.023807959631085396e-03
1.134033664129674435e-03
8.649587398394942284e-04
1.409137737937271595e-03
1.435200567357242107e-03
1.104268827475607395e-03
1.513452618382871151e-03
1.501104095950722694e-03
6.395867094397544861e-04
1.337824854999780655e-03
1.849790452979505062e-03
1.318730763159692287e-03
1.032718108035624027e-03
4.350688832346349955e-04
1.849278225563466549e-03
9.442818700335919857e-04
8.509972831234335899e-04
1.019825576804578304e-03
1.121538341976702213e-03
1.343213371001183987e-03
1.602246076799929142e-03
9.610679699108004570e-04
1.468163565732538700e-03
1.057334244251251221e-03
9.396627428941428661e-04
7.664471049793064594e-04
6.188777042552828789e-04
9.458534768782556057e-04
1.330503844656050205e-03
1.728165894746780396e-03
3.089369740337133408e-03
1.134613296017050743e-03
4.712702066171914339e-04
1.063068048097193241e-03
5.898709641769528389e-04
1.824247650802135468e-03
7.981623639352619648e-04
1.043567550368607044e-03
1.000102027319371700e-03
1.753762131556868553e-03
4.283145244698971510e-04
1.223071245476603508e-03
1.385602401569485664e-03
1.974361715838313103e-03
3.867355990223586559e-04
1.477799029089510441e-03
9.929938241839408875e-04
8.483585552312433720e-04
8.170983055606484413e-04
7.752997917123138905e-04
7.458322215825319290e-04
1.404050621204078197e-03
2.350134775042533875e-03
1.932298881001770496e-03
1.552091445773839951e-03
8.432659669779241085e-04
5.229467060416936874e-03
4.449189582373946905e-04
7.140164379961788654e-04
2.763526048511266708e-03
5.236586555838584900e-03
1.649896963499486446e-03
1.817253883928060532e-03
9.188728872686624527e-04
4.997260402888059616e-04
1.879861956695094705e-04
5.229681264609098434e-04
4.419383185449987650e-04
8.551228675059974194e-04
1.511040260083973408e-03
1.353723579086363316e-03
8.006504504010081291e-04
6.673746393062174320e-04
1.448014052584767342e-03
4.759376752190291882e-04
1.092513208277523518e-03
1.375627005472779274e-03
3.489068709313869476e-03
1.060932292602956295e-03
1.125676091760396957e-03
5.125028546899557114e-04
7.154216291382908821e-04
3.180044877808541059e-04
1.113264821469783783e-03
7.703382521867752075e-03
1.290599466301500797e-03
1.304149511270225048e-03
1.489674788899719715e-03
6.830833735875785351e-04
1.833857037127017975e-03
1.506910542957484722e-03
2.400674158707261086e-03
1.104776747524738312e-03
4.705632745753973722e-04
9.380253031849861145e-04
5.021499819122254848e-04
1.088922028429806232e-03
9.160317131318151951e-04
5.860131932422518730e-04
4.006340634077787399e-03
1.494254567660391331e-03
9.578175377100706100e-04
7.488658884540200233e-04
1.996847335249185562e-03
1.414410420693457127e-03
2.097642514854669571e-03
8.127375040203332901e-04
3.658725181594491005e-03
1.475702156312763691e-03
1.428718212991952896e-03
1.018599257804453373e-03
1.503764302469789982e-03
1.075776643119752407e-03
2.795741427689790726e-03
1.064003328792750835e-03
1.289344392716884613e-03
9.223903762176632881e-04
1.994428690522909164e-03
8.252729894593358040e-04
5.540763377211987972e-04
7.642594864591956139e-04
1.061781542375683784e-03
9.822591673582792282e-04
2.406240906566381454e-03
4.634350771084427834e-04
1.709406031295657158e-03
7.069472339935600758e-04
2.819449175149202347e-03
6.462296587415039539e-04
1.418831176124513149e-03
5.969148478470742702e-04
3.247784450650215149e-03
8.237760048359632492e-04
1.254976261407136917e-03
2.600900828838348389e-03
8.456247160211205482e-04
1.654076389968395233e-03
1.217295182868838310e-03
1.696407212875783443e-03
2.097578719258308411e-03
1.978858606889843941e-03
7.313779788091778755e-04
3.411181271076202393e-03
1.068505691364407539e-03
8.201588643714785576e-04
1.552057918161153793e-03
1.529749250039458275e-03
8.361162617802619934e-04
1.038020243868231773e-03
5.346659454517066479e-04
4.724306054413318634e-04
1.173108001239597797e-03
3.623482538387179375e-03
7.900486234575510025e-04
1.482641557231545448e-03
5.848403670825064182e-04
1.538951997645199299e-03
1.252432470209896564e-03
1.727640163153409958e-03
1.198731129989027977e-03
2.842397661879658699e-03
1.782468752935528755e-03
2.375792944803833961e-03
6.963596679270267487e-04
8.512662607245147228e-04
6.746875587850809097e-04
1.465794746764004230e-03
1.168398302979767323e-03
1.111638150177896023e-03
4.641088307835161686e-04
4.112514434382319450e-04
1.085565541870892048e-03
7.877689204178750515e-04
3.181733191013336182e-04
1.745092100463807583e-03
9.225111571140587330e-04
4.712825466413050890e-04
1.568387844599783421e-03
1.262166188098490238e-03
8.569980273023247719e-04
1.087277196347713470e-03
1.093511120416224003e-03
6.117520970292389393e-04
6.924693007022142410e-04
1.004729419946670532e-03
7.799374870955944061e-04
1.173080410808324814e-03
8.411079179495573044e-04
5.786488763988018036e-04
6.018945132382214069e-04
1.403948292136192322e-03
1.727464376017451286e-03
2.605619374662637711e-03
1.789882080629467964e-03
5.777080077677965164e-04
9.354690555483102798e-04
3.519774181768298149e-03
2.876965329051017761e-03
5.075692315585911274e-04
7.497445913031697273e-04
8.120845304802060127e-04
2.287791285198181868e-04
2.577479463070631027e-03
2.823594724759459496e-03
1.177606405690312386e-03
5.618986906483769417e-04
1.532801194116473198e-03
1.230965252034366131e-03
1.241631223820149899e-03
6.264413241297006607e-04
5.738260806538164616e-04
2.278359141200780869e-03
2.374644245719537139e-04
1.467198948375880718e-03
6.534486892633140087e-04
1.525676576420664787e-03
4.061317886225879192e-04
1.351336715742945671e-03
9.292308241128921509e-04
4.600302490871399641e-04
7.419185130856931210e-04
8.957611280493438244e-04
1.937907189130783081e-03
1.625888980925083160e-03
1.117266016080975533e-03
1.002456177957355976e-03
1.318111433647572994e-03
1.097732339985668659e-03
6.698524230159819126e-04
7.725442992523312569e-04
1.057146000675857067e-03
4.731895751319825649e-04
1.014241366647183895e-03
1.746087102219462395e-03
1.681616529822349548e-03
9.240933577530086040e-04
8.675734279677271843e-04
7.517207995988428593e-04
6.100989412516355515e-04
8.671857649460434914e-04
4.975148476660251617e-04
8.392705931328237057e-04
1.508869347162544727e-03
1.247087144292891026e-03
8.600038127042353153e-04
7.610438624396920204e-04
6.492778193205595016e-04
2.246120478957891464e-03
8.402005187235772610e-04
9.407103061676025391e-04
6.615297752432525158e-04
6.857153493911027908e-04
1.033408567309379578e-03
1.349939266219735146e-03
8.568609482608735561e-04
6.167485262267291546e-04
4.545805568341165781e-04
6.649852730333805084e-04
4.699328856077045202e-04
3.889411687850952148e-03
2.304941008333116770e-04
1.728560077026486397e-03
1.031127409078180790e-03
1.226854627020657063e-03
1.346878241747617722e-03
6.336324731819331646e-04
7.596738287247717381e-04
1.024246914312243462e-03
1.170527888461947441e-03
1.041879877448081970e-03
9.111799299716949463e-04
1.350559410639107227e-03
1.824509934522211552e-03
9.823569562286138535e-04
1.694828504696488380e-03
1.424674759618937969e-03
1.348246587440371513e-03
8.913199417293071747e-04
9.627967956475913525e-04
3.833218361251056194e-04
1.125094015151262283e-03
9.283746476285159588e-04
1.441329135559499264e-03
1.274502719752490520e-03
5.613383837044239044e-04
4.582399502396583557e-03
1.165616442449390888e-03
7.549255969934165478e-04
1.087018172256648540e-03
7.041393546387553215e-04
1.268626307137310505e-03
1.939404988661408424e-03
1.978743355721235275e-03
3.009548527188599110e-04
1.094041974283754826e-03
4.226452205330133438e-03
4.746296617668122053e-04
4.109479486942291260e-04
1.133065670728683472e-03
9.507526410743594170e-04
2.529968041926622391e-03
5.345511599443852901e-04
4.746460472233593464e-04
3.631647676229476929e-03
5.610265070572495461e-04
5.995284300297498703e-04
6.783740827813744545e-04
4.537827800959348679e-03
1.016450114548206329e-03
4.777399299200624228e-04
1.768421265296638012e-03
4.849469696637243032e-04
1.889323932118713856e-03
1.002035452984273434e-03
2.113199792802333832e-03
2.198362257331609726e-03
5.392766324803233147e-04
1.452686148695647717e-03
6.058533326722681522e-04
1.973661361262202263e-03
1.707886927761137486e-03
5.175917176529765129e-04
1.702557085081934929e-03
3.724996699020266533e-03
9.259626385755836964e-04
7.078651688061654568e-04
8.502596756443381310e-04
5.353559972718358040e-04
5.221581668592989445e-04
1.099022221751511097e-03
1.082230708561837673e-03
1.100214663892984390e-03
4.940244252793490887e-04
1.624590833671391010e-03
2.134734066203236580e-03
1.329311402514576912e-03
1.267504296265542507e-03
1.556009287014603615e-03
1.183842658065259457e-03
6.646079011261463165e-03
4.055286757647991180e-03
8.053486235439777374e-04
7.250236812978982925e-04
1.674900529906153679e-03
1.127632567659020424e-03
6.840405985713005066e-04
5.545688327401876450e-04
1.462902640923857689e-03
1.709086354821920395e-03
8.663529879413545132e-04
5.910980980843305588e-04
1.320262439548969269e-03
1.219488680362701416e-03
6.608124822378158569e-04
1.514557865448296070e-03
4.314546007663011551e-03
1.805540407076478004e-03
3.489294904284179211e-04
1.686616917140781879e-03
1.898208633065223694e-03
6.771102198399603367e-04
6.306694704107940197e-04
1.912768464535474777e-03
9.724519331939518452e-04
1.391804893501102924e-03
5.101108457893133163e-03
5.157748237252235413e-04
1.170341274701058865e-03
1.826264080591499805e-03
1.163318986073136330e-03
7.087204139679670334e-04
1.122250687330961227e-03
1.961787464097142220e-03
1.129017909988760948e-03
1.641407143324613571e-03
7.736764382570981979e-04
1.366370939649641514e-03
2.170712687075138092e-03
1.167948474176228046e-03
1.443295506760478020e-03
1.569640706293284893e-03
6.113397539593279362e-04
8.981132996268570423e-04
7.564184488728642464e-04
2.556813415139913559e-03
7.855860749259591103e-04
6.037828279659152031e-04
1.175105455331504345e-03
1.352896098978817463e-03
7.142691756598651409e-04
1.202050130814313889e-03
1.400715671479701996e-03
1.014249050058424473e-03
7.249089539982378483e-04
4.114024923183023930e-04
5.010515451431274414e-04
5.388248828239738941e-04
8.763417135924100876e-04
4.828051605727523565e-04
5.819663638249039650e-04
5.803944659419357777e-04
2.356879878789186478e-03
5.381515366025269032e-04
1.393328420817852020e-03
1.668004668317735195e-03
4.176799557171761990e-04
2.654310665093362331e-04
1.622289652004837990e-03
1.122007146477699280e-03
1.790769631043076515e-03
6.733257323503494263e-04
9.165836963802576065e-04
5.730342818424105644e-04
1.391289988532662392e-03
5.446345312520861626e-04
2.268602140247821808e-03
1.502036815509200096e-03
2.104675630107522011e-03
2.022346248850226402e-03
3.337427740916609764e-03
5.915922229178249836e-04
9.813153883442282677e-04
1.019023009575903416e-03
1.199661870487034321e-03
5.873945192433893681e-04
4.118260927498340607e-03
1.542671816423535347e-03
1.329520368017256260e-03
9.901066077873110771e-04
6.521419854834675789e-04
8.241263567470014095e-04
1.699583255685865879e-03
1.072171609848737717e-03
8.707320666871964931e-04
9.486428461968898773e-04
2.723768353462219238e-03
3.266230633016675711e-04
8.215768611989915371e-04
8.481748518534004688e-04
1.111796358600258827e-03
6.617959006689488888e-04
8.178827119991183281e-04
4.386880318634212017e-04
3.526572138071060181e-03
9.916527196764945984e-04
8.984659798443317413e-04
1.434660516679286957e-03
5.554934032261371613e-04
6.351475603878498077e-04
9.353999048471450806e-04
1.531233428977429867e-03
1.444504130631685257e-03
1.160493236966431141e-03
6.406361935660243034e-04
1.303055207245051861e-03
7.019984186626970768e-04
7.102813688106834888e-04
2.352613373659551144e-04
5.303547368384897709e-04
8.835669141262769699e-04
2.798933768644928932e-03
2.119143959134817123e-03
4.704182501882314682e-04
8.638357394374907017e-04
1.128326053731143475e-03
1.012627850286662579e-03
1.206369954161345959e-03
9.695620974525809288e-04
2.592812059447169304e-03
8.485172875225543976e-04
9.922803146764636040e-04
9.990375256165862083e-04
1.137855113483965397e-03
4.482202057261019945e-04
1.303424593061208725e-03
3.787801833823323250e-04
3.107965923845767975e-03
3.199602360837161541e-04
7.927858969196677208e-04
5.030849948525428772e-03
7.313754176720976830e-04
1.283501856960356236e-03
4.131352470722049475e-04
1.372768310829997063e-03
3.345371223986148834e-03
6.488798535428941250e-04
5.065949517302215099e-04
4.027347546070814133e-03
7.834270945750176907e-04
9.602911886759102345e-04
6.604135269299149513e-04
3.323662094771862030e-03
2.940166974440217018e-03
1.744019100442528725e-03
5.188044160604476929e-04
1.457603066228330135e-03
1.315005356445908546e-03
1.031912281177937984e-03
8.407091954723000526e-04
1.685838215053081512e-03
8.456308860331773758e-04
1.204272150062024593e-03
5.052724736742675304e-04
1.026625046506524086e-03
6.097822333686053753e-04
1.448335009627044201e-03
9.873483795672655106e-04
2.086777705699205399e-03
1.058766851201653481e-03
