1.876612901687622070e-01
2.264550477266311646e-01
1.861311346292495728e-01
2.233244329690933228e-01
2.291371226310729980e-01
2.273206859827041626e-01
1.859217882156372070e-01
2.055905014276504517e-01
2.020609080791473389e-01
2.021121978759765625e-01
2.151899486780166626e-01
2.187240570783615112e-01
1.998903304338455200e-01
2.124608308076858521e-01
2.047345340251922607e-01
1.989378184080123901e-01
2.276800423860549927e-01
2.308356612920761108e-01
2.017940580844879150e-01
1.943238824605941772e-01
1.823118776082992554e-01
2.081011086702346802e-01
2.039830982685089111e-01
2.022002488374710083e-01
2.178543508052825928e-01
1.940203458070755005e-01
1.963307857513427734e-01
2.028531134128570557e-01
2.219914346933364868e-01
2.232811748981475830e-01
2.096524834632873535e-01
2.119031250476837158e-01
2.198645919561386108e-01
1.800291985273361206e-01
2.060084939002990723e-01
1.577687263488769531e-01
1.966425627470016479e-01
1.981658786535263062e-01
1.959668993949890137e-01
2.209635674953460693e-01
2.283114492893218994e-01
1.959318518638610840e-01
2.059626728296279907e-01
1.960916370153427124e-01
2.044139504432678223e-01
1.889881342649459839e-01
2.078750729560852051e-01
2.204376757144927979e-01
2.132443785667419434e-01
2.263930886983871460e-01
2.237268239259719849e-01
1.905990242958068848e-01
1.847780644893646240e-01
2.075488716363906860e-01
2.095293849706649780e-01
1.921607702970504761e-01
1.977721601724624634e-01
2.317305505275726318e-01
1.925554722547531128e-01
2.640414237976074219e-01
2.141303420066833496e-01
2.146958112716674805e-01
2.117594778537750244e-01
1.929910182952880859e-01
1.536730974912643433e-01
2.294116616249084473e-01
2.203614264726638794e-01
2.023940086364746094e-01
2.027635723352432251e-01
2.017841488122940063e-01
2.171884775161743164e-01
2.045525759458541870e-01
2.045745402574539185e-01
2.256405949592590332e-01
1.911908537149429321e-01
2.290276736021041870e-01
1.932858377695083618e-01
1.818562448024749756e-01
2.001994699239730835e-01
2.028615623712539673e-01
2.438244521617889404e-01
2.132359892129898071e-01
2.061008960008621216e-01
2.058133035898208618e-01
2.035071998834609985e-01
2.016012072563171387e-01
2.155137807130813599e-01
1.986143887042999268e-01
2.122003585100173950e-01
2.041340172290802002e-01
2.133033722639083862e-01
2.338784635066986084e-01
2.279198765754699707e-01
1.975534409284591675e-01
2.176363766193389893e-01
1.964539140462875366e-01
2.141384184360504150e-01
2.002907395362854004e-01
2.176221609115600586e-01
1.981845349073410034e-01
2.055141031742095947e-01
2.103492021560668945e-01
1.930874735116958618e-01
2.010849565267562866e-01
1.790310293436050415e-01
1.800401657819747925e-01
2.139218151569366455e-01
2.067548185586929321e-01
2.326085418462753296e-01
1.899112313985824585e-01
2.351413816213607788e-01
2.019557803869247437e-01
2.563919723033905029e-01
2.137004137039184570e-01
2.417273372411727905e-01
2.045572400093078613e-01
2.323302328586578369e-01
2.104853391647338867e-01
2.181195765733718872e-01
1.952492147684097290e-01
2.213934510946273804e-01
2.130832225084304810e-01
2.130458056926727295e-01
1.925579905509948730e-01
2.284802198410034180e-01
1.837466508150100708e-01
2.096044272184371948e-01
1.848565340042114258e-01
2.111599445343017578e-01
2.219098955392837524e-01
1.998194456100463867e-01
2.237969934940338135e-01
2.311455905437469482e-01
2.044837325811386108e-01
1.833168715238571167e-01
2.923573851585388184e-01
1.982124000787734985e-01
2.045268714427947998e-01
1.830394417047500610e-01
2.414686977863311768e-01
1.952486932277679443e-01
2.506989240646362305e-01
2.090132683515548706e-01
2.311048060655593872e-01
2.314273118972778320e-01
1.972234100103378296e-01
2.199833542108535767e-01
2.187791764736175537e-01
2.098823338747024536e-01
1.982943266630172729e-01
2.275284230709075928e-01
1.657604575157165527e-01
2.343427985906600952e-01
2.041099816560745239e-01
2.052673697471618652e-01
2.379196137189865112e-01
2.302899807691574097e-01
2.049576342105865479e-01
2.032379657030105591e-01
2.138442099094390869e-01
1.761135756969451904e-01
2.714167535305023193e-01
1.987618803977966309e-01
2.457073330879211426e-01
2.316912561655044556e-01
2.132879942655563354e-01
2.136244326829910278e-01
2.453093081712722778e-01
2.036737352609634399e-01
2.050028890371322632e-01
2.085710614919662476e-01
1.953490078449249268e-01
2.203595042228698730e-01
2.012795060873031616e-01
2.175481468439102173e-01
2.406168282032012939e-01
2.185091972351074219e-01
2.083202302455902100e-01
2.318538725376129150e-01
1.947097033262252808e-01
1.970380395650863647e-01
2.132965922355651855e-01
2.093519866466522217e-01
2.241804897785186768e-01
2.087397128343582153e-01
2.097466588020324707e-01
2.044089734554290771e-01
2.132405340671539307e-01
2.251716703176498413e-01
2.216620594263076782e-01
2.362161129713058472e-01
1.766578555107116699e-01
2.104663699865341187e-01
2.086854279041290283e-01
2.073306292295455933e-01
2.015372514724731445e-01
2.189222276210784912e-01
2.170118242502212524e-01
2.251111865043640137e-01
2.110264301300048828e-01
2.144882827997207642e-01
1.949474811553955078e-01
1.880960315465927124e-01
1.873064190149307251e-01
2.151580154895782471e-01
2.225273698568344116e-01
1.949076801538467407e-01
2.033812850713729858e-01
2.243955880403518677e-01
2.198704034090042114e-01
2.169130295515060425e-01
2.113719582557678223e-01
1.691316217184066772e-01
1.990791261196136475e-01
2.159242779016494751e-01
1.981403231620788574e-01
1.966183781623840332e-01
2.232400327920913696e-01
2.094665765762329102e-01
2.253794074058532715e-01
2.107626646757125854e-01
1.816868335008621216e-01
2.103579640388488770e-01
2.017668932676315308e-01
2.235709726810455322e-01
1.937076747417449951e-01
2.042558789253234863e-01
2.115018665790557861e-01
2.210005819797515869e-01
2.154633253812789917e-01
2.424509525299072266e-01
2.191934287548065186e-01
1.878885328769683838e-01
1.946401149034500122e-01
2.290297746658325195e-01
2.031713426113128662e-01
2.011740654706954956e-01
1.900651156902313232e-01
2.085445374250411987e-01
2.403520494699478149e-01
2.096995264291763306e-01
2.078410089015960693e-01
1.860796362161636353e-01
2.423072904348373413e-01
1.966491192579269409e-01
1.974794566631317139e-01
2.132719606161117554e-01
1.936060488224029541e-01
2.259593605995178223e-01
2.206198573112487793e-01
1.987809687852859497e-01
2.138955891132354736e-01
1.953589767217636108e-01
1.955875009298324585e-01
1.756964027881622314e-01
2.406455874443054199e-01
2.005666196346282959e-01
2.110081166028976440e-01
2.102312147617340088e-01
2.284799218177795410e-01
2.069834172725677490e-01
1.967784911394119263e-01
1.840904057025909424e-01
1.979626268148422241e-01
1.965697705745697021e-01
2.008001655340194702e-01
1.783030182123184204e-01
2.122527360916137695e-01
2.164961695671081543e-01
2.112463116645812988e-01
2.550977766513824463e-01
1.838747262954711914e-01
2.104572951793670654e-01
2.223247736692428589e-01
2.288327813148498535e-01
1.913462281227111816e-01
2.207833677530288696e-01
1.696623414754867554e-01
2.048306018114089966e-01
1.726195961236953735e-01
2.305095791816711426e-01
2.306991368532180786e-01
1.899465620517730713e-01
2.057223916053771973e-01
2.160692960023880005e-01
1.994885802268981934e-01
2.170858830213546753e-01
2.288142293691635132e-01
1.966962367296218872e-01
2.225020825862884521e-01
2.231018394231796265e-01
2.639057636260986328e-01
2.163464277982711792e-01
1.863891184329986572e-01
2.170104980468750000e-01
2.699991464614868164e-01
2.133952379226684570e-01
1.905409544706344604e-01
2.037903964519500732e-01
2.114536315202713013e-01
1.839597076177597046e-01
2.064153552055358887e-01
1.745789647102355957e-01
2.146032005548477173e-01
1.886739134788513184e-01
2.207049727439880371e-01
2.075025886297225952e-01
1.798157542943954468e-01
2.195295542478561401e-01
2.041526436805725098e-01
1.969171017408370972e-01
2.170891016721725464e-01
1.983046978712081909e-01
1.998975723981857300e-01
2.002552300691604614e-01
1.473043859004974365e-01
1.988251656293869019e-01
2.178392410278320312e-01
1.938677579164505005e-01
2.080865800380706787e-01
2.222544997930526733e-01
2.403062283992767334e-01
2.221444696187973022e-01
2.085939943790435791e-01
2.187320142984390259e-01
2.056780457496643066e-01
2.408381700515747070e-01
2.352357655763626099e-01
2.018985152244567871e-01
1.692549884319305420e-01
2.287115454673767090e-01
2.191259115934371948e-01
2.200882732868194580e-01
2.056235224008560181e-01
1.919984668493270874e-01
1.952666938304901123e-01
2.094468921422958374e-01
2.041545063257217407e-01
2.109170556068420410e-01
1.901535242795944214e-01
2.242840230464935303e-01
2.320596426725387573e-01
2.152222692966461182e-01
2.048417478799819946e-01
2.029252797365188599e-01
2.000788152217864990e-01
2.238689959049224854e-01
2.011024653911590576e-01
2.209915965795516968e-01
2.276485115289688110e-01
2.058812081813812256e-01
2.087557762861251831e-01
2.493755966424942017e-01
2.328873723745346069e-01
1.846978962421417236e-01
2.044174969196319580e-01
2.086675465106964111e-01
2.491912394762039185e-01
2.250684499740600586e-01
2.173035889863967896e-01
2.512314021587371826e-01
2.314879298210144043e-01
2.023580372333526611e-01
1.926413476467132568e-01
2.307117879390716553e-01
2.000392377376556396e-01
2.004875987768173218e-01
2.406066060066223145e-01
2.364879846572875977e-01
2.185987085103988647e-01
1.997888237237930298e-01
2.375738322734832764e-01
2.229994833469390869e-01
2.269316017627716064e-01
1.840598583221435547e-01
2.122498303651809692e-01
1.992851495742797852e-01
2.483287900686264038e-01
2.204021066427230835e-01
2.124200463294982910e-01
2.192732691764831543e-01
2.157325297594070435e-01
2.092087417840957642e-01
1.868979036808013916e-01
2.107930481433868408e-01
2.348944246768951416e-01
2.068950384855270386e-01
2.046061903238296509e-01
1.955467760562896729e-01
2.371621578931808472e-01
1.719702780246734619e-01
2.224633693695068359e-01
2.286853194236755371e-01
2.192489355802536011e-01
2.005402743816375732e-01
2.221408635377883911e-01
2.168194204568862915e-01
2.167194634675979614e-01
3.053798973560333252e-01
1.999518275260925293e-01
1.885346770286560059e-01
2.377138137817382812e-01
2.320926189422607422e-01
2.356382757425308228e-01
2.150093317031860352e-01
1.996168643236160278e-01
1.824330985546112061e-01
1.943827718496322632e-01
2.106800079345703125e-01
2.192583084106445312e-01
2.186744809150695801e-01
2.015751451253890991e-01
2.212637513875961304e-01
1.963836699724197388e-01
2.003925144672393799e-01
2.147179841995239258e-01
2.039328068494796753e-01
2.380243539810180664e-01
2.457320988178253174e-01
2.006426304578781128e-01
2.177686393260955811e-01
1.934589296579360962e-01
2.269165962934494019e-01
2.084544152021408081e-01
1.939791589975357056e-01
2.258001565933227539e-01
2.191398590803146362e-01
2.327484637498855591e-01
2.126886248588562012e-01
2.117577195167541504e-01
1.946157217025756836e-01
2.229183912277221680e-01
2.085993587970733643e-01
2.140915244817733765e-01
2.183437198400497437e-01
2.032035291194915771e-01
1.733605712652206421e-01
1.725588291883468628e-01
2.115343064069747925e-01
2.023872435092926025e-01
2.318045198917388916e-01
2.245248705148696899e-01
2.172872722148895264e-01
1.901649832725524902e-01
2.441894859075546265e-01
2.308472245931625366e-01
1.762692928314208984e-01
1.980241537094116211e-01
1.775681078433990479e-01
2.105765193700790405e-01
1.993998140096664429e-01
2.047657221555709839e-01
2.079048305749893188e-01
2.174508124589920044e-01
2.067733108997344971e-01
2.083749473094940186e-01
2.441699355840682983e-01
2.016725689172744751e-01
2.195553481578826904e-01
2.137540429830551147e-01
2.349461466073989868e-01
1.633864045143127441e-01
2.257301658391952515e-01
2.372446060180664062e-01
1.918144077062606812e-01
2.323594093322753906e-01
2.117622196674346924e-01
1.857272684574127197e-01
2.017915248870849609e-01
2.148945033550262451e-01
1.939265280961990356e-01
2.113334089517593384e-01
2.150503993034362793e-01
1.848372966051101685e-01
2.081083953380584717e-01
1.989768445491790771e-01
2.267214953899383545e-01
2.269779294729232788e-01
1.817809790372848511e-01
1.993313580751419067e-01
2.077525109052658081e-01
2.088086903095245361e-01
2.123739421367645264e-01
1.959041655063629150e-01
1.846115589141845703e-01
1.977957487106323242e-01
2.004096359014511108e-01
2.162446230649948120e-01
2.220427095890045166e-01
2.107538580894470215e-01
2.060544490814208984e-01
1.712805181741714478e-01
2.394811660051345825e-01
2.221436500549316406e-01
2.119416743516921997e-01
2.169986367225646973e-01
2.326159626245498657e-01
2.162235081195831299e-01
2.233371138572692871e-01
2.224647104740142822e-01
2.172159552574157715e-01
2.105510234832763672e-01
2.066187560558319092e-01
2.153463661670684814e-01
1.806287616491317749e-01
2.299800366163253784e-01
2.599887549877166748e-01
1.722957491874694824e-01
2.102788537740707397e-01
1.667263954877853394e-01
1.892634779214859009e-01
1.955740153789520264e-01
