1.331223640590906143e-02
1.121186930686235428e-02
1.711893267929553986e-02
1.247876696288585663e-02
1.254281122237443924e-02
9.664976969361305237e-03
1.871430873870849609e-02
2.453425899147987366e-02
1.022493466734886169e-02
9.181824512779712677e-03
1.112975180149078369e-02
1.100280508399009705e-02
1.302537880837917328e-02
1.251891162246465683e-02
1.451797783374786377e-02
9.184946306049823761e-03
1.035652402788400650e-02
8.710733614861965179e-03
1.367162074893712997e-02
2.356445044279098511e-02
1.317218970507383347e-02
2.830263227224349976e-02
9.657420217990875244e-03
1.214336417615413666e-02
1.075941976159811020e-02
1.299512665718793869e-02
1.390464417636394501e-02
1.191467884927988052e-02
1.014929078519344330e-02
1.177859306335449219e-02
1.302769035100936890e-02
1.413841824978590012e-02
1.568283699452877045e-02
1.093688327819108963e-02
1.174692250788211823e-02
1.791683025658130646e-02
1.309400890022516251e-02
1.149686053395271301e-02
1.615578122437000275e-02
1.073503959923982620e-02
1.166152767837047577e-02
2.568230964243412018e-02
1.171441003680229187e-02
1.399864070117473602e-02
1.134934928268194199e-02
1.809863373637199402e-02
1.403018366545438766e-02
1.666396297514438629e-02
9.281202219426631927e-03
1.407758705317974091e-02
1.252662483602762222e-02
1.431621331721544266e-02
1.875727437436580658e-02
1.689667254686355591e-02
1.389589533209800720e-02
1.288071088492870331e-02
2.490380965173244476e-02
1.263361237943172455e-02
1.116434019058942795e-02
1.271541696041822433e-02
1.429181732237339020e-02
1.323149632662534714e-02
1.780969463288784027e-02
1.735119335353374481e-02
1.007056515663862228e-02
1.254585850983858109e-02
1.051318366080522537e-02
1.212927419692277908e-02
1.759787648916244507e-02
1.229991111904382706e-02
1.434843428432941437e-02
2.222256921231746674e-02
1.926390826702117920e-02
1.405689027160406113e-02
1.221132744103670120e-02
1.028176676481962204e-02
1.078707166016101837e-02
1.167453359812498093e-02
1.911139674484729767e-02
1.258277427405118942e-02
1.287667639553546906e-02
1.395616028457880020e-02
1.248690392822027206e-02
1.479472126811742783e-02
1.100259274244308472e-02
1.163088902831077576e-02
1.108237262815237045e-02
9.723593480885028839e-03
1.271706447005271912e-02
1.191161014139652252e-02
9.524468332529067993e-03
1.337972842156887054e-02
1.260372437536716461e-02
1.172006130218505859e-02
9.825556538999080658e-03
8.503827266395092010e-03
8.237245492637157440e-03
1.866460405290126801e-02
1.370682101696729660e-02
1.738194562494754791e-02
1.128382235765457153e-02
1.448873057961463928e-02
1.258097682148218155e-02
1.506829168647527695e-02
1.244930922985076904e-02
1.388535369187593460e-02
1.691713556647300720e-02
1.549859438091516495e-02
1.504389848560094833e-02
1.307960227131843567e-02
2.531597763299942017e-02
1.968354731798171997e-02
1.210398040711879730e-02
1.128136366605758667e-02
1.206132769584655762e-02
1.585713401436805725e-02
1.325194071978330612e-02
2.851972542703151703e-02
1.279228460043668747e-02
1.400353014469146729e-02
1.562885567545890808e-02
1.479035429656505585e-02
1.638735271990299225e-02
1.575509272515773773e-02
9.234302677214145660e-03
1.911382377147674561e-02
1.308182720094919205e-02
1.227028667926788330e-02
1.292612589895725250e-02
1.564214378595352173e-02
1.353730913251638412e-02
1.412671431899070740e-02
1.199709903448820114e-02
1.154357008635997772e-02
1.962075009942054749e-02
1.481543481349945068e-02
1.341799460351467133e-02
1.967204548418521881e-02
3.128195926547050476e-02
1.830792427062988281e-02
1.906594075262546539e-02
2.028052508831024170e-02
1.496725343167781830e-02
1.861095800995826721e-02
1.557172462344169617e-02
1.501100510358810425e-02
1.502133067697286606e-02
1.216991152614355087e-02
1.345012430101633072e-02
1.160541549324989319e-02
1.471356302499771118e-02
1.135506108403205872e-02
1.825826801359653473e-02
9.913306683301925659e-03
1.401997543871402740e-02
1.378810405731201172e-02
1.976507902145385742e-02
1.682655885815620422e-02
1.222500856965780258e-02
8.003728464245796204e-03
1.135101821273565292e-02
1.536002755165100098e-02
1.027198974043130875e-02
1.030329521745443344e-02
1.108306087553501129e-02
2.934783883392810822e-02
9.289170615375041962e-03
1.937137171626091003e-02
1.257223729044198990e-02
1.967439614236354828e-02
1.146908383816480637e-02
1.201262138783931732e-02
1.398541871458292007e-02
1.618524454534053802e-02
1.200234796851873398e-02
1.447338983416557312e-02
1.793176867067813873e-02
1.298257522284984589e-02
1.689170114696025848e-02
1.199160516262054443e-02
1.652630046010017395e-02
2.300717681646347046e-02
1.014009024947881699e-02
9.137327782809734344e-03
1.761842705309391022e-02
1.184718497097492218e-02
1.529390271753072739e-02
1.443052571266889572e-02
9.445388801395893097e-03
1.091237552464008331e-02
1.031735166907310486e-02
2.223406918346881866e-02
1.787923090159893036e-02
9.938323870301246643e-03
1.033446844667196274e-02
1.326977740973234177e-02
1.219866704195737839e-02
1.155097130686044693e-02
1.955309137701988220e-02
1.235206145793199539e-02
1.454598177224397659e-02
1.596280746161937714e-02
1.562303490936756134e-02
1.093924231827259064e-02
8.713303133845329285e-03
1.033593993633985519e-02
9.521367959678173065e-03
9.468139149248600006e-03
1.799531467258930206e-02
9.294538758695125580e-03
2.094518952071666718e-02
1.155346632003784180e-02
9.022231213748455048e-03
1.529915351420640945e-02
1.360148470848798752e-02
1.192256994545459747e-02
1.178517937660217285e-02
1.729508675634860992e-02
1.809873431921005249e-02
1.794136874377727509e-02
1.022654026746749878e-02
1.962240040302276611e-02
1.002010516822338104e-02
1.063904445618391037e-02
3.336584195494651794e-02
1.280747819691896439e-02
1.363015081733465195e-02
1.239073555916547775e-02
1.535220351070165634e-02
1.222979649901390076e-02
1.133134029805660248e-02
1.226425636559724808e-02
1.471547689288854599e-02
1.436732430011034012e-02
1.031817309558391571e-02
1.301753614097833633e-02
1.297347620129585266e-02
1.414444763213396072e-02
2.174332551658153534e-02
1.060814689844846725e-02
1.309979055076837540e-02
1.387794781476259232e-02
1.720602624118328094e-02
1.665567979216575623e-02
1.158862467855215073e-02
1.119618862867355347e-02
1.618617400527000427e-02
1.135982107371091843e-02
1.367006823420524597e-02
1.353695522993803024e-02
1.217137370258569717e-02
1.107454113662242889e-02
1.386271510273218155e-02
4.433625191450119019e-02
1.246111094951629639e-02
1.743801310658454895e-02
