6.125741451978683472e-02
3.245766274631023407e-04
3.692187741398811340e-02
3.127209544181823730e-01
5.775196477770805359e-02
5.303348973393440247e-02
1.142918765544891357e-01
3.888458013534545898e-01
9.734082967042922974e-02
1.864965856075286865e-01
2.758160531520843506e-01
1.848803460597991943e-01
2.156788259744644165e-01
2.153397649526596069e-01
2.318404167890548706e-01
1.615510880947113037e-01
2.260778993368148804e-01
3.445157110691070557e-01
7.729621231555938721e-02
1.504832208156585693e-01
1.302534788846969604e-01
2.115945070981979370e-01
1.107778871300979517e-06
9.513797749605146237e-09
1.743885278701782227e-01
4.936393816024065018e-04
7.461339700967073441e-03
2.705885767936706543e-01
2.137751728296279907e-01
2.094639092683792114e-01
1.782737076282501221e-01
3.323493897914886475e-01
2.477578520774841309e-01
1.812273412942886353e-01
1.295727789402008057e-01
2.032468169927597046e-01
1.442033797502517700e-01
2.163998931646347046e-01
7.348497165367007256e-04
2.243578620254993439e-02
-1.133692637085914612e-02
2.191199064254760742e-01
1.791547387838363647e-01
2.357797771692276001e-01
1.207466721534729004e-01
1.595391040609683841e-05
8.886538445949554443e-02
1.453687995672225952e-01
8.857702463865280151e-02
-1.022672932595014572e-02
2.163850665092468262e-01
3.483505174517631531e-02
1.642859643880001386e-07
1.300634294748306274e-01
7.151379436254501343e-02
1.647174358367919922e-01
7.232043426483869553e-03
2.283743023872375488e-01
1.865320503711700439e-01
2.073143273591995239e-01
1.690600216388702393e-01
1.537441462278366089e-01
1.683504432439804077e-01
9.406079351902008057e-02
7.818491809530314640e-08
3.974475432187318802e-03
8.630439639091491699e-02
2.648950517177581787e-01
1.698162257671356201e-01
5.555340088903903961e-03
2.827023155987262726e-02
-2.620596433189348318e-07
2.681494653224945068e-01
5.870616063475608826e-02
3.191368281841278076e-01
5.196420103311538696e-02
9.168569231405854225e-04
5.585014820098876953e-02
2.867681086063385010e-01
1.743647307157516479e-01
2.143927663564682007e-01
2.448346167802810669e-01
1.684925258159637451e-01
-4.596898179443087429e-06
2.423754930496215820e-01
1.757598668336868286e-01
1.496285945177078247e-01
7.551902285740652587e-07
1.749274581670761108e-01
9.735983894643140957e-07
-7.926644175313413143e-04
5.995615571737289429e-02
3.110886318609118462e-03
3.940854221582412720e-04
2.050079405307769775e-02
8.471786975860595703e-02
2.057346701622009277e-01
2.827825546264648438e-01
9.752140194177627563e-02
1.167423576116561890e-01
2.672899067401885986e-01
3.773942296447785338e-07
2.719641029834747314e-01
1.052326783537864685e-01
2.531603276729583740e-01
1.054043248295783997e-01
2.128346115350723267e-01
7.099739605109789409e-07
1.505066547542810440e-02
2.595124542713165283e-01
8.498670160770416260e-02
2.100774347782135010e-01
-4.447160754352807999e-03
-9.557568281888961792e-02
2.441596835851669312e-01
2.609039843082427979e-01
2.856599092483520508e-01
1.680687589100671175e-08
2.249184697866439819e-01
2.830075323581695557e-01
1.839153915643692017e-01
2.011843770742416382e-01
2.844592630863189697e-01
1.713035999273415655e-05
7.616008073091506958e-02
2.169930040836334229e-01
1.913888305425643921e-01
1.682496076682582498e-05
6.975695490837097168e-02
2.004684805870056152e-01
1.951244473457336426e-01
1.436934769153594971e-01
1.618099808692932129e-01
1.084773430193308741e-06
1.053449864230060484e-06
1.727217435836791992e-02
1.320472955703735352e-01
5.665331706404685974e-02
2.218485027551651001e-01
9.618867188692092896e-02
6.285943090915679932e-02
3.122611343860626221e-01
7.750654220581054688e-02
1.206977367401123047e-01
5.832161381840705872e-02
2.372466474771499634e-01
2.569260895252227783e-01
1.120488718152046204e-01
6.694684177637100220e-02
1.524137854576110840e-01
8.647517114877700806e-02
6.273168325424194336e-02
8.283119648694992065e-02
-8.140429854393005371e-02
1.325178742408752441e-01
1.364189535379409790e-01
1.364441663026809692e-01
1.441027522087097168e-01
2.156589925289154053e-01
-1.127639487385749817e-01
2.884277999401092529e-01
2.268183380365371704e-01
2.166355848312377930e-01
-1.834922097623348236e-02
3.609790652990341187e-02
1.362758222967386246e-02
3.661774098873138428e-02
2.659679651260375977e-01
1.560523062944412231e-01
1.102794483304023743e-01
-1.691442355513572693e-02
2.434922158718109131e-01
1.208576560020446777e-01
1.334567368030548096e-01
1.193016032630112022e-05
6.340708583593368530e-02
2.494855225086212158e-01
2.069070041179656982e-01
1.686662882566452026e-01
1.513989269733428955e-01
1.661969870328903198e-01
6.704703718423843384e-02
1.488861441612243652e-01
2.408803701400756836e-01
-6.160416640341281891e-03
-1.719111196507583372e-06
1.696954518556594849e-01
2.789757251739501953e-01
2.508706748485565186e-01
7.235026714624837041e-06
1.147947534918785095e-01
3.021058393642306328e-03
8.494618535041809082e-02
1.886799186468124390e-01
5.323235876858234406e-03
9.927178174257278442e-02
1.419566720724105835e-01
2.163183987140655518e-01
1.990742683410644531e-01
1.592734952282626182e-05
2.618624269962310791e-01
3.292653858661651611e-01
9.055299869942246005e-07
2.869352400302886963e-01
-4.329682568027237721e-08
3.208103356882929802e-03
1.418369710445404053e-01
-9.396377205848693848e-02
1.365032941102981567e-01
2.293249964714050293e-01
1.537006199359893799e-01
-1.000882238149642944e-01
9.072452038526535034e-02
1.521914899349212646e-01
8.081069609033875167e-07
2.577334046363830566e-01
1.899724751710891724e-01
1.811939477920532227e-01
2.023894488811492920e-01
2.548165917396545410e-01
-2.848629665095359087e-04
1.500226706266403198e-01
7.855680584907531738e-02
5.624292045831680298e-02
6.752935051918029785e-02
1.790632456541061401e-01
-8.971790666691958904e-04
1.555398702621459961e-01
4.168724175542593002e-03
1.418709941208362579e-02
1.571746915578842163e-01
2.733347117900848389e-01
3.506195172667503357e-02
2.719887495040893555e-01
2.074690461158752441e-01
6.591444462537765503e-02
1.576333194971084595e-01
-1.553718582727015018e-03
6.262631714344024658e-02
4.161309450864791870e-02
1.054692789912223816e-01
-2.162778005003929138e-02
-4.106993321329355240e-03
2.839705944061279297e-01
1.725833266973495483e-01
6.117049232125282288e-02
-1.598773269506637007e-05
7.222841680049896240e-02
1.172682940959930420e-01
1.637449115514755249e-01
2.100401967763900757e-01
5.806582048535346985e-02
2.676807641983032227e-01
1.476012170314788818e-03
2.934635281562805176e-01
1.435871720314025879e-01
