-5.141229555010795593e-02
-1.253859698772430420e-01
-6.285826116800308228e-02
1.928892545402050018e-02
-2.493519634008407593e-01
-9.174601733684539795e-02
-1.213582158088684082e-01
-1.213131472468376160e-01
8.231697138398885727e-04
-2.547772824764251709e-01
-7.732693105936050415e-02
-2.902028523385524750e-02
4.649916663765907288e-03
8.728495985269546509e-02
8.645694702863693237e-02
-1.330783218145370483e-01
-1.341312974691390991e-01
-1.487195193767547607e-01
6.665250984951853752e-04
6.702771782875061035e-02
-1.657241284847259521e-01
2.618433535099029541e-02
-8.012934774160385132e-02
-5.569648370146751404e-02
-1.297494322061538696e-01
8.673816174268722534e-02
-3.990124538540840149e-02
1.199140027165412903e-01
7.571135065518319607e-04
-1.511731445789337158e-01
-7.113505899906158447e-02
-5.551721528172492981e-02
2.135765179991722107e-02
-2.555585838854312897e-02
-8.351400494575500488e-02
-7.237552851438522339e-02
3.429534286260604858e-02
1.537194103002548218e-01
1.439312938600778580e-02
-1.097531318664550781e-01
2.272330783307552338e-02
-1.218829229474067688e-01
-3.624836727976799011e-02
9.556943550705909729e-03
7.552210241556167603e-03
-1.920802704989910126e-02
8.286796510219573975e-02
1.297907680273056030e-01
-1.207105889916419983e-01
7.738832384347915649e-02
-1.170260235667228699e-01
-2.001387923955917358e-01
-3.199478983879089355e-02
8.092119358479976654e-03
-3.245163336396217346e-02
3.114185482263565063e-02
5.617653951048851013e-02
6.127751618623733521e-02
2.119132876396179199e-01
-7.502134889364242554e-02
-1.562603861093521118e-01
-9.363515675067901611e-02
-1.117558330297470093e-01
1.138935610651969910e-02
-2.313510924577713013e-01
-1.847264915704727173e-01
1.282172799110412598e-01
-1.086210608482360840e-01
5.052521079778671265e-02
-2.529462240636348724e-02
-3.426616191864013672e-01
-2.029182761907577515e-01
-2.503860928118228912e-02
3.784891450777649879e-03
-1.305914968252182007e-01
1.969682797789573669e-02
-6.491266191005706787e-02
-6.021835654973983765e-02
-7.152824848890304565e-02
7.111445069313049316e-02
1.030036881566047668e-01
1.036486551165580750e-01
-5.362566933035850525e-02
-7.244694977998733521e-02
-2.156476825475692749e-01
5.631060525774955750e-02
1.713282912969589233e-01
3.215280473232269287e-01
-3.148172050714492798e-02
8.946409076452255249e-02
-8.306168019771575928e-02
1.954782195389270782e-02
-1.799303144216537476e-01
-1.280741393566131592e-01
2.299105003476142883e-02
-1.259584575891494751e-01
-4.374890774488449097e-02
-1.219092402607202530e-03
-3.315510228276252747e-02
-7.460522651672363281e-02
-6.080924719572067261e-02
-1.021439135074615479e-01
-1.730352081358432770e-02
-6.191668659448623657e-02
-8.156611770391464233e-02
-2.459750324487686157e-02
-7.141324877738952637e-02
-4.974372684955596924e-02
3.199029713869094849e-02
-1.543985158205032349e-01
-5.374467745423316956e-02
-8.014418184757232666e-02
1.659623086452484131e-01
1.510220021009445190e-01
-2.080215606838464737e-03
-2.043407410383224487e-02
8.836914598941802979e-02
-1.494051422923803329e-02
-8.011241257190704346e-02
-1.871835738420486450e-01
-2.587441727519035339e-02
-8.746141195297241211e-02
-7.113443315029144287e-02
-1.231280937790870667e-01
3.826811537146568298e-02
1.260945200920104980e-01
-1.509204879403114319e-02
-1.034211739897727966e-02
