2.008322179317474365e-01
1.520842015743255615e-01
1.259406656026840210e-01
1.867715567350387573e-01
1.920801401138305664e-01
2.461123466491699219e-01
1.508056223392486572e-01
2.064082771539688110e-01
1.899778991937637329e-01
1.617206186056137085e-01
2.025757282972335815e-01
2.084868997335433960e-01
2.001798599958419800e-01
1.725031584501266479e-01
1.930509060621261597e-01
2.045919448137283325e-01
1.522390246391296387e-01
1.449491530656814575e-01
1.675166934728622437e-01
1.770107895135879517e-01
1.902718842029571533e-01
1.663913130760192871e-01
1.221156418323516846e-01
1.942802667617797852e-01
1.635346263647079468e-01
1.830234378576278687e-01
1.265146136283874512e-01
1.798160076141357422e-01
2.327928990125656128e-01
1.720260679721832275e-01
1.510302275419235229e-01
1.793232560157775879e-01
2.229174524545669556e-01
1.739762425422668457e-01
1.832685768604278564e-01
2.031373530626296997e-01
1.971200704574584961e-01
1.704142838716506958e-01
1.563816815614700317e-01
1.748878955841064453e-01
2.048059254884719849e-01
1.698517054319381714e-01
1.695179790258407593e-01
1.954401135444641113e-01
1.748903095722198486e-01
1.589342504739761353e-01
2.076526433229446411e-01
1.882368624210357666e-01
1.825385838747024536e-01
1.804427951574325562e-01
1.968575268983840942e-01
1.586081385612487793e-01
1.490494012832641602e-01
2.586256861686706543e-01
2.114191353321075439e-01
1.672320365905761719e-01
1.809848248958587646e-01
1.974431425333023071e-01
1.203520074486732483e-01
1.673438698053359985e-01
1.668200641870498657e-01
9.936236590147018433e-02
1.337189823389053345e-01
2.054169028997421265e-01
1.776328235864639282e-01
1.593710035085678101e-01
1.903592199087142944e-01
2.033020257949829102e-01
1.793299168348312378e-01
1.668384075164794922e-01
1.542349010705947876e-01
2.018653899431228638e-01
1.837258487939834595e-01
1.942814737558364868e-01
1.337863951921463013e-01
1.116193830966949463e-01
1.928538531064987183e-01
1.416135132312774658e-01
1.831640601158142090e-01
1.872684955596923828e-01
1.796480417251586914e-01
2.255048602819442749e-01
2.024047523736953735e-01
1.472808420658111572e-01
1.653304696083068848e-01
1.743067651987075806e-01
1.756134480237960815e-01
1.636981964111328125e-01
1.556128263473510742e-01
1.972763538360595703e-01
1.372709870338439941e-01
2.582775354385375977e-01
1.816474050283432007e-01
1.601118445396423340e-01
1.975639760494232178e-01
2.354542165994644165e-01
1.634688377380371094e-01
1.721263825893402100e-01
1.581451892852783203e-01
1.209297329187393188e-01
1.856903731822967529e-01
1.933969408273696899e-01
1.604375392198562622e-01
1.341743916273117065e-01
1.788251847028732300e-01
1.542275995016098022e-01
1.111418008804321289e-01
2.231570631265640259e-01
2.221607118844985962e-01
1.729456335306167603e-01
2.066209912300109863e-01
2.072697579860687256e-01
1.874445527791976929e-01
1.871194243431091309e-01
1.798476427793502808e-01
1.855031102895736694e-01
1.944907754659652710e-01
1.648207157850265503e-01
1.275545805692672729e-01
2.362416684627532959e-01
1.991186141967773438e-01
1.863764077425003052e-01
1.613052785396575928e-01
1.550837606191635132e-01
1.677198410034179688e-01
2.029827833175659180e-01
1.778536885976791382e-01
2.046848982572555542e-01
2.305428832769393921e-01
1.638788878917694092e-01
1.973956972360610962e-01
1.773761063814163208e-01
1.616698354482650757e-01
2.103907167911529541e-01
1.987284272909164429e-01
1.616218835115432739e-01
1.128432601690292358e-01
1.849973648786544800e-01
1.840274035930633545e-01
1.339706033468246460e-01
1.449428051710128784e-01
1.235143840312957764e-01
1.880737543106079102e-01
1.880556195974349976e-01
2.244697809219360352e-01
2.143867760896682739e-01
1.605637073516845703e-01
1.581419408321380615e-01
1.136192157864570618e-01
2.017073482275009155e-01
1.561535298824310303e-01
1.933880001306533813e-01
1.712331026792526245e-01
1.810733973979949951e-01
2.129412591457366943e-01
1.607999950647354126e-01
1.804766207933425903e-01
1.978149265050888062e-01
1.428626477718353271e-01
2.108761817216873169e-01
1.914004087448120117e-01
2.315785437822341919e-01
1.664574742317199707e-01
1.305647492408752441e-01
1.374701261520385742e-01
2.008026540279388428e-01
1.784669458866119385e-01
2.252824306488037109e-01
1.964059919118881226e-01
1.796217411756515503e-01
1.488021165132522583e-01
1.971434950828552246e-01
1.902615725994110107e-01
1.901281625032424927e-01
1.814049631357192993e-01
2.048410624265670776e-01
1.558227688074111938e-01
1.998449862003326416e-01
1.497542858123779297e-01
1.916963458061218262e-01
2.002547830343246460e-01
1.697417348623275757e-01
2.061901390552520752e-01
1.637833565473556519e-01
1.716200262308120728e-01
1.495550125837326050e-01
2.007335126399993896e-01
1.685112863779067993e-01
2.032835185527801514e-01
1.396094560623168945e-01
2.072021365165710449e-01
2.134063243865966797e-01
1.713493913412094116e-01
1.969616115093231201e-01
1.852526813745498657e-01
1.742983162403106689e-01
1.967615485191345215e-01
1.930388361215591431e-01
1.577150821685791016e-01
1.860829591751098633e-01
1.883374005556106567e-01
1.416109800338745117e-01
2.113490700721740723e-01
1.805587857961654663e-01
1.281962394714355469e-01
1.883088648319244385e-01
1.661903858184814453e-01
1.732587069272994995e-01
1.812052279710769653e-01
1.679033786058425903e-01
1.543008536100387573e-01
2.277324497699737549e-01
2.178484499454498291e-01
1.982005089521408081e-01
1.461620032787322998e-01
1.986953020095825195e-01
1.771108061075210571e-01
1.761090904474258423e-01
1.810151785612106323e-01
1.655097454786300659e-01
1.544090509414672852e-01
1.720653772354125977e-01
2.057442367076873779e-01
1.551845371723175049e-01
1.236766427755355835e-01
1.702169328927993774e-01
1.612496674060821533e-01
1.703214049339294434e-01
1.313228458166122437e-01
1.579409986734390259e-01
1.546642482280731201e-01
2.014657557010650635e-01
1.264475435018539429e-01
1.485652327537536621e-01
1.425509601831436157e-01
1.809418499469757080e-01
1.764664053916931152e-01
1.920387297868728638e-01
1.949755996465682983e-01
1.873051673173904419e-01
1.196957081556320190e-01
1.518868952989578247e-01
2.036430388689041138e-01
1.774962097406387329e-01
1.828892081975936890e-01
1.793189048767089844e-01
1.869691014289855957e-01
2.007687091827392578e-01
1.836411952972412109e-01
1.925265938043594360e-01
1.902980804443359375e-01
1.818934977054595947e-01
2.040726393461227417e-01
1.113453954458236694e-01
1.589037030935287476e-01
2.005757093429565430e-01
