-1.058758469298481941e-03
-2.803716342896223068e-03
-8.946671336889266968e-02
-1.040921561070717871e-04
4.753157123923301697e-02
-1.058195484802126884e-03
-2.665090374648571014e-02
-2.487760037183761597e-02
-2.249005250632762909e-03
2.945047570392489433e-03
-2.383980900049209595e-03
-6.173930130898952484e-03
-6.053065881133079529e-02
1.618512324057519436e-03
-5.358467251062393188e-02
3.513871505856513977e-02
-2.157071372494101524e-03
-4.188539832830429077e-02
1.074096304364502430e-03
-2.157182665541768074e-03
-3.085181117057800293e-02
-1.190394815057516098e-02
5.238302052021026611e-03
1.136623416095972061e-02
-4.839021712541580200e-02
-2.186161279678344727e-02
9.180975030176341534e-04
-4.022908862680196762e-03
5.619734874926507473e-04
-2.822284877765923738e-04
-2.354928525164723396e-03
-4.748667590320110321e-03
2.466488513164222240e-04
-4.336202051490545273e-03
3.671172633767127991e-02
-2.895650919526815414e-03
-2.442607190459966660e-03
-1.057274872437119484e-03
-2.037431346252560616e-03
-3.066533477976918221e-03
-4.266444221138954163e-02
-1.607056619832292199e-04
-5.266947671771049500e-02
2.193207852542400360e-03
-1.007485203444957733e-03
-1.342262700200080872e-02
1.293757581152021885e-03
-8.915493264794349670e-03
-9.601349011063575745e-03
6.107167899608612061e-02
8.886998984962701797e-04
-2.566246781498193741e-03
-5.565541237592697144e-02
-2.422880381345748901e-02
-9.377156384289264679e-04
-3.539289537002332509e-05
5.356996320188045502e-03
-2.032662928104400635e-02
-1.146548776887357235e-03
-1.888637314550578594e-03
-1.222206000238656998e-02
-3.736486425623297691e-03
5.584403406828641891e-04
-2.714444417506456375e-03
-1.243068724870681763e-01
3.050402738153934479e-03
2.216381765902042389e-02
-7.327845087274909019e-04
1.471548993140459061e-02
-4.795699205715209246e-04
-4.854619503021240234e-02
-1.447304338216781616e-02
-6.100092828273773193e-02
-1.504424144513905048e-03
-2.059640828520059586e-03
-1.375753711909055710e-02
-1.993512175977230072e-02
5.040472839027643204e-03
1.786958426237106323e-03
-4.351123061496764421e-04
-1.819713390432298183e-03
2.629641443490982056e-03
-3.729644813574850559e-04
-6.517358124256134033e-02
2.945264801383018494e-02
-1.940491609275341034e-02
-2.458017878234386444e-02
-6.426094472408294678e-02
4.140919074416160583e-03
2.176974900066852570e-02
5.275179166346788406e-03
-2.126256935298442841e-02
1.449725008569657803e-03
-4.315516352653503418e-02
-3.971644677221775055e-03
2.283685840666294098e-02
-1.036383211612701416e-03
3.174619376659393311e-02
-7.133206818252801895e-03
-2.494888566434383392e-02
7.648021564818918705e-04
-4.264238756150007248e-03
-4.552901536226272583e-02
2.635810757055878639e-03
-1.663468405604362488e-02
-2.522476576268672943e-02
2.523493580520153046e-02
-8.722802251577377319e-02
-1.497685443609952927e-03
3.164088586345314980e-03
1.267467392608523369e-03
-1.730460906401276588e-03
-2.442562021315097809e-03
3.772328374907374382e-03
-9.589689783751964569e-03
-4.229076579213142395e-02
-1.558636198751628399e-03
-5.925534665584564209e-02
-4.923922941088676453e-02
1.469777547754347324e-03
-2.144838450476527214e-03
-9.650423191487789154e-03
3.959793131798505783e-03
-7.463687658309936523e-02
6.113931303843855858e-04
5.268014501780271530e-03
2.297014230862259865e-03
-7.296319305896759033e-02
-3.878052579239010811e-03
-6.773529946804046631e-02
-6.820711493492126465e-02
-7.171676028519868851e-03
-4.548582062125205994e-02
-3.074231930077075958e-02
-4.227212816476821899e-02
-1.125912764109671116e-03
-5.350190773606300354e-02
6.288141757249832153e-02
-2.799425506964325905e-03
-5.856415629386901855e-02
3.872452676296234131e-02
1.410123426467180252e-03
-2.006254903972148895e-02
-1.853981800377368927e-02
-4.851786070503294468e-05
3.172580152750015259e-03
-5.395358894020318985e-04
-2.334114350378513336e-02
2.232546731829643250e-02
3.114817664027214050e-02
2.875370904803276062e-03
4.668977856636047363e-02
4.066684469580650330e-02
-7.934088818728923798e-03
-4.181658732704818249e-04
-1.330424379557371140e-02
-3.797395154833793640e-03
1.333044609054923058e-03
8.285528165288269520e-04
-1.013607135973870754e-03
2.041090279817581177e-03
-4.445424303412437439e-02
-2.169767860323190689e-03
-3.322594333440065384e-03
1.501416228711605072e-02
-2.041876316070556641e-03
2.649392746388912201e-02
3.598274197429418564e-04
-1.499774213880300522e-02
-4.473461955785751343e-02
6.504390388727188110e-03
-2.917891542892903090e-04
1.768196932971477509e-02
1.116221118718385696e-02
1.114201173186302185e-02
-3.296915069222450256e-02
-3.683686256408691406e-02
2.043738961219787598e-03
-1.545454375445842743e-02
-2.276904881000518799e-02
-5.626825988292694092e-02
5.662802723236382008e-04
-3.322395682334899902e-02
-2.960027777589857578e-04
-1.430453121429309249e-04
-4.301796667277812958e-03
-3.008991014212369919e-03
1.442161854356527328e-02
-4.377105738967657089e-03
-2.379732904955744743e-03
-2.699642907828092575e-03
-2.313150791451334953e-03
9.712836472317576408e-04
1.378057058900594711e-02
7.574916235171258450e-04
-1.349958707578480244e-03
-2.279287017881870270e-02
-6.939529906958341599e-03
1.622117124497890472e-03
2.894116006791591644e-02
-1.713448436930775642e-03
-9.367431513965129852e-03
-3.590123355388641357e-02
-1.194296753965318203e-03
2.468185313045978546e-02
1.142285298556089401e-03
-1.521442830562591553e-02
-8.818612433969974518e-03
-1.101152389310300350e-03
-1.222995109856128693e-02
-1.878775097429752350e-02
-7.184748351573944092e-02
-5.890010390430688858e-03
-9.585458785295486450e-03
-1.181292440742254257e-02
1.016113441437482834e-03
-1.164195500314235687e-02
-4.271342232823371887e-02
3.098714398220181465e-03
-3.323217853903770447e-02
2.141244913218542933e-04
-1.968517713248729706e-02
2.707898057997226715e-02
1.585699734278023243e-03
4.511660663411021233e-04
-7.675528060644865036e-03
-1.652173086768016219e-04
-1.323099946603178978e-03
-3.711265046149492264e-03
-2.727737464010715485e-02
1.768851280212402344e-02
1.945405965670943260e-03
-5.739169567823410034e-02
-8.751903660595417023e-04
-1.871207728981971741e-03
2.339607337489724159e-03
-2.196678332984447479e-02
-8.488599210977554321e-03
-1.802077144384384155e-02
1.754696015268564224e-03
-1.569099957123398781e-03
2.095680218189954758e-03
1.844583661295473576e-03
-3.021250013262033463e-04
-1.242589019238948822e-02
1.874902402050793171e-03
-4.974750801920890808e-03
-1.451890915632247925e-02
-1.898151589557528496e-03
3.570074215531349182e-03
-9.990734979510307312e-04
-9.587853855919092894e-05
4.607749171555042267e-03
-3.196926787495613098e-03
1.390282879583537579e-03
-6.262815743684768677e-02
