1.797893643379211426e-01
2.305763661861419678e-01
1.811378300189971924e-01
1.526675820350646973e-01
1.615188568830490112e-01
1.532231569290161133e-01
1.687451303005218506e-01
1.446259170770645142e-01
1.775618344545364380e-01
1.906845271587371826e-01
1.605697125196456909e-01
2.337324470281600952e-01
1.600851565599441528e-01
1.797740757465362549e-01
1.750641763210296631e-01
1.668737381696701050e-01
1.664503067731857300e-01
1.604782640933990479e-01
1.670872867107391357e-01
1.808899194002151489e-01
1.530408561229705811e-01
1.717214286327362061e-01
1.897300481796264648e-01
1.644839346408843994e-01
2.234632223844528198e-01
1.936472356319427490e-01
2.246378511190414429e-01
2.007856965065002441e-01
1.645055711269378662e-01
1.609722971916198730e-01
1.419614106416702271e-01
1.509364992380142212e-01
1.805728822946548462e-01
1.448434144258499146e-01
1.269718259572982788e-01
2.224492579698562622e-01
1.789094507694244385e-01
2.263817638158798218e-01
1.820504665374755859e-01
1.755040735006332397e-01
1.461074352264404297e-01
2.929416298866271973e-01
2.234281301498413086e-01
1.877591311931610107e-01
1.609689891338348389e-01
1.762688010931015015e-01
1.293567568063735962e-01
1.605580747127532959e-01
1.465519368648529053e-01
2.335638552904129028e-01
1.512528359889984131e-01
2.152532786130905151e-01
2.028525471687316895e-01
1.582211405038833618e-01
1.752561032772064209e-01
1.860453933477401733e-01
2.356025278568267822e-01
1.780699938535690308e-01
1.715009212493896484e-01
1.715097576379776001e-01
1.852919757366180420e-01
1.973218470811843872e-01
1.530169248580932617e-01
1.336402744054794312e-01
2.011917531490325928e-01
1.465401947498321533e-01
1.353516280651092529e-01
1.314850598573684692e-01
1.840238869190216064e-01
2.009214460849761963e-01
1.503159850835800171e-01
2.067441344261169434e-01
1.372283846139907837e-01
1.485847532749176025e-01
1.678560376167297363e-01
2.088406085968017578e-01
1.826063394546508789e-01
1.919582784175872803e-01
1.597206294536590576e-01
1.963226348161697388e-01
1.671439260244369507e-01
2.259402424097061157e-01
1.842384934425354004e-01
1.435188800096511841e-01
1.951153725385665894e-01
3.223875463008880615e-01
2.210902571678161621e-01
1.800614893436431885e-01
1.352046877145767212e-01
1.874212771654129028e-01
2.391309291124343872e-01
1.711632907390594482e-01
1.542026400566101074e-01
1.832708567380905151e-01
1.847998052835464478e-01
1.756527125835418701e-01
1.964930295944213867e-01
2.287418246269226074e-01
2.049394249916076660e-01
1.782134324312210083e-01
2.379501312971115112e-01
1.749983876943588257e-01
2.016736119985580444e-01
1.477748453617095947e-01
1.726499795913696289e-01
2.121692597866058350e-01
1.787865161895751953e-01
1.515050679445266724e-01
1.936599910259246826e-01
1.991033405065536499e-01
2.175005078315734863e-01
1.794742792844772339e-01
2.181337773799896240e-01
1.909560561180114746e-01
1.727833300828933716e-01
1.956225782632827759e-01
1.803456097841262817e-01
1.994315236806869507e-01
1.631123870611190796e-01
1.627877205610275269e-01
1.755746901035308838e-01
1.994126737117767334e-01
1.747489124536514282e-01
1.732633411884307861e-01
1.676407009363174438e-01
1.528828144073486328e-01
2.055540382862091064e-01
1.912656277418136597e-01
1.590696722269058228e-01
1.386334449052810669e-01
2.002090066671371460e-01
1.995627135038375854e-01
2.459956854581832886e-01
1.688781380653381348e-01
2.371396124362945557e-01
2.236655503511428833e-01
2.015080302953720093e-01
1.658807694911956787e-01
1.808214038610458374e-01
1.637063622474670410e-01
1.391229778528213501e-01
1.660247892141342163e-01
1.778976172208786011e-01
1.808013021945953369e-01
1.496095657348632812e-01
1.422386318445205688e-01
1.512822210788726807e-01
1.877800971269607544e-01
2.188070416450500488e-01
1.713152825832366943e-01
1.807706654071807861e-01
1.707909554243087769e-01
1.740382313728332520e-01
1.948020309209823608e-01
1.855498850345611572e-01
1.471168994903564453e-01
2.028436362743377686e-01
1.876581162214279175e-01
1.651848852634429932e-01
2.179049700498580933e-01
1.838410198688507080e-01
1.411147415637969971e-01
1.505373269319534302e-01
1.518138498067855835e-01
1.280497461557388306e-01
1.933319270610809326e-01
1.554230600595474243e-01
2.107789814472198486e-01
1.801516264677047729e-01
1.989451497793197632e-01
1.376958787441253662e-01
1.663271486759185791e-01
2.136424183845520020e-01
1.775775998830795288e-01
1.432542502880096436e-01
2.122409045696258545e-01
1.374592483043670654e-01
1.991553753614425659e-01
1.610243022441864014e-01
2.016185671091079712e-01
1.362804025411605835e-01
1.537930816411972046e-01
1.744876801967620850e-01
1.832323670387268066e-01
1.642110794782638550e-01
1.765793114900588989e-01
1.907436996698379517e-01
1.840792447328567505e-01
1.769165098667144775e-01
1.362927109003067017e-01
1.773398071527481079e-01
2.047119438648223877e-01
1.605190783739089966e-01
1.428905874490737915e-01
1.887640058994293213e-01
1.545886844396591187e-01
1.621254235506057739e-01
2.075440585613250732e-01
1.818227171897888184e-01
2.592045068740844727e-01
1.556112021207809448e-01
1.622965931892395020e-01
1.628697514533996582e-01
1.436705291271209717e-01
1.796073168516159058e-01
2.406670302152633667e-01
1.981043368577957153e-01
1.520787924528121948e-01
1.912337541580200195e-01
1.875640898942947388e-01
1.902740895748138428e-01
2.091872394084930420e-01
2.328658401966094971e-01
1.719788163900375366e-01
1.951861083507537842e-01
2.491613179445266724e-01
1.949243545532226562e-01
1.369987279176712036e-01
1.581972837448120117e-01
1.845677345991134644e-01
1.571683138608932495e-01
1.789556890726089478e-01
2.106947451829910278e-01
1.947394460439682007e-01
2.061620205640792847e-01
2.047953903675079346e-01
1.568960398435592651e-01
1.942174881696701050e-01
1.783068925142288208e-01
1.752655953168869019e-01
1.565082073211669922e-01
2.461659759283065796e-01
2.125052064657211304e-01
2.283365130424499512e-01
2.042521834373474121e-01
1.430359035730361938e-01
1.791801899671554565e-01
1.884902417659759521e-01
1.888830214738845825e-01
1.545367985963821411e-01
2.050826698541641235e-01
1.732399761676788330e-01
2.047142088413238525e-01
1.688535213470458984e-01
1.759844720363616943e-01
2.027419358491897583e-01
1.971759796142578125e-01
1.848343908786773682e-01
1.899454742670059204e-01
1.930995285511016846e-01
1.786937564611434937e-01
1.903906464576721191e-01
2.182985693216323853e-01
2.139620035886764526e-01
1.465870738029479980e-01
1.988064646720886230e-01
