-1.159652173519134521e-01
-1.021417528390884399e-01
1.461786180734634399e-01
-3.178308252245187759e-04
1.511379182338714600e-01
3.289844468235969543e-02
3.781562671065330505e-02
5.817791912704706192e-03
-1.909975707530975342e-01
1.555060446262359619e-01
2.134993858635425568e-02
6.463844329118728638e-02
-6.770625710487365723e-02
7.947083562612533569e-03
-4.002363234758377075e-02
9.655166417360305786e-02
-5.747260451316833496e-01
4.355080053210258484e-02
5.587593093514442444e-02
1.285081952810287476e-01
1.423886269330978394e-01
8.667100220918655396e-02
7.084666192531585693e-02
-6.173308193683624268e-02
1.968806050717830658e-02
2.885087728500366211e-01
8.961469680070877075e-02
8.957288414239883423e-02
-4.695245623588562012e-02
-7.613927125930786133e-02
1.419434547424316406e-01
8.256304264068603516e-02
7.499065995216369629e-02
-7.711928337812423706e-02
1.705439090728759766e-01
4.965386912226676941e-02
-8.700979501008987427e-02
2.256802842020988464e-02
1.023708432912826538e-01
1.445568054914474487e-01
6.186804268509149551e-03
5.797808244824409485e-02
-1.220600232481956482e-01
1.015421226620674133e-01
-3.673516586422920227e-02
-9.532800875604152679e-03
-1.326657533645629883e-01
-4.641533270478248596e-02
-2.388629615306854248e-01
-1.118018329143524170e-01
-6.952065974473953247e-02
2.190942876040935516e-02
-4.610349610447883606e-02
-1.395107507705688477e-01
-5.216699093580245972e-02
1.193343251943588257e-01
-4.678475111722946167e-02
-5.677603185176849365e-02
-2.561941444873809814e-01
7.576007395982742310e-02
-7.469224184751510620e-02
-5.159127339720726013e-02
-2.968521974980831146e-02
-1.841199956834316254e-02
