2.097979420796036720e-03
4.446948296390473843e-04
1.074936008080840111e-03
5.624739569611847401e-04
1.145251910202205181e-03
4.035730380564928055e-04
1.389140263199806213e-03
2.332610078155994415e-03
7.564397528767585754e-04
1.015839516185224056e-03
8.139000274240970612e-04
1.093900878913700581e-03
1.346748904325067997e-03
8.819346548989415169e-04
2.939364931080490351e-04
9.990332182496786118e-04
7.140009547583758831e-04
1.050674123689532280e-03
5.235043936409056187e-04
1.833798945881426334e-03
1.019816030748188496e-03
1.029512961395084858e-03
5.745147354900836945e-04
8.855295600369572639e-04
3.119788132607936859e-03
4.565523995552212000e-04
3.751752665266394615e-04
1.191829680465161800e-03
1.446572714485228062e-03
2.741122152656316757e-04
1.036116387695074081e-03
1.952832331880927086e-03
1.385353156365454197e-03
8.541631978005170822e-04
2.791624516248703003e-03
1.965200761333107948e-03
9.742735419422388077e-04
3.405842871870845556e-04
3.309494641143828630e-04
7.238651160150766373e-04
1.341012306511402130e-03
1.702550449408590794e-03
4.543772956822067499e-04
4.322691238485276699e-04
8.206850616261363029e-04
6.969004753045737743e-04
1.375167979858815670e-03
1.544279744848608971e-03
1.951655023731291294e-03
6.749802269041538239e-04
7.866387022659182549e-04
6.292679463513195515e-04
1.700446126051247120e-03
9.275542688556015491e-04
1.163517008535563946e-03
7.056019967421889305e-04
5.874763592146337032e-04
8.392398594878613949e-04
3.548756649252027273e-04
1.585795427672564983e-03
5.556786782108247280e-04
5.266186781227588654e-04
6.523518823087215424e-04
6.509194499813020229e-04
5.087557947263121605e-04
1.750068040564656258e-03
5.421279347501695156e-04
1.253138994798064232e-03
7.924950914457440376e-04
1.566204242408275604e-03
3.288768930360674858e-04
3.808268229477107525e-04
2.260799083160236478e-04
5.973406368866562843e-04
1.074727042578160763e-03
4.152014735154807568e-04
1.527854474261403084e-03
7.418000022880733013e-04
9.845575550571084023e-04
1.209507929161190987e-03
1.045235083438456059e-03
4.942132509313523769e-04
8.339986670762300491e-04
4.406279767863452435e-04
4.929348942823708057e-04
1.575927948579192162e-03
7.862882921472191811e-04
4.986458225175738335e-04
9.373811190016567707e-04
6.246151751838624477e-04
4.072314768563956022e-04
1.174760167486965656e-03
1.173334778286516666e-03
1.399268861860036850e-03
2.162914170185104012e-04
7.750708027742803097e-04
4.398258752189576626e-04
3.893580287694931030e-04
1.537999720312654972e-03
7.546214619651436806e-04
2.966666943393647671e-04
1.234838040545582771e-03
7.400912581942975521e-04
8.768410189077258110e-04
1.076375599950551987e-03
7.967767887748777866e-04
5.509761977009475231e-04
1.255636336281895638e-03
9.030665969476103783e-04
9.186011739075183868e-04
1.421001506969332695e-03
1.001885510049760342e-03
1.365483272820711136e-03
5.090997437946498394e-04
8.912787307053804398e-04
5.159921711310744286e-04
1.395408413372933865e-03
1.048371545039117336e-03
6.704631377942860126e-04
4.483681113924831152e-04
7.231553900055587292e-04
7.932841544970870018e-04
1.597118913196027279e-03
5.236092256382107735e-04
6.102001061663031578e-04
1.169919734820723534e-03
1.178218051791191101e-03
5.915727233514189720e-04
1.829409739002585411e-04
1.054425374604761600e-03
6.495030247606337070e-04
2.486201410647481680e-04
4.943494568578898907e-04
1.614707987755537033e-03
5.798955098725855350e-04
1.517680124379694462e-03
1.846231636591255665e-03
3.684896219056099653e-04
3.551327681634575129e-04
6.220118957571685314e-04
5.817585042677819729e-04
9.413766092620790005e-04
1.657528569921851158e-03
3.471768286544829607e-04
2.018027153098955750e-04
8.777785697020590305e-04
1.257450552657246590e-03
7.406064650439247998e-11
1.794462325051426888e-03
3.257878124713897705e-04
6.937629659660160542e-04
3.077138098888099194e-04
1.725992537103593349e-03
6.950685638003051281e-04
7.638258975930511951e-04
9.747513686306774616e-04
1.324896467849612236e-03
2.868018113076686859e-03
5.092981155030429363e-04
1.545508624985814095e-03
1.509293098933994770e-03
1.459869090467691422e-03
2.392696333117783070e-04
1.096583437174558640e-03
7.303484017029404640e-04
7.471998687833547592e-04
1.207456458359956741e-03
1.353972707875072956e-03
6.464152247644960880e-04
5.096498061902821064e-04
5.261410842649638653e-04
9.389508632011711597e-04
9.789522737264633179e-04
9.241509833373129368e-04
6.866521434858441353e-04
9.610106353648006916e-04
1.184351625852286816e-03
8.064291905611753464e-04
2.192949032178148627e-04
1.102413982152938843e-03
3.053062246181070805e-04
4.336052516009658575e-04
6.181407952681183815e-04
6.659704959020018578e-04
2.044416498392820358e-03
4.391800030134618282e-04
4.432872228790074587e-04
7.059068884700536728e-04
9.713722392916679382e-04
1.707913121208548546e-03
7.764375186525285244e-04
3.399046836420893669e-03
4.573249316308647394e-04
1.198857789859175682e-03
8.001176756806671619e-04
3.995275183115154505e-04
5.895748035982251167e-04
4.189047613181173801e-04
5.029936437495052814e-04
8.158682612702250481e-04
8.502068812958896160e-04
9.815274970605969429e-04
7.613298948854207993e-04
5.457168444991111755e-04
5.583060556091368198e-04
7.170097087509930134e-04
2.719655458349734545e-04
6.367335445247590542e-04
2.923303050920367241e-03
2.551209414377808571e-03
1.221484271809458733e-03
1.882151584140956402e-03
5.754043231718242168e-04
7.737572304904460907e-04
7.076681358739733696e-04
7.968340651132166386e-04
1.048930920660495758e-03
1.051775645464658737e-03
1.281474484130740166e-03
1.500241574831306934e-03
1.118514337576925755e-03
8.932200726121664047e-04
2.294044010341167450e-03
1.075557200238108635e-03
1.106662326492369175e-03
7.784245535731315613e-04
1.744437846355140209e-03
2.126627834513783455e-03
3.967113443650305271e-04
8.012905018404126167e-04
9.813122451305389404e-04
1.001233817078173161e-03
9.265131084248423576e-04
1.235757139511406422e-03
6.883487803861498833e-04
4.120656521990895271e-04
1.634072279557585716e-03
4.717895644716918468e-04
3.459860570728778839e-03
1.099043758586049080e-03
5.673483246937394142e-04
1.015244401060044765e-03
1.182825188152492046e-03
6.131021073088049889e-04
1.490903785452246666e-03
1.763288397341966629e-03
6.748553132638335228e-04
4.930565482936799526e-04
1.495859032729640603e-04
6.706802523694932461e-04
1.434006378985941410e-03
8.555110543966293335e-04
8.199968724511563778e-04
6.772345514036715031e-04
7.714010425843298435e-04
6.193939479999244213e-04
3.209037240594625473e-04
9.468047064729034901e-04
5.452082259580492973e-04
2.045491943135857582e-03
7.962379022501409054e-04
6.846156902611255646e-04
7.994793704710900784e-04
1.020590309053659439e-03
1.146559254266321659e-03
7.136317435652017593e-04
5.180804291740059853e-04
1.085719559341669083e-03
8.563589653931558132e-04
6.231952575035393238e-04
1.542083686217665672e-03
7.107694982551038265e-04
7.897430332377552986e-04
2.240591449663043022e-03
1.024087890982627869e-03
6.749505409970879555e-04
3.334433422423899174e-04
6.628821138292551041e-04
6.243938114494085312e-04
6.274399929679930210e-04
1.325855380855500698e-03
3.462395688984543085e-04
4.514366446528583765e-04
2.126403996953740716e-04
6.351725896820425987e-04
1.577533315867185593e-03
1.442250795662403107e-03
9.784653084352612495e-04
6.633161683566868305e-04
3.221360093448311090e-04
1.478083198890089989e-03
1.894273911602795124e-03
5.840240046381950378e-04
1.299375784583389759e-03
1.395262544974684715e-03
7.198175881057977676e-04
2.016324317082762718e-03
5.416441708803176880e-04
4.272817459423094988e-04
1.513099297881126404e-03
8.570756181143224239e-04
3.657763591036200523e-04
3.303711418993771076e-04
6.581829511560499668e-04
7.189887110143899918e-04
1.486623659729957581e-03
1.562992692925035954e-03
8.575230604037642479e-04
4.769886378198862076e-03
1.063103671185672283e-03
7.502963417209684849e-04
1.051083556376397610e-03
6.628506816923618317e-04
2.170375082641839981e-03
5.487158196046948433e-04
6.455114344134926796e-04
1.468742964789271355e-03
1.069766702130436897e-03
1.137719838880002499e-03
9.344532736577093601e-04
1.093139057047665119e-03
1.938175875693559647e-03
1.577479764819145203e-03
1.934869505930691957e-04
2.056647790595889091e-03
7.082431693561375141e-04
1.150798168964684010e-03
5.217152065597474575e-04
1.102358684875071049e-03
1.958608161658048630e-03
4.397208977025002241e-04
3.362366405781358480e-04
5.273960414342582226e-04
3.463667235337197781e-04
4.666437162086367607e-04
1.653408049605786800e-03
1.533844275400042534e-03
1.224685809575021267e-03
1.151922391727566719e-03
9.112683474086225033e-04
1.407127710990607738e-03
8.078112150542438030e-04
2.074787858873605728e-03
1.560625270940363407e-03
7.067293045111000538e-04
1.701478613540530205e-03
9.973662672564387321e-04
3.633656015153974295e-04
6.111639086157083511e-04
1.370332087390124798e-03
1.306065125390887260e-03
2.261607442051172256e-03
6.608992116525769234e-04
8.494114736095070839e-04
3.575071692466735840e-03
1.007163431495428085e-03
1.484003150835633278e-03
6.187161779962480068e-04
8.114246884360909462e-04
2.920689294114708900e-04
2.749470993876457214e-03
2.995704999193549156e-04
4.882759531028568745e-04
5.383298266679048538e-04
8.753825095482170582e-04
9.517625439912080765e-04
6.998139433562755585e-04
3.406561445444822311e-03
5.810487782582640648e-04
3.234696050640195608e-04
8.342397050000727177e-04
7.466005627065896988e-04
1.141456421464681625e-03
1.129826414398849010e-03
6.915095727890729904e-04
6.815601955167949200e-04
1.425088732503354549e-03
1.355109270662069321e-03
3.728207957465201616e-04
1.505614374764263630e-03
5.460726679302752018e-04
1.208062865771353245e-03
1.120573142543435097e-03
8.091322379186749458e-04
5.932403146289288998e-04
5.284383660182356834e-04
9.989649988710880280e-04
1.241208403371274471e-03
5.548642366193234921e-04
1.150679541751742363e-03
5.128243356011807919e-04
1.341336057521402836e-03
1.985263545066118240e-03
1.237424905411899090e-03
1.522554550319910049e-03
3.393118968233466148e-04
4.110439331270754337e-04
7.270417991094291210e-04
9.999562753364443779e-04
3.773429489228874445e-04
7.301598088815808296e-04
2.699169330298900604e-03
1.034743036143481731e-03
4.012002027593553066e-04
8.196795242838561535e-04
1.252449350431561470e-03
6.711012683808803558e-04
9.693223400972783566e-04
2.626768546178936958e-04
4.347922804299741983e-04
1.845139893703162670e-03
2.619926235638558865e-04
5.760118947364389896e-04
1.996451523154973984e-03
3.935851855203509331e-04
8.391193696297705173e-04
6.615498568862676620e-04
1.412131707184016705e-03
7.150398450903594494e-04
5.483349668793380260e-04
4.708281485363841057e-04
8.204632904380559921e-04
9.012414957396686077e-04
6.230896688066422939e-04
3.607964317779988050e-04
1.107087126001715660e-03
8.550407947041094303e-04
1.516307936981320381e-03
1.000804244540631771e-03
1.336143701337277889e-03
1.429922529496252537e-03
6.043132161721587181e-04
7.779959705658257008e-04
5.972617072984576225e-04
6.108424277044832706e-04
4.003531939815729856e-04
4.143492842558771372e-04
2.701769350096583366e-03
1.278047333471477032e-03
4.842570633627474308e-04
6.891525117680430412e-04
1.296073780395090580e-03
1.251220586709678173e-03
1.793785020709037781e-03
7.908851839601993561e-04
3.968028468079864979e-04
4.710477951448410749e-04
3.706671413965523243e-04
3.063460462726652622e-04
5.586004117503762245e-04
4.214954969938844442e-04
1.127591356635093689e-03
5.054569919593632221e-04
1.521885045804083347e-03
1.176830148324370384e-03
1.348326797597110271e-03
1.027097227051854134e-03
8.639294537715613842e-04
2.569222822785377502e-03
1.069559366442263126e-03
5.467143491841852665e-04
1.577800721861422062e-03
9.250764269381761551e-04
1.309698214754462242e-03
1.003253506496548653e-03
1.905607990920543671e-03
6.337899249047040939e-04
2.942271239589899778e-04
4.619090177584439516e-04
1.498353900387883186e-03
1.275469432584941387e-03
2.134533599019050598e-03
1.089313882403075695e-03
5.737605970352888107e-04
2.911574847530573606e-04
2.972971124108880758e-04
1.229977235198020935e-03
5.212365649640560150e-04
5.303309299051761627e-04
1.198971760459244251e-03
6.451572407968342304e-04
2.131970599293708801e-03
8.495223009958863258e-04
2.724661957472562790e-03
7.012094720266759396e-04
9.453273378312587738e-04
5.064939614385366440e-04
1.529812347143888474e-03
5.137838888913393021e-04
1.296262489631772041e-03
6.931594689376652241e-04
1.074409228749573231e-03
6.042174645699560642e-04
4.306585178710520267e-04
2.860542444977909327e-04
5.601765005849301815e-04
6.729280576109886169e-04
7.613810594193637371e-04
5.903856363147497177e-04
9.535709396004676819e-04
5.475110374391078949e-04
6.669647991657257080e-04
4.488587728701531887e-04
6.284047849476337433e-04
1.475104596465826035e-03
5.895851645618677139e-04
6.061070133000612259e-03
1.379449036903679371e-03
1.116810948587954044e-03
2.947391185443848372e-04
2.997421252075582743e-04
6.918611470609903336e-04
2.070999937132000923e-03
5.975636304356157780e-04
3.015145775862038136e-04
1.608507591299712658e-03
5.542049766518175602e-04
1.611620187759399414e-03
9.688687277957797050e-04
1.099058776162564754e-03
2.187240635976195335e-03
2.716832677833735943e-04
8.223524200730025768e-04
8.748174877837300301e-04
7.706550532020628452e-04
6.539722671732306480e-04
7.722123409621417522e-04
8.081200066953897476e-04
9.683365933597087860e-04
1.098859589546918869e-03
6.087686633691191673e-04
1.134087098762392998e-03
7.500541978515684605e-04
6.484084296971559525e-04
8.543681469745934010e-04
1.179890474304556847e-03
7.359423325397074223e-04
1.221297774463891983e-03
7.412029663100838661e-04
9.934278205037117004e-04
2.793888095766305923e-03
4.416285664774477482e-04
1.512565882876515388e-03
1.968502998352050781e-03
4.769325896631926298e-04
1.125681796111166477e-03
5.564523744396865368e-04
1.965579343959689140e-03
9.710143785923719406e-04
1.079035922884941101e-03
5.017558578401803970e-04
9.357525850646197796e-04
1.337093184702098370e-03
7.557696080766618252e-04
9.333816706202924252e-04
5.308270920068025589e-04
2.919913968071341515e-04
5.127002950757741928e-04
9.161053458228707314e-04
8.967329049482941628e-04
7.276986143551766872e-04
9.814596269279718399e-04
1.893335022032260895e-03
6.547451484948396683e-04
5.519979749806225300e-04
1.738945138640701771e-03
7.296798285096883774e-04
6.980933248996734619e-04
7.751854718662798405e-04
4.184421850368380547e-04
1.069298130460083485e-03
9.428471676073968410e-04
3.693681210279464722e-04
1.175206853076815605e-03
5.827170098200440407e-04
1.508981222286820412e-03
1.017256407067179680e-03
9.998308960348367691e-04
3.214901953469961882e-04
1.673961058259010315e-03
7.067419937811791897e-04
2.296016551554203033e-03
1.711677876301109791e-03
1.158105558715760708e-03
1.145833288319408894e-03
5.076766829006373882e-04
1.188112189993262291e-03
6.483600009232759476e-04
5.095222149975597858e-04
5.766382091678678989e-04
2.385772968409582973e-04
2.049053437076508999e-04
5.614258698187768459e-04
4.429068940225988626e-04
8.548846817575395107e-04
6.874183309264481068e-04
3.319924289826303720e-04
7.832762785255908966e-04
9.372842614538967609e-04
8.056102087721228600e-04
9.442738373763859272e-04
2.142027078662067652e-04
2.890059549827128649e-04
2.039369661360979080e-03
7.050230051390826702e-04
6.887512281537055969e-04
2.117593248840421438e-04
1.551988301798701286e-03
4.340213490650057793e-04
1.263137906789779663e-03
5.943374126218259335e-04
9.260256774723529816e-04
5.341176292859017849e-04
2.907758811488747597e-03
6.010658107697963715e-04
3.414368547964841127e-04
1.136404229328036308e-03
4.915434983558952808e-04
1.206749002449214458e-03
7.224918226711452007e-04
5.368153215385973454e-04
8.723891805857419968e-04
1.192850293591618538e-03
1.238302211277186871e-03
6.168960826471447945e-04
9.717776556499302387e-04
3.571845300029963255e-04
5.270621040835976601e-04
1.605776953510940075e-03
5.700146430172026157e-04
8.888653828762471676e-04
1.411055680364370346e-03
6.749721360392868519e-04
8.689186070114374161e-04
4.674952360801398754e-04
4.732583765871822834e-04
1.243949634954333305e-03
9.415262029506266117e-04
9.958220180124044418e-04
1.607802812941372395e-03
7.810636889189481735e-04
1.553345005959272385e-03
1.582656055688858032e-03
1.865754136815667152e-03
7.564266561530530453e-04
7.135894265957176685e-04
1.422540866769850254e-03
7.531770970672369003e-04
1.133670448325574398e-03
8.535155793651938438e-04
6.113811978138983250e-04
6.948976079002022743e-04
9.284708648920059204e-04
1.317980466410517693e-03
6.842295988462865353e-04
7.943271193653345108e-04
1.158311206381767988e-04
1.494445605203509331e-04
2.057057805359363556e-03
4.314307298045605421e-04
9.338987874798476696e-04
2.727977698668837547e-04
3.118907916359603405e-04
8.952807984314858913e-04
6.576697342097759247e-04
5.853703478351235390e-04
1.335151144303381443e-03
3.631625440903007984e-04
5.314912996254861355e-04
8.086566231213510036e-04
6.696163327433168888e-04
9.197249310091137886e-04
3.308942774310708046e-03
3.556315787136554718e-04
2.201406052336096764e-03
1.109050353989005089e-03
1.000176998786628246e-03
1.379423774778842926e-03
1.197115168906748295e-03
9.484098991379141808e-04
5.529173649847507477e-04
1.522923586890101433e-03
3.832844959106296301e-04
2.568553900346159935e-04
6.053835386410355568e-04
5.365678807720541954e-04
5.378182395361363888e-04
1.629342557862401009e-03
1.948664721567183733e-04
1.161954831331968307e-03
1.077608088962733746e-03
7.565128616988658905e-04
1.180988037958741188e-03
5.675211432389914989e-04
1.657831016927957535e-03
8.048625895753502846e-04
1.644874573685228825e-04
7.620016695000231266e-04
5.974846426397562027e-04
2.525520045310258865e-03
6.225503166206181049e-04
8.485610596835613251e-04
5.136993713676929474e-04
2.399837365373969078e-03
1.609475351870059967e-03
5.201037856750190258e-04
6.115310825407505035e-04
6.145901861600577831e-04
6.639171624556183815e-04
5.407584831118583679e-04
1.740353996865451336e-03
7.372478139586746693e-04
4.657789831981062889e-04
1.037045381963253021e-03
1.771473558619618416e-03
1.601800904609262943e-03
4.080325597897171974e-04
6.655948236584663391e-04
6.863165763206779957e-04
5.668230005539953709e-04
1.662393333390355110e-03
1.058230060152709484e-03
2.665443113073706627e-03
1.091082463972270489e-03
4.150388995185494423e-04
6.375213852152228355e-04
8.403292740695178509e-04
2.448380691930651665e-04
5.793074378743767738e-04
9.205819224007427692e-04
1.621903618797659874e-03
4.346743808127939701e-04
4.795721615664660931e-04
1.260841381736099720e-03
4.274614038877189159e-04
1.018026378005743027e-03
7.939537754282355309e-04
8.676283177919685841e-04
9.738389053381979465e-04
1.364125288091599941e-03
1.622535870410501957e-03
4.530188743956387043e-04
8.487055310979485512e-04
1.658089691773056984e-03
3.695541236083954573e-04
3.505036584101617336e-04
1.519770245067775249e-03
3.871009685099124908e-04
1.140427310019731522e-03
2.139142306987196207e-04
3.418885404244065285e-03
8.032814366742968559e-04
6.300315726548433304e-04
5.107498727738857269e-04
1.505151391029357910e-03
3.661242779344320297e-03
8.022114634513854980e-04
8.138192933984100819e-04
1.539712073281407356e-03
2.539116248954087496e-04
4.461225762497633696e-04
8.629808435216546059e-04
8.525098673999309540e-04
1.132759614847600460e-03
1.001562457531690598e-03
7.233181968331336975e-04
5.624470068141818047e-04
1.547795371152460575e-03
2.179478527978062630e-03
5.202919128350913525e-04
5.693112034350633621e-04
7.383965421468019485e-04
3.672594611998647451e-04
5.565851461142301559e-04
1.244320068508386612e-03
1.596288173459470272e-03
5.050594336353242397e-04
2.374635078012943268e-03
7.145651616156101227e-04
9.683557436801493168e-04
6.084893248043954372e-04
1.691845594905316830e-03
6.064583430998027325e-04
4.961733939126133919e-04
4.954444593749940395e-04
1.015667454339563847e-03
6.710929446853697300e-04
2.540310379117727280e-04
7.662181160412728786e-04
1.788852619938552380e-03
5.627910722978413105e-04
7.847380475141108036e-04
1.235291594639420509e-03
5.987230106256902218e-04
1.001532538793981075e-03
1.586539205163717270e-03
1.227875007316470146e-03
7.932291482575237751e-04
7.459458429366350174e-04
7.898014737293124199e-04
5.334747256711125374e-04
1.045754994265735149e-03
6.914688856340944767e-04
2.853715268429368734e-04
1.471306430175900459e-03
9.921633172780275345e-04
4.588681622408330441e-04
8.197426213882863522e-04
1.066123484633862972e-03
1.519021461717784405e-03
5.289303953759372234e-04
7.269300404004752636e-04
3.947303048335015774e-04
7.424227660521864891e-04
1.524563762359321117e-03
1.191152725368738174e-03
7.761398446746170521e-04
9.412923827767372131e-04
6.552301347255706787e-04
6.280549569055438042e-04
1.590814907103776932e-03
2.012589480727910995e-03
1.326694153249263763e-03
1.175599987618625164e-03
2.848691365215927362e-04
2.359795907977968454e-04
3.751116455532610416e-04
5.390004953369498253e-04
1.131021301262080669e-03
9.237655904144048691e-04
6.801787531003355980e-04
8.675220888108015060e-04
3.468852664809674025e-04
1.599036972038447857e-03
2.473870117682963610e-04
5.418770015239715576e-04
5.696323351003229618e-04
6.470475927926599979e-04
5.191231612116098404e-04
2.669806592166423798e-03
1.689943368546664715e-03
4.488352860789746046e-04
1.122537651099264622e-03
3.087978577241301537e-03
6.207413389347493649e-04
1.058010035194456577e-03
1.417631283402442932e-03
6.342872511595487595e-04
6.278323126025497913e-04
6.300068926066160202e-04
1.164937042631208897e-03
1.213022158481180668e-03
1.070277998223900795e-03
1.520775025710463524e-03
1.189716276712715626e-03
4.124559345655143261e-04
1.996832579607143998e-04
4.805919306818395853e-04
1.665593590587377548e-03
1.318946480751037598e-03
5.080869304947555065e-04
1.343832351267337799e-03
8.664766792207956314e-04
2.966266183648258448e-04
4.059860366396605968e-04
5.009157466702163219e-04
2.296453341841697693e-03
1.149254152551293373e-03
7.053136359900236130e-04
8.868090226314961910e-04
2.507362223695963621e-04
1.321559248026460409e-04
2.929053734987974167e-04
8.358603226952254772e-04
8.064312278293073177e-04
4.140860110055655241e-04
5.016035283915698528e-04
7.294415263459086418e-04
1.119631459005177021e-03
1.069680904038250446e-03
8.218492730520665646e-04
2.797076303977519274e-04
2.278387779369950294e-03
9.054856491275131702e-04
3.252447932027280331e-04
6.358541431836783886e-04
4.665251180995255709e-04
1.346355886198580265e-03
1.296367845498025417e-03
2.781792427413165569e-04
1.688667922280728817e-03
8.887521107681095600e-04
2.617322839796543121e-03
1.922736526466906071e-03
3.505764761939644814e-04
1.274644280783832073e-03
5.547801265493035316e-04
1.001425785943865776e-03
7.720899302512407303e-04
7.623594719916582108e-04
1.183687592856585979e-03
1.437476486898958683e-03
4.049704002682119608e-04
4.497629124671220779e-04
7.733404636383056641e-04
5.611699889414012432e-04
8.450858294963836670e-04
1.723397988826036453e-03
1.224189181812107563e-03
6.634877645410597324e-04
1.426865812391042709e-03
1.545803854241967201e-03
5.395726184360682964e-04
2.286014845594763756e-03
8.547623874619603157e-04
1.116900006309151649e-03
3.001392760779708624e-04
8.358437335118651390e-04
4.630465118680149317e-04
9.627832914702594280e-04
5.206884234212338924e-04
1.082171569578349590e-03
3.662807284854352474e-04
1.772825053194537759e-04
8.988024201244115829e-04
6.563211791217327118e-04
1.909664599224925041e-03
3.989446558989584446e-04
7.311970693990588188e-04
2.550264587625861168e-03
3.559824312105774879e-03
1.835201052017509937e-03
1.642222166992723942e-03
8.731959387660026550e-04
3.937266592402011156e-04
1.152323908172547817e-03
1.705488655716180801e-03
8.455489878542721272e-04
1.229400862939655781e-03
1.737280515953898430e-03
9.452449739910662174e-04
8.108368492685258389e-04
8.835678454488515854e-04
1.211414462886750698e-03
8.058753446675837040e-04
1.266778446733951569e-03
8.932393975555896759e-04
3.902973257936537266e-04
8.391904411837458611e-04
5.824773106724023819e-04
5.990128265693783760e-04
4.628143506124615669e-04
7.104574469849467278e-04
5.713651189580559731e-04
9.617142495699226856e-04
7.638429524376988411e-04
1.044900505803525448e-03
6.037119892425835133e-04
8.242680924013257027e-04
1.180768711492419243e-03
1.190298702567815781e-03
8.548648911528289318e-04
3.917861613444983959e-04
5.556067335419356823e-04
2.136046765372157097e-03
1.024746685288846493e-03
3.485498891677707434e-04
1.162111177109181881e-03
1.503999927081167698e-03
3.745815018191933632e-03
1.905235345475375652e-03
9.822724387049674988e-04
1.101336791180074215e-03
6.247964920476078987e-04
1.303501776419579983e-03
1.108697964809834957e-03
4.425837250892072916e-04
5.101998103782534599e-04
2.291458891704678535e-03
1.256557181477546692e-03
1.691563520580530167e-04
5.333347944542765617e-04
2.631025388836860657e-03
1.853024936281144619e-03
4.823124327231198549e-04
1.329235266894102097e-03
3.946946817450225353e-04
1.021000905893743038e-03
5.004217382520437241e-04
9.116759756579995155e-04
3.560282930266112089e-04
5.316489259712398052e-04
4.426186496857553720e-04
9.630645508877933025e-04
5.147942574694752693e-04
9.063418256118893623e-04
1.762132742442190647e-03
1.672434969805181026e-03
8.723272476345300674e-04
1.291359891183674335e-03
3.161462955176830292e-04
1.385159441269934177e-03
9.965233039110898972e-04
1.788768684491515160e-03
6.158109172247350216e-04
8.786335820332169533e-04
1.033082837238907814e-03
7.083099335432052612e-04
1.002619857899844646e-03
1.072397455573081970e-03
2.216274151578545570e-03
8.039462845772504807e-04
8.380457875318825245e-04
1.610329607501626015e-03
1.034479471854865551e-03
7.097813067957758904e-04
1.332759857177734375e-03
4.446398233994841576e-04
7.225675508379936218e-04
6.310240714810788631e-04
6.373188225552439690e-04
8.895641076378524303e-04
5.988256889395415783e-04
4.141096433158963919e-04
