3.404027223587036133e-02
1.023056358098983765e-02
1.182764023542404175e-02
1.157348696142435074e-02
9.719439782202243805e-03
1.079394202679395676e-02
1.373307500034570694e-02
1.165931951254606247e-02
1.125902589410543442e-02
1.116929948329925537e-02
1.038147881627082825e-02
1.148899085819721222e-02
1.006583496928215027e-02
1.234429981559514999e-02
1.112379785627126694e-02
1.427982281893491745e-02
1.136857084929943085e-02
1.249902695417404175e-02
9.874117560684680939e-03
1.275945175439119339e-02
1.041031535714864731e-02
1.302633900195360184e-02
1.232724264264106750e-02
1.243833638727664948e-02
1.113308127969503403e-02
1.113432273268699646e-02
1.461270824074745178e-02
1.826076023280620575e-02
1.064283121377229691e-02
1.149193476885557175e-02
1.301006320863962173e-02
1.017706189304590225e-02
1.166804879903793335e-02
1.065028272569179535e-02
1.012534834444522858e-02
1.248768530786037445e-02
1.038328744471073151e-02
1.172301545739173889e-02
1.215678732842206955e-02
1.104178745299577713e-02
1.229054108262062073e-02
1.410256046801805496e-02
1.405642554163932800e-02
1.424529310315847397e-02
1.558466535061597824e-02
1.245914120227098465e-02
1.478776428848505020e-02
1.320628914982080460e-02
1.387469656765460968e-02
1.193346083164215088e-02
1.146860234439373016e-02
1.193147432059049606e-02
3.755428642034530640e-02
1.090799085795879364e-02
1.172623410820960999e-02
1.025979686528444290e-02
1.186442002654075623e-02
1.234921533614397049e-02
1.037051994353532791e-02
8.198334835469722748e-03
1.286381762474775314e-02
1.404961198568344116e-02
1.061861030757427216e-02
1.603096723556518555e-02
1.109201367944478989e-02
1.141156442463397980e-02
1.483580656349658966e-02
8.689128793776035309e-03
1.187225244939327240e-02
1.286215055733919144e-02
1.287789735943078995e-02
1.196077372878789902e-02
1.052090991288423538e-02
1.021889783442020416e-02
1.136044226586818695e-02
9.761027991771697998e-03
1.047615054994821548e-02
1.283660903573036194e-02
1.084148231893777847e-02
1.380201056599617004e-02
1.230415794998407364e-02
1.409460976719856262e-02
1.060273032635450363e-02
1.004255190491676331e-02
2.086619846522808075e-02
1.409965101629495621e-02
9.973581880331039429e-03
1.336622703820466995e-02
1.086619868874549866e-02
1.107208430767059326e-02
1.160149928182363510e-02
1.408800296485424042e-02
1.098269689828157425e-02
1.308198645710945129e-02
1.050277799367904663e-02
1.091866288334131241e-02
1.062711235135793686e-02
1.365097332745790482e-02
9.974915534257888794e-03
1.146684028208255768e-02
1.165366172790527344e-02
1.725206337869167328e-02
1.048706099390983582e-02
1.330142747610807419e-02
1.081509422510862350e-02
1.276179775595664978e-02
1.060858275741338730e-02
1.107839867472648621e-02
1.081607956439256668e-02
1.250062324106693268e-02
1.487191114574670792e-02
1.132184918969869614e-02
1.969832181930541992e-02
1.242673769593238831e-02
1.262031123042106628e-02
1.458280161023139954e-02
1.144357211887836456e-02
1.656148582696914673e-02
1.279731281101703644e-02
1.191314868628978729e-02
1.124630309641361237e-02
1.194333191961050034e-02
1.187805924564599991e-02
1.316160894930362701e-02
1.279893983155488968e-02
1.026168372482061386e-02
9.765733964741230011e-03
1.220082677900791168e-02
1.322352048009634018e-02
1.072214078158140182e-02
1.072062738239765167e-02
1.030463911592960358e-02
1.305189169943332672e-02
1.240792684257030487e-02
1.195208169519901276e-02
4.406383261084556580e-02
1.192903704941272736e-02
1.393920183181762695e-02
1.530271116644144058e-02
1.388630177825689316e-02
1.063351891934871674e-02
1.075367722660303116e-02
1.240009628236293793e-02
1.228199433535337448e-02
1.123516727238893509e-02
1.524317357689142227e-02
1.121878158301115036e-02
1.891756802797317505e-02
1.230581197887659073e-02
1.509735826402902603e-02
1.062582898885011673e-02
2.749089896678924561e-02
9.920177049934864044e-03
1.113637909293174744e-02
1.315542310476303101e-02
1.175863482058048248e-02
1.167890522629022598e-02
1.372655760496854782e-02
1.170302461832761765e-02
9.973424486815929413e-03
1.040308270603418350e-02
1.079117134213447571e-02
1.316103525459766388e-02
1.154357474297285080e-02
1.188872568309307098e-02
1.292445510625839233e-02
1.260936819016933441e-02
1.089505571871995926e-02
1.602019369602203369e-02
1.264170836657285690e-02
1.013000030070543289e-02
1.436696201562881470e-02
1.153609994798898697e-02
1.302377413958311081e-02
1.964681968092918396e-02
1.335661858320236206e-02
1.157615520060062408e-02
1.084555312991142273e-02
1.004262734204530716e-02
1.349581032991409302e-02
1.217264775186777115e-02
1.454246602952480316e-02
1.013676356524229050e-02
1.348316855728626251e-02
1.108055002987384796e-02
1.198798511177301407e-02
1.028816495090723038e-02
1.140170264989137650e-02
1.276330556720495224e-02
1.319453865289688110e-02
1.193847786635160446e-02
1.348388195037841797e-02
1.196615863591432571e-02
1.284980028867721558e-02
1.490030903369188309e-02
1.261400524526834488e-02
1.447848509997129440e-02
1.108598802238702774e-02
1.060450915247201920e-02
1.240054052323102951e-02
1.368384994566440582e-02
1.046702172607183456e-02
1.155755668878555298e-02
1.033280324190855026e-02
1.021325867623090744e-02
1.178361754864454269e-02
1.251613069325685501e-02
9.964532218873500824e-03
1.462624967098236084e-02
9.958969429135322571e-03
9.731689468026161194e-03
1.068839896470308304e-02
1.804873719811439514e-02
9.451821446418762207e-03
1.402687933295965195e-02
1.327799912542104721e-02
1.432259287685155869e-02
1.787426881492137909e-02
1.228054147213697433e-02
1.049767713993787766e-02
1.260256767272949219e-02
1.058605220168828964e-02
1.167035941034555435e-02
1.246568094938993454e-02
9.457940235733985901e-03
1.024724077433347702e-02
1.393924467265605927e-02
9.147890843451023102e-03
1.233452279120683670e-02
1.089962851256132126e-02
1.674537174403667450e-02
1.116150990128517151e-02
1.429512817412614822e-02
1.547500491142272949e-02
1.462491787970066071e-02
1.042486168444156647e-02
1.881226710975170135e-02
9.258615784347057343e-03
1.156184263527393341e-02
1.185957808047533035e-02
1.100119296461343765e-02
1.324941962957382202e-02
9.989185258746147156e-03
1.171442214399576187e-02
1.055958773940801620e-02
1.132510136812925339e-02
1.023207977414131165e-02
1.475519128143787384e-02
1.264386344701051712e-02
1.034269202500581741e-02
1.820131018757820129e-02
1.658478565514087677e-02
1.321220863610506058e-02
1.249710191041231155e-02
1.225944422185420990e-02
1.103326585143804550e-02
1.150236092507839203e-02
1.266954839229583740e-02
1.435930933803319931e-02
1.404470112174749374e-02
1.235902030020952225e-02
9.586257860064506531e-03
9.713001549243927002e-03
1.065478287637233734e-02
1.382558606564998627e-02
1.042608078569173813e-02
1.676815561950206757e-02
1.445727702230215073e-02
1.135524082928895950e-02
1.263021770864725113e-02
1.618821546435356140e-02
2.030739001929759979e-02
1.254809182137250900e-02
1.371065061539411545e-02
1.214632391929626465e-02
1.266849040985107422e-02
1.036208029836416245e-02
1.059579756110906601e-02
1.109771151095628738e-02
1.540569029748439789e-02
1.215500384569168091e-02
1.043568644672632217e-02
9.212718345224857330e-03
1.094888709485530853e-02
1.234099920839071274e-02
1.017917040735483170e-02
1.153611578047275543e-02
1.300880033522844315e-02
1.507182419300079346e-02
1.135942712426185608e-02
9.408873505890369415e-03
2.395730093121528625e-02
1.055369898676872253e-02
9.500907734036445618e-03
9.693634696304798126e-03
1.558780204504728317e-02
1.178905740380287170e-02
1.184534560889005661e-02
1.121278386563062668e-02
1.118134520947933197e-02
1.331466902047395706e-02
1.008514314889907837e-02
1.180454250425100327e-02
1.543633081018924713e-02
1.257397979497909546e-02
1.270409766584634781e-02
1.665847562253475189e-02
1.363935507833957672e-02
1.199988927692174911e-02
1.092671230435371399e-02
1.204519066959619522e-02
1.209004409611225128e-02
1.300871372222900391e-02
1.197938341647386551e-02
1.104440167546272278e-02
1.832537166774272919e-02
1.263796817511320114e-02
1.038784813135862350e-02
1.106253080070018768e-02
1.115475594997406006e-02
1.608349569141864777e-02
1.028118655085563660e-02
1.081557851284742355e-02
1.343889161944389343e-02
1.407427713274955750e-02
1.195602584630250931e-02
1.063286606222391129e-02
1.140346843749284744e-02
1.085012778639793396e-02
9.691558778285980225e-03
1.284225936979055405e-02
1.107585802674293518e-02
1.506307814270257950e-02
1.124400272965431213e-02
1.177891343832015991e-02
1.411846093833446503e-02
1.248500682413578033e-02
1.131182443350553513e-02
1.518151070922613144e-02
1.461684796959161758e-02
1.355589739978313446e-02
2.387998066842556000e-02
1.480760332196950912e-02
1.244057621806859970e-02
2.034673653542995453e-02
1.382990740239620209e-02
1.142659690231084824e-02
1.272094622254371643e-02
1.348000485450029373e-02
1.013835147023200989e-02
1.031268667429685593e-02
1.127409096807241440e-02
1.132125686854124069e-02
1.445340923964977264e-02
1.111311186105012894e-02
1.253262255340814590e-02
1.132882572710514069e-02
1.350284554064273834e-02
1.586030051112174988e-02
1.632460393011569977e-02
9.783600457012653351e-03
1.279837545007467270e-02
1.109714806079864502e-02
1.673261076211929321e-02
1.769909262657165527e-02
1.217271853238344193e-02
1.271778251975774765e-02
1.166411396116018295e-02
1.226151641458272934e-02
1.549760065972805023e-02
1.158314198255538940e-02
1.765353232622146606e-02
1.169426366686820984e-02
1.107015553861856461e-02
1.066856831312179565e-02
1.044971961528062820e-02
1.166641153395175934e-02
1.663926057517528534e-02
1.157600991427898407e-02
1.294323988258838654e-02
9.795168414711952209e-03
9.619517251849174500e-03
1.478874962776899338e-02
1.168007124215364456e-02
1.161460764706134796e-02
1.522845681756734848e-02
9.878947399556636810e-03
1.211020816117525101e-02
1.244106329977512360e-02
1.238438580185174942e-02
1.127542741596698761e-02
1.132964529097080231e-02
1.566655375063419342e-02
1.309046149253845215e-02
1.167178899049758911e-02
1.054998114705085754e-02
1.197751984000205994e-02
1.164045650511980057e-02
4.884493723511695862e-02
1.063105184584856033e-02
1.285606529563665390e-02
1.058238931000232697e-02
1.491338573396205902e-02
1.364273577928543091e-02
1.339736953377723694e-02
1.074241753667593002e-02
1.282321568578481674e-02
2.013932541012763977e-02
1.062631048262119293e-02
1.001170743256807327e-02
1.518071070313453674e-02
1.386808883398771286e-02
1.161365397274494171e-02
1.256369426846504211e-02
1.372604817152023315e-02
1.269485522061586380e-02
1.179226487874984741e-02
1.453380193561315536e-02
1.306142657995223999e-02
1.058689318597316742e-02
9.425337426364421844e-03
1.357561908662319183e-02
1.241952832788228989e-02
1.303064450621604919e-02
1.261187158524990082e-02
1.164438482373952866e-02
1.245888415724039078e-02
1.546046324074268341e-02
1.309308782219886780e-02
1.257017906755208969e-02
1.407033018767833710e-02
1.410284079611301422e-02
1.539919339120388031e-02
1.307999063283205032e-02
1.001217775046825409e-02
9.951839223504066467e-03
1.380668487399816513e-02
9.919069707393646240e-03
1.488885004073381424e-02
9.434189647436141968e-03
1.023849658668041229e-02
1.260724663734436035e-02
1.163627021014690399e-02
1.086043566465377808e-02
1.327055227011442184e-02
1.197290979325771332e-02
1.334363408386707306e-02
1.779687963426113129e-02
8.987487293779850006e-03
1.188997831195592880e-02
1.356068253517150879e-02
1.221510767936706543e-02
1.121171377599239349e-02
1.017995737493038177e-02
1.062937267124652863e-02
1.022460963577032089e-02
1.464394107460975647e-02
1.033545378595590591e-02
1.012991368770599365e-02
1.122459769248962402e-02
1.313956920057535172e-02
9.426986798644065857e-03
1.349567156285047531e-02
1.327470503747463226e-02
1.213341951370239258e-02
1.234996318817138672e-02
1.117032021284103394e-02
1.265564933419227600e-02
1.159529574215412140e-02
2.953124977648258209e-02
9.853010065853595734e-03
1.369886286556720734e-02
1.104620285332202911e-02
1.048254594206809998e-02
1.629114709794521332e-02
1.226876676082611084e-02
1.466601900756359100e-02
1.057196315377950668e-02
1.052600424736738205e-02
1.239124499261379242e-02
1.131181139498949051e-02
1.095271669328212738e-02
1.199612300843000412e-02
1.248141471296548843e-02
9.835641831159591675e-03
1.235770899802446365e-02
1.237580366432666779e-02
1.030926313251256943e-02
1.446981169283390045e-02
1.001218240708112717e-02
1.312843617051839828e-02
1.412281114608049393e-02
1.157076284289360046e-02
1.360527519136667252e-02
1.355527341365814209e-02
1.285846158862113953e-02
1.620025001466274261e-02
9.427478536963462830e-03
1.246270164847373962e-02
1.055241376161575317e-02
1.259125489741563797e-02
1.562288124114274979e-02
1.111986115574836731e-02
1.038987748324871063e-02
9.808743372559547424e-03
1.180931646376848221e-02
1.566329598426818848e-02
1.197694987058639526e-02
1.351962704211473465e-02
1.749119721353054047e-02
1.051769219338893890e-02
1.431780029088258743e-02
