-1.521016657352447510e-01
-1.860227286815643311e-01
-9.266626834869384766e-02
-6.402704864740371704e-02
-9.801763296127319336e-02
-1.565776579082012177e-02
-2.127060145139694214e-01
7.599890977144241333e-02
-9.169756621122360229e-02
-2.689924240112304688e-01
-1.285235136747360229e-01
-1.507807821035385132e-01
-1.667991429567337036e-01
-1.044061630964279175e-01
-9.465561807155609131e-02
7.070576399564743042e-02
-2.369882017374038696e-01
-2.927534282207489014e-03
5.079755187034606934e-02
-7.670809328556060791e-02
-2.027530670166015625e-01
-6.658737361431121826e-02
2.286524279043078423e-03
-5.921590328216552734e-02
5.580710172653198242e-01
-8.140539377927780151e-02
4.705411940813064575e-02
1.535455789417028427e-02
-6.299396604299545288e-02
-6.821142137050628662e-02
-1.299826949834823608e-01
-3.988436609506607056e-02
-2.035224623978137970e-02
-5.022371560335159302e-02
1.475733816623687744e-01
-4.216552525758743286e-02
-4.738879576325416565e-02
-1.155926287174224854e-02
6.049101799726486206e-02
4.852919653058052063e-02
-2.588069066405296326e-02
-1.518234796822071075e-02
-1.223855167627334595e-01
2.592130899429321289e-01
6.637673079967498779e-02
-4.742375761270523071e-02
-3.589751571416854858e-02
7.820253819227218628e-02
1.660631597042083740e-01
-6.476925313472747803e-02
5.934838205575942993e-02
-1.237476766109466553e-01
3.892958862707018852e-03
-9.431977570056915283e-02
8.964858204126358032e-02
-1.396644264459609985e-01
-8.557318896055221558e-02
-1.114955022931098938e-01
-4.761537536978721619e-02
6.703790277242660522e-02
-1.157622560858726501e-01
-5.401504412293434143e-02
-4.435997307300567627e-01
-3.147878944873809814e-01
-1.508723646402359009e-01
-9.230563044548034668e-02
-7.564955390989780426e-03
1.741308532655239105e-02
-2.207070142030715942e-01
-6.819214671850204468e-02
7.310228049755096436e-02
-7.592254877090454102e-02
-5.926366895437240601e-02
-5.302162468433380127e-02
-1.188052222132682800e-01
-6.452678143978118896e-02
-1.184135228395462036e-01
-8.982940763235092163e-02
-1.107380315661430359e-01
4.162171110510826111e-02
-2.748193405568599701e-02
5.838644877076148987e-02
-1.934576630592346191e-01
-1.012214794754981995e-01
-8.146896958351135254e-02
-1.169097498059272766e-01
-2.399105764925479889e-02
-2.207393571734428406e-02
-1.216809600591659546e-01
-9.471825323998928070e-03
4.571387544274330139e-02
-5.109995976090431213e-02
2.274800650775432587e-02
-9.447462856769561768e-02
-4.627732560038566589e-02
-4.302202537655830383e-02
1.352454070001840591e-02
-3.681983798742294312e-02
-2.348091686144471169e-03
-1.986749470233917236e-01
-4.000200424343347549e-03
-6.109676510095596313e-02
1.845060661435127258e-02
8.077347278594970703e-02
-6.482040137052536011e-02
3.807382285594940186e-02
-3.859216570854187012e-01
-5.343437939882278442e-02
-6.236805021762847900e-02
4.086818173527717590e-02
2.033009976148605347e-01
-1.152990236878395081e-01
-8.712579309940338135e-02
-4.645660892128944397e-02
-3.379805386066436768e-02
-1.096024513244628906e-01
8.092278242111206055e-02
-1.019513979554176331e-02
3.715075924992561340e-02
-1.390397399663925171e-01
-7.368663698434829712e-02
-3.625110164284706116e-02
-1.714129149913787842e-01
2.069612145423889160e-01
-3.234238177537918091e-02
-2.154854498803615570e-02
-6.867042928934097290e-02
-4.406095296144485474e-02
-2.102747559547424316e-01
-9.105334430932998657e-02
4.202247038483619690e-02
-1.764901131391525269e-01
-1.139555778354406357e-02
6.031350046396255493e-02
-1.397911608219146729e-01
2.306266427040100098e-01
-2.663689851760864258e-01
-1.115712746977806091e-01
-1.426205933094024658e-01
-3.497495129704475403e-02
-5.267985165119171143e-02
-1.856438815593719482e-01
-5.709644407033920288e-02
4.608341678977012634e-02
7.037673145532608032e-02
-8.834074735641479492e-01
-3.124613501131534576e-02
-3.259260952472686768e-02
-3.989033401012420654e-01
-2.115035429596900940e-02
-1.082137972116470337e-01
-3.281899169087409973e-02
-7.579126954078674316e-02
1.115522310137748718e-01
1.142592728137969971e-02
-5.464119091629981995e-02
3.825820982456207275e-02
-4.381028562784194946e-02
-1.032681670039892197e-02
-2.716327607631683350e-01
-4.049838334321975708e-02
-6.111633777618408203e-02
-2.085673809051513672e-01
5.697678402066230774e-02
-7.060968875885009766e-02
-4.289961978793144226e-02
1.207886170595884323e-02
-2.720022201538085938e-01
-7.243338227272033691e-02
1.927464902400970459e-01
-4.934814944863319397e-02
-9.524404257535934448e-02
1.652643233537673950e-01
-1.667801588773727417e-01
-4.792680591344833374e-02
-2.580390311777591705e-02
7.958771288394927979e-02
1.044123098254203796e-01
-1.259204652160406113e-02
-2.060123346745967865e-02
-3.136668354272842407e-02
-1.525560021400451660e-02
-1.186015643179416656e-02
-1.746766716241836548e-01
-4.385306313633918762e-02
1.415204405784606934e-01
-4.444582015275955200e-02
3.072708845138549805e-03
-1.302988827228546143e-01
-3.000336512923240662e-02
5.879338830709457397e-02
1.356225740164518356e-02
-4.480125755071640015e-02
8.740610629320144653e-02
-1.661407649517059326e-01
-1.721760928630828857e-01
8.716769516468048096e-02
-6.015221029520034790e-02
5.941267590969800949e-03
6.603454053401947021e-02
2.311776950955390930e-02
-1.314779277890920639e-03
-1.117203235626220703e-01
1.342596560716629028e-01
8.947350084781646729e-02
-1.743111610412597656e-01
6.137626990675926208e-02
-9.563229978084564209e-02
-4.964997619390487671e-02
1.941872201859951019e-02
7.329832762479782104e-02
4.070223122835159302e-02
-2.086365781724452972e-02
-1.287385672330856323e-01
1.338354498147964478e-01
-6.885972619056701660e-02
-3.018030710518360138e-02
-3.541499748826026917e-02
6.660163402557373047e-02
-4.463731348514556885e-01
9.653166867792606354e-03
-8.412081748247146606e-02
7.543253898620605469e-02
-1.537573896348476410e-02
6.834543310105800629e-03
1.230450943112373352e-01
-7.395158410072326660e-01
-9.577692300081253052e-02
3.584595397114753723e-02
-2.058931812644004822e-02
-2.947228029370307922e-02
-1.238152533769607544e-01
-1.231950223445892334e-01
-3.272514790296554565e-02
-4.068220406770706177e-02
-4.957145452499389648e-02
-3.152601793408393860e-02
4.649880528450012207e-02
-3.146380931138992310e-02
-1.185798719525337219e-01
4.815335571765899658e-02
3.175408020615577698e-02
-1.662206202745437622e-01
1.326687037944793701e-01
1.162451505661010742e-01
-9.241157770156860352e-02
-1.574555337429046631e-01
-1.091663390398025513e-01
-7.648104429244995117e-02
6.647366285324096680e-02
9.941767901182174683e-02
1.965834945440292358e-02
6.798291206359863281e-02
-9.112564474344253540e-02
-2.745855413377285004e-02
-2.288180775940418243e-02
