1.954680308699607849e-02
1.313050929456949234e-02
2.623813040554523468e-02
4.289284814149141312e-03
1.982339657843112946e-02
3.333409130573272705e-02
6.502926349639892578e-03
2.271763235330581665e-02
2.203352376818656921e-02
2.013116329908370972e-02
1.980601623654365540e-02
4.805034026503562927e-03
2.862055972218513489e-02
2.828994020819664001e-02
1.929411478340625763e-02
2.703865990042686462e-02
7.379030808806419373e-03
3.764427080750465393e-02
1.908203400671482086e-02
2.178060449659824371e-02
2.019491419196128845e-02
1.235925406217575073e-02
2.147772349417209625e-02
1.427385024726390839e-02
2.590938098728656769e-02
2.904066629707813263e-02
2.412238158285617828e-02
2.544949017465114594e-02
1.878732815384864807e-02
1.198368426412343979e-02
1.338795665651559830e-02
2.043715678155422211e-02
1.840252242982387543e-02
2.125224843621253967e-02
1.797940768301486969e-02
3.013067319989204407e-02
1.547955814749002457e-02
1.408217754215002060e-02
1.673084497451782227e-02
1.884205639362335205e-02
5.436444655060768127e-03
3.131575882434844971e-02
1.951157487928867340e-02
1.799349300563335419e-02
1.839288510382175446e-02
4.708858206868171692e-03
1.985899172723293304e-02
1.680207252502441406e-02
1.758103258907794952e-02
8.550040423870086670e-03
1.623297855257987976e-02
3.404413163661956787e-02
9.337730705738067627e-03
1.630155928432941437e-02
1.802005805075168610e-02
2.978605590760707855e-02
9.292399510741233826e-03
1.773231849074363708e-02
1.603283360600471497e-02
1.626450195908546448e-02
1.621991209685802460e-02
2.059420011937618256e-02
1.355947274714708328e-02
1.836797036230564117e-02
