5.719545111060142517e-02
5.133150890469551086e-02
7.014134526252746582e-02
2.006903588771820068e-01
2.130438983440399170e-01
1.163446605205535889e-01
1.176798483356833458e-03
1.822957843542098999e-01
1.187476590275764465e-01
1.229685768485069275e-01
1.161941066384315491e-01
7.894398272037506104e-02
8.432550728321075439e-02
6.087333336472511292e-02
1.762365102767944336e-01
7.844309508800506592e-02
5.536158382892608643e-02
1.829003095626831055e-01
9.337549656629562378e-02
1.814369112253189087e-01
4.283674433827400208e-02
9.728715568780899048e-02
3.345480561256408691e-02
1.375775933265686035e-01
6.423944234848022461e-02
2.000909000635147095e-01
1.781435906887054443e-01
1.554196476936340332e-01
1.481571346521377563e-01
1.377995014190673828e-01
4.663427546620368958e-02
1.781491488218307495e-01
4.458537697792053223e-02
1.049122214317321777e-01
9.644301235675811768e-02
2.999632991850376129e-02
4.327735863626003265e-03
7.538554817438125610e-02
2.077714800834655762e-01
4.344753921031951904e-03
7.591716945171356201e-02
9.322103112936019897e-02
2.199497520923614502e-01
8.264025300741195679e-02
1.366820782423019409e-01
1.090480610728263855e-01
9.417910873889923096e-02
1.007281988859176636e-01
6.650190055370330811e-02
8.062368631362915039e-02
1.016817837953567505e-01
1.143782287836074829e-01
2.540482580661773682e-01
8.613416552543640137e-02
6.673930585384368896e-02
5.748577788472175598e-02
1.357638239860534668e-01
9.831237047910690308e-02
4.125074949115514755e-03
2.153788208961486816e-01
9.725695103406906128e-02
6.052161008119583130e-02
1.822335571050643921e-01
9.333390742540359497e-02
9.184419363737106323e-02
1.294501423835754395e-01
1.022471636533737183e-01
6.613560765981674194e-02
6.232848390936851501e-02
5.806570872664451599e-02
6.372443586587905884e-02
1.190325990319252014e-01
4.593411833047866821e-02
1.767098754644393921e-01
1.684901118278503418e-02
1.006582230329513550e-01
2.394794672727584839e-02
6.826558616012334824e-03
6.249359995126724243e-02
8.650329709053039551e-02
4.132076352834701538e-02
6.040890887379646301e-02
5.579456314444541931e-02
1.155974939465522766e-01
1.677590906620025635e-01
5.212270095944404602e-02
7.448112219572067261e-02
1.013478562235832214e-01
5.797623842954635620e-02
2.115360200405120850e-01
9.107098728418350220e-02
5.172358825802803040e-02
5.087147653102874756e-02
1.069250926375389099e-01
1.632499098777770996e-01
1.125947013497352600e-01
6.465201079845428467e-02
5.718333646655082703e-02
5.801763013005256653e-02
5.524168163537979126e-02
1.158193051815032959e-01
7.395607978105545044e-02
-2.726417034864425659e-02
-8.214761503040790558e-03
2.625401616096496582e-01
1.106275394558906555e-01
1.172702461481094360e-01
1.050558611750602722e-01
4.479686543345451355e-02
1.251473873853683472e-01
5.052743852138519287e-02
1.710461676120758057e-01
2.576383054256439209e-01
1.376266777515411377e-01
8.666905015707015991e-02
1.412797253578901291e-03
8.093614876270294189e-02
3.267686069011688232e-02
3.357239440083503723e-02
1.216222792863845825e-01
1.787990927696228027e-01
1.152791976928710938e-01
8.224745094776153564e-02
1.185547336935997009e-01
2.658991813659667969e-01
1.740935295820236206e-01
5.244816653430461884e-03
3.373035788536071777e-02
1.619089096784591675e-01
1.165874749422073364e-01
1.024970263242721558e-01
1.151297912001609802e-01
1.388416886329650879e-01
7.700099050998687744e-02
5.307456944137811661e-03
2.740058004856109619e-01
8.464404195547103882e-02
1.295803189277648926e-01
1.492943167686462402e-01
1.267011612653732300e-01
5.965052917599678040e-02
1.591259837150573730e-01
1.063087582588195801e-01
1.961379051208496094e-01
4.827026650309562683e-02
9.200098365545272827e-02
1.002310365438461304e-01
6.452503055334091187e-02
5.433065444231033325e-02
1.087635233998298645e-01
2.779573947191238403e-02
1.532798111438751221e-01
1.285272389650344849e-01
1.820432841777801514e-01
1.611266881227493286e-01
1.096411235630512238e-02
1.420804560184478760e-01
9.828475117683410645e-02
9.159800410270690918e-02
1.161291152238845825e-01
1.525673568248748779e-01
5.648666992783546448e-02
1.510979328304529190e-02
7.665637880563735962e-02
4.272358119487762451e-02
2.273733317852020264e-01
2.188003249466419220e-02
2.280747443437576294e-01
6.489248573780059814e-02
1.307530999183654785e-01
1.559889912605285645e-01
-6.884969305247068405e-03
3.869252977892756462e-03
-3.105388395488262177e-02
1.363646984100341797e-01
6.093139946460723877e-02
9.753070771694183350e-02
3.954866528511047363e-02
1.813754141330718994e-01
8.762439340353012085e-02
1.117623671889305115e-01
9.998264163732528687e-02
3.694855421781539917e-02
7.982540875673294067e-02
9.058769047260284424e-02
6.935486197471618652e-02
1.219513192772865295e-01
5.161505937576293945e-02
5.084549263119697571e-02
1.455825865268707275e-01
2.884313650429248810e-02
9.251035004854202271e-02
1.704769432544708252e-01
1.075400933623313904e-01
1.665757745504379272e-01
6.183624267578125000e-02
8.373470604419708252e-02
7.825545966625213623e-02
1.866569519042968750e-01
3.794594481587409973e-02
3.287442922592163086e-01
1.095006689429283142e-01
7.319496572017669678e-02
2.327193021774291992e-01
1.282977759838104248e-01
1.315072029829025269e-01
1.141590327024459839e-01
5.035582929849624634e-02
1.539132464677095413e-02
3.249299228191375732e-01
7.791179418563842773e-02
3.578701615333557129e-02
1.979234628379344940e-02
1.475326716899871826e-01
1.205335259437561035e-01
8.789877593517303467e-02
2.058364003896713257e-01
1.147336792200803757e-02
8.141085505485534668e-02
8.041729032993316650e-02
9.460148215293884277e-02
1.901694536209106445e-01
8.374065905809402466e-02
1.228708922863006592e-01
1.426085457205772400e-02
1.562845110893249512e-01
7.030089199542999268e-02
1.394816190004348755e-01
8.549186587333679199e-02
3.590125963091850281e-02
1.169849708676338196e-01
1.337610483169555664e-01
1.361592113971710205e-01
2.025318741798400879e-01
1.493601799011230469e-01
9.908717125654220581e-02
7.710801810026168823e-02
1.965169562026858330e-03
-6.251228507608175278e-03
1.194793507456779480e-01
8.369904011487960815e-02
1.723716259002685547e-01
6.719014793634414673e-02
3.772272914648056030e-02
1.593430489301681519e-01
8.777032792568206787e-02
5.021965876221656799e-02
1.748277992010116577e-02
9.652454406023025513e-02
1.384582668542861938e-01
1.656660735607147217e-01
1.161960735917091370e-01
1.028223931789398193e-01
7.245870679616928101e-02
1.249811723828315735e-01
1.454252004623413086e-01
-8.376446552574634552e-03
6.374680995941162109e-02
1.134261265397071838e-01
1.363943237811326981e-02
1.180287003517150879e-01
2.465199679136276245e-02
5.372556298971176147e-02
-1.152284722775220871e-02
1.539128869771957397e-01
-1.197691354900598526e-02
3.069198131561279297e-01
6.244568899273872375e-02
8.931200951337814331e-03
7.840479165315628052e-02
1.168232709169387817e-01
1.697503030300140381e-01
1.871231496334075928e-01
9.293691068887710571e-02
1.473009586334228516e-01
8.465268462896347046e-02
1.326487213373184204e-01
1.473494172096252441e-01
1.227936297655105591e-01
1.336220055818557739e-01
7.426687330007553101e-02
2.221654653549194336e-01
8.834801614284515381e-02
1.828416734933853149e-01
1.131795793771743774e-01
7.042420655488967896e-02
1.212735772132873535e-01
9.023790806531906128e-02
4.149089381098747253e-02
1.138004213571548462e-01
3.517845273017883301e-02
2.896954119205474854e-01
9.159454703330993652e-02
6.314743310213088989e-02
6.873832643032073975e-02
1.722419075667858124e-02
1.139187663793563843e-01
1.198866888880729675e-01
1.305684745311737061e-01
1.354585140943527222e-01
1.587524712085723877e-01
4.670865088701248169e-02
1.176718398928642273e-01
1.673977077007293701e-01
6.438622623682022095e-02
8.930574357509613037e-02
2.456003874540328979e-01
1.992515474557876587e-01
1.414094269275665283e-01
9.561245888471603394e-02
9.449858963489532471e-02
5.402926728129386902e-02
1.131228581070899963e-01
1.611967682838439941e-01
1.690928637981414795e-01
3.897605463862419128e-02
1.525879800319671631e-01
1.768921315670013428e-01
1.023318991065025330e-01
1.604944020509719849e-01
8.676870167255401611e-02
8.152619749307632446e-02
1.840331703424453735e-01
2.672190070152282715e-01
1.215603016316890717e-02
1.325401812791824341e-01
1.417035162448883057e-01
1.322951316833496094e-01
1.021114811301231384e-01
1.256349086761474609e-01
1.087834779173135757e-02
4.597111791372299194e-02
1.077438220381736755e-01
1.255816668272018433e-01
1.203287690877914429e-01
1.259917765855789185e-01
7.606952637434005737e-02
3.584941849112510681e-02
5.498929694294929504e-02
1.310981214046478271e-01
1.372455358505249023e-01
1.866673976182937622e-01
1.151304170489311218e-01
1.248915493488311768e-01
1.045319512486457825e-01
5.801939964294433594e-02
1.402710974216461182e-01
5.956146493554115295e-02
1.390252262353897095e-01
-1.808258891105651855e-02
8.230239152908325195e-02
1.477041840553283691e-01
6.169700622558593750e-02
7.955237478017807007e-02
1.584402024745941162e-01
9.556790441274642944e-02
1.100595295429229736e-01
1.016998291015625000e-01
8.787649124860763550e-02
1.077906712889671326e-01
7.712299376726150513e-02
4.377613961696624756e-02
1.672759205102920532e-01
8.821851760149002075e-02
1.667296141386032104e-01
4.474278911948204041e-02
1.635542064905166626e-01
-5.179055780172348022e-02
3.698862716555595398e-02
4.695492610335350037e-02
5.389044806361198425e-02
5.398691818118095398e-02
8.833184838294982910e-02
2.148197218775749207e-02
1.679280772805213928e-02
3.603717312216758728e-02
1.387632191181182861e-01
1.196909099817276001e-01
2.181419879198074341e-01
6.668537855148315430e-02
-5.327275022864341736e-03
4.946126788854598999e-02
4.499568417668342590e-02
1.803409904241561890e-01
3.782659396529197693e-02
1.474058330059051514e-01
1.312748640775680542e-01
6.786754727363586426e-02
3.530446812510490417e-02
9.096521884202957153e-02
6.112372502684593201e-02
4.597813263535499573e-02
8.670173585414886475e-02
8.635807782411575317e-02
3.102648817002773285e-02
1.489395350217819214e-01
7.756268978118896484e-02
1.239133998751640320e-01
8.536166697740554810e-02
1.082621067762374878e-01
1.216460764408111572e-01
1.861440576612949371e-02
1.804695278406143188e-02
1.009198278188705444e-01
1.910433322191238403e-01
7.530970126390457153e-02
3.021080791950225830e-02
1.189533397555351257e-01
1.746198236942291260e-01
2.460718750953674316e-01
1.721866801381111145e-02
7.711214572191238403e-02
1.704840213060379028e-01
2.231529057025909424e-01
3.221793472766876221e-02
6.415783613920211792e-02
2.283171713352203369e-01
5.531759560108184814e-02
1.161401942372322083e-01
1.704096049070358276e-01
1.193792298436164856e-01
2.434319444000720978e-02
6.030756235122680664e-02
6.318068504333496094e-02
1.567772179841995239e-01
2.213633060455322266e-01
6.236119940876960754e-02
4.382460936903953552e-02
8.216627687215805054e-02
1.046139672398567200e-01
6.947605311870574951e-02
1.555622816085815430e-01
5.636947229504585266e-02
4.460680857300758362e-02
1.317859143018722534e-01
8.405496925115585327e-02
1.010553464293479919e-01
3.878333047032356262e-02
1.426179111003875732e-01
1.566590219736099243e-01
1.474863886833190918e-01
5.174661055207252502e-02
9.268220514059066772e-02
1.637957841157913208e-01
1.908211410045623779e-01
5.649914219975471497e-02
1.557531356811523438e-01
9.677103906869888306e-02
1.983164250850677490e-02
1.799240410327911377e-01
1.659019142389297485e-01
2.309519052505493164e-01
1.777823269367218018e-01
5.227804556488990784e-02
1.439746171236038208e-01
1.129155680537223816e-01
7.649014145135879517e-02
7.568372040987014771e-02
9.040244668722152710e-02
7.210272550582885742e-02
7.460007816553115845e-02
1.846422627568244934e-02
1.771003901958465576e-01
1.030244678258895874e-01
2.081558555364608765e-01
9.256710112094879150e-02
8.158078789710998535e-02
7.592753320932388306e-02
4.962824657559394836e-02
5.412602052092552185e-02
1.026412174105644226e-01
8.435180038213729858e-02
1.303881853818893433e-01
8.588143438100814819e-02
1.787897050380706787e-01
7.855699956417083740e-02
-6.470981985330581665e-02
1.402539461851119995e-01
3.568364307284355164e-02
5.270663648843765259e-02
1.047349274158477783e-01
1.177369654178619385e-01
1.492327600717544556e-01
7.938223332166671753e-02
3.749410063028335571e-02
1.700899153947830200e-01
5.305628105998039246e-02
6.704319268465042114e-02
1.270570605993270874e-01
5.153874680399894714e-02
7.270272076129913330e-02
1.685774624347686768e-01
1.359508931636810303e-01
9.087591618299484253e-02
6.145664677023887634e-02
1.081426739692687988e-01
8.073850721120834351e-02
1.217773482203483582e-01
1.666410714387893677e-01
9.831960313022136688e-03
1.504397690296173096e-01
4.294570535421371460e-02
1.308291107416152954e-01
1.623553037643432617e-01
1.156505122780799866e-01
9.475055336952209473e-02
5.960363522171974182e-02
2.338267862796783447e-01
8.120117336511611938e-02
4.335504397749900818e-02
4.572445526719093323e-02
8.935095369815826416e-02
