-8.187712728977203369e-02
-2.874489501118659973e-02
-1.639086753129959106e-01
-4.885934665799140930e-02
1.545268148183822632e-01
-1.406211033463478088e-02
-2.023353874683380127e-01
-2.106180787086486816e-01
3.809954598546028137e-02
1.541393697261810303e-01
-4.582207649946212769e-02
-8.610696345567703247e-02
3.347191214561462402e-02
-3.232874348759651184e-02
-2.135232239961624146e-01
-1.149383038282394409e-01
-1.638186424970626831e-01
-8.457493782043457031e-02
-1.559555530548095703e-01
5.266607180237770081e-02
-2.502677440643310547e-01
-1.731092855334281921e-02
8.567969501018524170e-02
9.123135358095169067e-02
3.617867231369018555e-01
-2.486887872219085693e-01
6.763135641813278198e-02
1.022944413125514984e-02
-2.706562355160713196e-02
1.022368147969245911e-01
1.528842747211456299e-01
-1.878083050251007080e-01
-8.237433433532714844e-02
1.213900297880172729e-01
-1.131601184606552124e-01
-1.178279295563697815e-01
-2.836908027529716492e-02
-6.901327520608901978e-02
-5.203554034233093262e-02
8.170531690120697021e-02
-1.546945571899414062e-01
-7.846184074878692627e-03
-1.839027106761932373e-01
-5.017994437366724014e-03
1.415770649909973145e-01
-1.247075274586677551e-01
-1.375772710889577866e-02
-3.302389755845069885e-02
-2.752048894762992859e-02
1.481053829193115234e-01
-1.650882065296173096e-01
3.310001641511917114e-02
-3.054623603820800781e-01
8.535993844270706177e-02
1.463197767734527588e-01
-1.055664718151092529e-01
-3.797080516815185547e-01
-3.928655385971069336e-02
-1.407166421413421631e-01
-1.923703253269195557e-01
-6.236336752772331238e-02
-1.147485300898551941e-01
7.434781640768051147e-02
-2.936744093894958496e-01
-1.366453915834426880e-01
-1.682936251163482666e-01
-2.852315008640289307e-01
-1.704208180308341980e-02
-6.670759618282318115e-02
4.193262662738561630e-03
-8.220177143812179565e-02
9.279605746269226074e-02
3.958696871995925903e-02
-1.499402076005935669e-01
8.167207241058349609e-02
-7.986027747392654419e-02
-2.500902414321899414e-01
-1.345764249563217163e-01
1.491289436817169189e-01
-6.891126930713653564e-02
1.631613820791244507e-02
-3.012106418609619141e-01
-8.611539006233215332e-02
-1.968923509120941162e-01
2.002143859863281250e-02
4.701046645641326904e-02
-1.722411662340164185e-01
-6.051538512110710144e-02
-2.577836215496063232e-01
-2.699033357203006744e-02
-1.938079446554183960e-01
3.809807449579238892e-02
1.164493560791015625e-01
8.883359283208847046e-02
-6.910665333271026611e-02
-1.549288481473922729e-01
-2.394974976778030396e-01
-9.284938871860504150e-02
9.194011799991130829e-03
-3.128695189952850342e-01
-4.245619103312492371e-02
-9.054180234670639038e-02
-1.890359818935394287e-01
-1.828214228153228760e-01
-4.003156721591949463e-01
1.689335703849792480e-01
-9.660976380109786987e-02
2.947925589978694916e-02
-2.171088010072708130e-01
-1.990100890398025513e-01
-8.211952447891235352e-02
-3.154556453227996826e-02
-2.462194673717021942e-02
-3.625131249427795410e-01
-2.199538350105285645e-01
-1.319564431905746460e-01
-1.322078853845596313e-01
-1.735234558582305908e-01
-7.822429388761520386e-02
-7.464015483856201172e-02
-3.355956673622131348e-01
-1.896521300077438354e-01
-1.162768602371215820e-01
5.674467608332633972e-02
-2.372345477342605591e-01
-6.317386031150817871e-02
1.620981283485889435e-02
-2.580379694700241089e-02
