-9.053960442543029785e-03
-4.148857668042182922e-03
-2.051638998091220856e-02
-1.764151826500892639e-02
9.607836604118347168e-03
5.875991657376289368e-03
-1.444836705923080444e-02
7.163661066442728043e-04
1.405711867846548557e-03
-1.638573710806667805e-03
-1.207287888973951340e-02
-9.370001964271068573e-03
-1.924987882375717163e-02
-1.716583035886287689e-02
-1.122639421373605728e-02
-1.697245985269546509e-02
-8.128899149596691132e-03
-1.362565532326698303e-02
8.506773039698600769e-03
-1.785510778427124023e-02
6.953950971364974976e-03
1.841177791357040405e-02
-2.481246367096900940e-03
2.432770561426877975e-03
-1.353427069261670113e-03
4.887424409389495850e-03
1.052102446556091309e-02
-8.045450085774064064e-04
-6.434161681681871414e-03
-1.144641917198896408e-02
-1.332595199346542358e-02
-9.267481043934822083e-03
-2.502032089978456497e-03
-4.500303883105516434e-03
3.712531412020325661e-03
-2.458062581717967987e-02
4.422162193804979324e-03
-8.480431511998176575e-03
-8.919038918975275010e-06
-1.726555288769304752e-03
-4.181758034974336624e-03
2.422559307888150215e-03
9.537916630506515503e-03
-6.633607205003499985e-03
2.258583903312683105e-03
3.632203442975878716e-04
2.780132368206977844e-02
-1.127029210329055786e-02
-1.504640839993953705e-02
-8.384139277040958405e-03
5.719325970858335495e-03
-1.532719936221837997e-02
8.859781664796173573e-04
2.371457964181900024e-02
1.355709508061408997e-02
6.543347612023353577e-03
1.362095773220062256e-02
-9.829210117459297180e-03
7.229780778288841248e-03
1.755384355783462524e-02
2.095875825034454465e-04
4.399159923195838928e-03
-8.741909638047218323e-03
9.713670238852500916e-03
1.145644206553697586e-02
1.533628255128860474e-02
-6.986240856349468231e-03
-1.337869791314005852e-03
5.056533962488174438e-03
-1.439368817955255508e-03
-2.005886472761631012e-02
6.647164002060890198e-03
7.469400879926979542e-04
-7.404644857160747051e-04
3.948135767132043839e-03
1.812559086829423904e-03
2.294770209118723869e-03
5.071006249636411667e-03
4.225650802254676819e-03
6.957788486033678055e-03
-1.405707467347383499e-02
1.272305659949779510e-02
5.317333154380321503e-03
-3.381786122918128967e-02
-1.423537451773881912e-02
-3.035666886717081070e-03
-1.185930613428354263e-02
1.108225085772573948e-03
-5.608558421954512596e-04
8.830531500279903412e-03
-6.659936159849166870e-03
-1.040215045213699341e-02
8.764906786382198334e-03
-3.498463425785303116e-03
-1.027562934905290604e-02
-1.918389834463596344e-02
-1.615003217011690140e-03
-1.093977969139814377e-02
-1.761166937649250031e-02
-5.945207885815761983e-05
-6.816657725721597672e-03
-1.587858051061630249e-02
-2.013516612350940704e-03
7.384938653558492661e-03
4.669854417443275452e-03
-1.181925926357507706e-02
-2.225770382210612297e-03
-1.004174351692199707e-02
-1.462555956095457077e-02
-2.905898727476596832e-02
-1.974355988204479218e-02
2.101652510464191437e-02
-4.949282389134168625e-03
-1.472935359925031662e-02
-5.717848427593708038e-03
-2.787915989756584167e-02
-1.134173851460218430e-02
-1.106675621122121811e-02
3.612586995586752892e-03
-1.672233687713742256e-03
-5.822535138577222824e-03
-1.114718057215213776e-02
-5.877276416867971420e-03
-1.385256275534629822e-02
7.693803869187831879e-03
-3.150629054289311171e-04
-1.155982166528701782e-02
1.663596602156758308e-03
-8.364789187908172607e-03
-1.729371026158332825e-03
-1.352688763290643692e-02
1.275821821764111519e-03
3.012473927810788155e-03
2.091085305437445641e-03
-1.646111370064318180e-03
-1.946587860584259033e-02
-8.097719401121139526e-03
-1.376497093588113785e-02
4.795661196112632751e-03
-1.801932044327259064e-02
-1.732613332569599152e-02
-3.802245249971747398e-03
-2.590999007225036621e-02
-4.737665411084890366e-03
-1.145448442548513412e-02
1.999692292883992195e-03
1.395510160364210606e-03
-2.234698459506034851e-02
-9.772281162440776825e-03
-1.529963593930006027e-02
-1.323084230534732342e-03
8.460441604256629944e-03
-1.922021247446537018e-02
1.190528832376003265e-02
-4.731142253149300814e-04
-3.201162209734320641e-03
-2.054197713732719421e-03
-1.113465800881385803e-02
-6.577020511031150818e-03
-3.068664344027638435e-03
-7.117618224583566189e-04
9.284737170673906803e-04
3.350371122360229492e-02
1.114713307470083237e-02
-2.367415465414524078e-03
-6.148754153400659561e-03
-2.945758868008852005e-03
-1.908037438988685608e-02
7.894115406088531017e-04
-7.899335585534572601e-03
9.519753046333789825e-03
1.634960994124412537e-02
8.976084180176258087e-03
8.020115084946155548e-03
9.603274054825305939e-03
-1.165594905614852905e-02
6.902248132973909378e-03
-7.313695270568132401e-03
1.364082936197519302e-02
5.334740504622459412e-03
3.958059940487146378e-03
-6.136813201010227203e-03
7.637890987098217010e-03
-1.137295551598072052e-02
7.744604256004095078e-03
9.701192378997802734e-03
-2.315039280802011490e-03
9.779277257621288300e-03
3.009574022144079208e-03
4.515346605330705643e-03
-7.500785402953624725e-03
9.429213590919971466e-03
2.228853665292263031e-02
-1.658929511904716492e-02
-6.287519820034503937e-03
2.176988683640956879e-02
1.118545047938823700e-02
7.969048805534839630e-03
-2.349483780562877655e-02
6.230766884982585907e-03
-1.719595678150653839e-02
8.516156114637851715e-03
1.870944909751415253e-02
1.868719793856143951e-02
1.401643082499504089e-02
-3.978786699008196592e-04
-2.107510715723037720e-02
3.521569073200225830e-03
-4.640637896955013275e-03
1.951052062213420868e-02
-1.012844219803810120e-02
8.290920406579971313e-03
-1.388476928696036339e-03
-1.080208923667669296e-02
2.120170043781399727e-03
-3.606202371884137392e-04
-7.947005331516265869e-03
2.578118816018104553e-02
3.005254082381725311e-03
3.543689846992492676e-03
2.190522616729140282e-03
-1.268552057445049286e-02
-1.784251537173986435e-03
2.869786508381366730e-02
-1.665086857974529266e-02
1.953373476862907410e-02
-1.805540174245834351e-03
6.163130514323711395e-03
-8.625005371868610382e-03
4.976685624569654465e-03
5.596192204393446445e-04
-4.866165108978748322e-03
1.897936128079891205e-02
4.037222242914140224e-04
7.490604184567928314e-03
-3.677855012938380241e-03
2.480943128466606140e-02
6.126619875431060791e-03
7.181371562182903290e-03
2.304569445550441742e-02
-5.056660156697034836e-03
-2.618849277496337891e-03
3.870218060910701752e-03
-4.838337190449237823e-03
2.946413587778806686e-03
1.637760736048221588e-02
2.413291251286864281e-03
6.330349948257207870e-03
1.152739743702113628e-03
-6.900899112224578857e-03
8.564122952520847321e-03
1.165613252669572830e-02
-3.962426271755248308e-04
-1.525724586099386215e-02
1.249966491013765335e-02
-3.172293305397033691e-03
9.765866212546825409e-03
2.047229791060090065e-03
1.345840655267238617e-02
3.198267426341772079e-03
6.147826556116342545e-03
-5.554167088121175766e-03
4.530431702733039856e-03
9.539922699332237244e-03
-8.060976397246122360e-04
-2.628487301990389824e-03
9.304214268922805786e-03
-2.657365752384066582e-03
-1.742931269109249115e-02
4.119975958019495010e-03
2.154631726443767548e-02
-6.711907219141721725e-03
3.594884183257818222e-03
1.028509438037872314e-02
-8.318346925079822540e-03
-1.314592733979225159e-02
5.157133098691701889e-03
-4.929174669086933136e-03
-5.174868740141391754e-03
3.999466076493263245e-03
-1.115670148283243179e-02
2.300656028091907501e-02
-1.323714572936296463e-02
-1.353932637721300125e-02
1.640061661601066589e-02
1.855060085654258728e-02
-6.233423482626676559e-03
-4.054557997733354568e-03
-5.442814435809850693e-03
-8.593023754656314850e-03
-9.773812256753444672e-03
-1.787964254617691040e-02
-4.247128032147884369e-03
-8.990731090307235718e-03
-4.486372694373130798e-03
-3.391211386770009995e-03
-9.006765671074390411e-03
-7.652750704437494278e-03
1.425892551196739078e-04
1.292699668556451797e-02
-1.061417534947395325e-02
-3.230537986382842064e-03
-7.882355712354183197e-03
-3.443280234932899475e-03
-7.538803387433290482e-03
1.057653408497571945e-02
1.655355095863342285e-02
-8.326762472279369831e-04
-1.332191471010446548e-02
-5.673422478139400482e-03
4.897790029644966125e-03
3.230789443477988243e-03
4.459587857127189636e-03
2.159423753619194031e-02
2.265902422368526459e-02
6.147188600152730942e-03
5.581561010330915451e-03
-3.122936002910137177e-03
9.682804346084594727e-03
-3.104372881352901459e-03
-2.243427000939846039e-02
-1.810917071998119354e-02
-2.507754415273666382e-02
-1.446493342518806458e-02
-2.168265916407108307e-02
-2.171939425170421600e-02
-2.221755869686603546e-02
-4.080513957887887955e-03
-6.815398577600717545e-03
-4.629470058716833591e-04
2.105028601363301277e-03
-1.910312101244926453e-03
-2.226335054729133844e-04
3.109925892204046249e-03
-3.973339684307575226e-03
-1.590187847614288330e-02
1.442504394799470901e-02
-1.693889126181602478e-02
-8.655115030705928802e-03
-9.620402939617633820e-03
-8.758940733969211578e-03
-1.085217483341693878e-02
8.530708728358149529e-04
-1.847000909037888050e-03
-7.078578229993581772e-03
6.624385132454335690e-04
6.514881271868944168e-03
-9.248463436961174011e-03
1.313772518187761307e-02
-9.262705221772193909e-03
1.227671653032302856e-02
-6.772642955183982849e-03
-4.502533469349145889e-03
-2.477513160556554794e-03
-3.223781008273363113e-03
-6.237618159502744675e-03
-3.117485903203487396e-05
-8.414909243583679199e-03
1.194604765623807907e-02
1.263527013361454010e-02
9.789266623556613922e-03
1.130831707268953323e-02
-5.768842529505491257e-04
-2.076306380331516266e-03
-4.948792513459920883e-03
8.993629016913473606e-04
-1.451847050338983536e-02
9.482356719672679901e-03
-8.277731947600841522e-03
7.666653953492641449e-03
-7.652527652680873871e-03
-5.014868918806314468e-03
-2.047468675300478935e-03
3.666257951408624649e-03
-4.179115407168865204e-03
-7.172575220465660095e-03
-7.515623001381754875e-04
-1.277112402021884918e-02
1.026151236146688461e-02
9.835945442318916321e-03
-1.618104241788387299e-02
2.410343615338206291e-03
2.292282413691282272e-03
4.063075408339500427e-03
-2.144790440797805786e-02
-7.855221629142761230e-03
2.774885157123208046e-03
-7.132695987820625305e-03
-1.805633679032325745e-02
-4.474414978176355362e-03
-9.601766243577003479e-03
1.448047067970037460e-02
-1.853562518954277039e-02
-2.357162535190582275e-02
-9.681732393801212311e-03
-9.156598709523677826e-03
-2.314516529440879822e-02
-1.101257931441068649e-02
-1.077406667172908783e-02
4.036892671138048172e-03
-1.552914362400770187e-02
1.155847217887639999e-02
2.949395217001438141e-03
4.503041971474885941e-03
-2.636060677468776703e-02
1.685675606131553650e-02
-6.711735040880739689e-04
-8.614222519099712372e-03
-1.569545455276966095e-02
2.524544252082705498e-04
-1.012161839753389359e-03
-6.839508656412363052e-03
4.669025074690580368e-03
1.895241998136043549e-02
1.519250031560659409e-02
-2.324569039046764374e-03
3.810312366113066673e-03
-9.554542601108551025e-03
6.161385215818881989e-03
7.647317834198474884e-03
-2.830005716532468796e-03
4.889310221187770367e-04
8.816661313176155090e-03
1.701227389276027679e-02
1.541912648826837540e-02
-8.860442176228389144e-05
-2.662012912333011627e-02
-1.168967597186565399e-02
1.140359602868556976e-02
4.849077668040990829e-03
-6.312569137662649155e-03
7.526748348027467728e-03
-5.717969499528408051e-03
1.362121757119894028e-02
6.882881745696067810e-03
-4.124484490603208542e-03
-8.895352366380393505e-04
3.179393708705902100e-03
3.339722054079174995e-03
-9.889052249491214752e-03
9.548171423375606537e-03
1.373132574371993542e-03
3.371960716322064400e-03
-3.552892245352268219e-03
1.032107882201671600e-02
1.933990977704524994e-02
1.204434502869844437e-02
-2.538775792345404625e-03
2.235944010317325592e-02
5.645029712468385696e-03
4.253546241670846939e-03
-4.703314509242773056e-03
-4.330259747803211212e-03
-4.920129198580980301e-03
4.019262734800577164e-03
7.971596787683665752e-04
1.435371022671461105e-02
1.050964929163455963e-02
-1.606789603829383850e-02
1.077620964497327805e-02
2.413463313132524490e-03
-3.148890100419521332e-03
4.086190368980169296e-03
1.533820945769548416e-02
2.729301713407039642e-02
-6.651912350207567215e-03
-8.813796564936637878e-03
2.064134227111935616e-03
1.055844780057668686e-02
-1.175131532363593578e-03
2.644966542720794678e-02
-4.588511772453784943e-03
-2.558124018833041191e-03
2.287875628098845482e-03
-1.693666726350784302e-02
-1.688369363546371460e-02
-2.268056571483612061e-02
5.205346387811005116e-04
-1.345373503863811493e-02
1.326009165495634079e-03
8.332941681146621704e-03
-3.007778199389576912e-03
1.669605378992855549e-03
-4.776775371283292770e-03
1.314930617809295654e-03
-3.216878278180956841e-03
2.990829059854149818e-03
2.513663098216056824e-02
6.431925576180219650e-03
2.655716147273778915e-03
-2.098527736961841583e-02
5.142786540091037750e-03
3.722503781318664551e-03
-1.877566915936768055e-03
9.868575725704431534e-04
-7.693075109273195267e-03
-4.742410033941268921e-03
-1.060357969254255295e-02
-4.809678997844457626e-03
-3.318385453894734383e-03
-1.841980218887329102e-02
-1.315299607813358307e-02
7.398549932986497879e-03
-2.726126112975180149e-04
-1.715869526378810406e-03
-1.305448240600526333e-03
7.022121921181678772e-03
2.151760127162560821e-04
7.564248051494359970e-03
-1.622607558965682983e-02
-1.097523048520088196e-02
7.391266524791717529e-03
1.349872909486293793e-03
3.461905755102634430e-03
-1.017671357840299606e-02
2.105474099516868591e-02
-5.696813575923442841e-03
-5.852245725691318512e-03
-2.839565742760896683e-03
1.522815669886767864e-03
-1.606974750757217407e-02
-4.418533761054277420e-03
1.095396187156438828e-02
1.587656885385513306e-02
-1.025931816548109055e-02
-2.304006926715373993e-02
1.447646412998437881e-02
1.304376590996980667e-02
-3.510653739795088768e-03
1.410107593983411789e-02
1.497893128544092178e-02
-4.642131738364696503e-03
1.194737851619720459e-02
1.923764706589281559e-03
8.422489278018474579e-03
6.443552207201719284e-03
1.759826205670833588e-03
1.168082654476165771e-02
9.454379789531230927e-03
1.947445794939994812e-02
-2.691287361085414886e-02
4.357165191322565079e-03
6.458426825702190399e-03
-1.118863583542406559e-03
7.199722807854413986e-03
2.511571859940886497e-03
-2.744439407251775265e-04
-1.298943534493446350e-02
-9.054237976670265198e-03
-5.031304899603128433e-03
3.039024071767926216e-03
2.001675078645348549e-03
4.210285624139942229e-05
1.554791466332972050e-03
-7.357354741543531418e-03
-1.854084199294447899e-03
-1.990349218249320984e-02
2.120347321033477783e-02
8.124042302370071411e-03
9.423981420695781708e-03
-6.141881924122571945e-03
-3.274523420259356499e-03
-6.823771167546510696e-03
1.230241917073726654e-02
-1.286568585783243179e-02
-4.087752662599086761e-03
-9.062412194907665253e-03
2.039590850472450256e-02
-7.151526398956775665e-03
-5.007541272789239883e-03
-1.868770690634846687e-03
5.439073778688907623e-03
7.793355733156204224e-03
-6.820942740887403488e-03
1.868646475486457348e-03
2.003197325393557549e-03
4.471401043701916933e-04
2.936988603323698044e-03
-5.660284077748656273e-04
9.794211946427822113e-03
-2.418855205178260803e-03
-2.780597424134612083e-03
1.642704010009765625e-02
1.385855115950107574e-02
1.610993221402168274e-02
-6.955098942853510380e-04
-2.063123695552349091e-02
1.381609495729207993e-02
7.772991084493696690e-04
-5.968518671579658985e-04
-6.004116963595151901e-03
-2.690634457394480705e-03
-6.790370680391788483e-03
1.863664574921131134e-02
-3.162388922646641731e-03
-6.106770597398281097e-03
-5.347435828298330307e-03
1.027873158454895020e-02
-8.510001935064792633e-03
-3.948817960917949677e-03
1.133760809898376465e-02
1.386807020753622055e-02
3.827784908935427666e-03
-4.023728892207145691e-03
-1.022471021860837936e-02
4.038695245981216431e-03
2.645337488502264023e-03
2.611981239169836044e-03
8.640510030090808868e-03
-1.111695915460586548e-02
1.438792329281568527e-02
-1.412821561098098755e-02
-1.201844215393066406e-02
-1.059181150048971176e-02
-6.660295650362968445e-03
7.917117327451705933e-03
4.007217939943075180e-03
-7.634243927896022797e-03
1.642573997378349304e-02
-1.082618255168199539e-02
1.075127162039279938e-02
8.998721837997436523e-03
1.339218299835920334e-02
3.495534136891365051e-02
1.278991252183914185e-02
6.580749060958623886e-03
1.747507415711879730e-02
9.304459206759929657e-03
-4.989645443856716156e-03
1.493656262755393982e-02
1.501873193774372339e-04
-1.144861057400703430e-02
1.755038276314735413e-02
-6.415529176592826843e-03
-7.573966868221759796e-03
-7.908637635409832001e-03
7.730477955192327499e-03
-4.987779539078474045e-03
4.602872300893068314e-03
-1.356525067239999771e-02
-1.991371251642704010e-02
1.375750731676816940e-02
5.633476655930280685e-03
2.434499561786651611e-03
2.707497775554656982e-02
-8.695058524608612061e-03
2.669635601341724396e-02
-1.839596964418888092e-02
6.732394453138113022e-03
8.831689134240150452e-03
3.713151067495346069e-02
1.798812067136168480e-03
5.604415666311979294e-03
5.857152864336967468e-03
1.183725800365209579e-02
2.251369506120681763e-02
1.228279666975140572e-03
2.355074742808938026e-03
-8.682161569595336914e-03
1.119831390678882599e-02
6.216373876668512821e-04
-7.517991121858358383e-03
4.881433676928281784e-03
1.902193995192646980e-03
8.916344493627548218e-03
1.795280911028385162e-02
7.198810111731290817e-03
3.765189554542303085e-03
-2.010504528880119324e-02
-1.976274512708187103e-02
3.202048130333423615e-03
1.883746311068534851e-02
1.232064701616764069e-02
1.382041908800601959e-02
4.136775620281696320e-03
-1.628046110272407532e-02
-2.906309207901358604e-03
2.784547582268714905e-02
6.121110171079635620e-03
5.301422439515590668e-03
7.009769789874553680e-03
2.264909446239471436e-02
1.136012724600732327e-03
2.972707338631153107e-02
1.366441976279020309e-02
-6.802740041166543961e-03
1.436420343816280365e-02
-5.515183322131633759e-03
-1.404884457588195801e-02
-1.041690353304147720e-02
-2.337386272847652435e-02
-4.592149518430233002e-03
2.187581732869148254e-02
-9.062808007001876831e-03
-6.199501920491456985e-03
1.269018836319446564e-02
8.197286166250705719e-03
-1.094975229352712631e-02
-5.646208766847848892e-03
-4.779993905685842037e-04
2.381781861186027527e-02
9.581570047885179520e-04
-4.782182164490222931e-03
8.751100860536098480e-03
1.434210594743490219e-02
-1.638634502887725830e-02
-9.017567499540746212e-04
4.630718904081732035e-04
-2.232988364994525909e-03
-1.101684942841529846e-02
-7.392615079879760742e-03
8.673347532749176025e-03
-9.623579680919647217e-03
5.855561699718236923e-03
6.515333894640207291e-03
-7.769897580146789551e-03
2.107346802949905396e-02
-9.321269579231739044e-03
1.333200279623270035e-02
1.653531379997730255e-02
5.124003626406192780e-03
-3.433947218582034111e-03
2.481321804225444794e-02
-6.089109461754560471e-03
-8.684003725647926331e-03
2.164462348446249962e-03
-3.529200330376625061e-03
-1.298530306667089462e-02
-9.556693956255912781e-03
-3.743757726624608040e-03
3.200246486812829971e-03
1.581481285393238068e-02
8.056429214775562286e-03
7.554119918495416641e-03
-1.080794911831617355e-02
-6.412388174794614315e-04
-1.461420208215713501e-03
3.759308485314249992e-03
-3.102797316387295723e-03
1.077385153621435165e-02
-4.602885805070400238e-03
-9.149456396698951721e-03
8.365465910173952579e-04
9.242706932127475739e-03
1.386637985706329346e-02
5.688196979463100433e-03
-3.353349631652235985e-03
2.727003593463450670e-04
-4.601472523063421249e-03
1.952158287167549133e-02
4.007442388683557510e-03
-6.970486603677272797e-03
1.316753029823303223e-02
2.082058461382985115e-03
9.504979476332664490e-03
-2.354538301005959511e-03
6.267165765166282654e-03
-1.254859101027250290e-02
8.401985280215740204e-03
7.757511921226978302e-03
2.670098794624209404e-03
9.954286739230155945e-03
-1.170134358108043671e-02
1.624202821403741837e-03
8.883361704647541046e-03
4.985250998288393021e-03
-1.309054344892501831e-02
-6.004235707223415375e-03
4.791860003024339676e-03
8.471006527543067932e-03
-3.415747778490185738e-03
-1.113281957805156708e-02
1.298578083515167236e-02
5.091482307761907578e-03
2.021950110793113708e-02
-1.779075013473629951e-03
9.352185763418674469e-03
1.978722028434276581e-02
-2.549709985032677650e-03
-1.021082326769828796e-02
-1.392190251499414444e-02
-4.625549539923667908e-03
3.894704394042491913e-03
1.327762380242347717e-03
6.078510545194149017e-03
6.129813846200704575e-03
-2.915077842772006989e-03
-6.814972497522830963e-03
5.685928743332624435e-03
1.064489874988794327e-02
-1.679348014295101166e-02
1.613524183630943298e-02
1.984845614060759544e-03
5.555166397243738174e-03
-3.014139132574200630e-03
-1.202810817630961537e-04
-2.673948416486382484e-03
-7.897258619777858257e-04
-1.225556805729866028e-02
1.113013550639152527e-02
-2.130777016282081604e-02
-1.512122806161642075e-03
-8.469295687973499298e-03
-9.021999314427375793e-03
-1.570749795064330101e-03
2.143463306128978729e-02
-1.462219096720218658e-02
-1.177931763231754303e-02
3.076631342992186546e-03
-1.770447590388357639e-03
-1.391573995351791382e-02
-7.221577689051628113e-03
-1.056664157658815384e-03
-9.668728453107178211e-04
-4.221632611006498337e-03
-1.283280272036790848e-02
-2.741243224591016769e-04
6.694038747809827328e-04
-4.757797345519065857e-03
-5.629980470985174179e-03
-1.219010632485151291e-02
-4.439407028257846832e-03
5.138990934938192368e-03
1.353898644447326660e-02
9.924883022904396057e-03
1.475690584629774094e-02
2.601792570203542709e-03
-4.380867350846529007e-03
2.468396723270416260e-02
-1.127292960882186890e-02
1.272936258465051651e-02
-5.108372308313846588e-03
-1.181383524090051651e-02
-4.982659127563238144e-03
1.493737660348415375e-02
-1.712581515312194824e-02
1.659807749092578888e-02
1.394625660032033920e-02
3.037685342133045197e-02
6.642473395913839340e-03
6.098144687712192535e-03
-3.321736119687557220e-03
8.114046417176723480e-03
-1.622781157493591309e-03
1.954927854239940643e-02
2.638573199510574341e-02
-8.190249791368842125e-04
2.541965572163462639e-03
7.903502322733402252e-03
9.116893634200096130e-03
1.621191017329692841e-02
-4.347283858805894852e-03
1.076093502342700958e-02
1.707734772935509682e-03
-1.448072958737611771e-02
-5.290951579809188843e-03
-2.297428995370864868e-02
-2.064066193997859955e-02
1.019247714430093765e-02
1.054464466869831085e-02
-9.763645939528942108e-03
1.822715252637863159e-02
-8.272813633084297180e-03
8.907549083232879639e-03
-2.262001158669590950e-03
-9.695234708487987518e-03
-5.015945062041282654e-03
7.122565060853958130e-03
2.858475968241691589e-02
-8.358233026228845119e-05
2.118474105373024940e-03
-7.790035568177700043e-03
1.781889051198959351e-02
-8.335936814546585083e-03
-2.520973421633243561e-02
5.044673103839159012e-03
1.518607139587402344e-03
4.785958211869001389e-03
-1.593657396733760834e-02
2.521000988781452179e-02
1.771103776991367340e-02
1.009050756692886353e-03
3.765827568713575602e-04
-1.900362985907122493e-04
2.485635457560420036e-03
3.561783954501152039e-02
-1.457310095429420471e-02
-1.639816164970397949e-02
3.492672462016344070e-03
2.590469550341367722e-03
-5.480281542986631393e-04
-5.286361556500196457e-03
1.726266555488109589e-02
-8.648309158161282539e-04
1.932801678776741028e-04
1.372621767222881317e-02
6.925964262336492538e-03
1.436254102736711502e-02
2.039717882871627808e-02
-8.444767445325851440e-03
-5.534867290407419205e-03
-1.820725388824939728e-03
2.297808416187763214e-02
1.981662027537822723e-02
-1.505459751933813095e-02
-6.076772697269916534e-03
1.834064908325672150e-02
1.448997482657432556e-02
-1.800978090614080429e-03
1.116977352648973465e-02
1.021034549921751022e-02
1.825350522994995117e-02
-8.152376860380172729e-03
1.071321964263916016e-02
-5.940699949860572815e-03
-6.275192834436893463e-03
-2.921829745173454285e-02
-1.643831096589565277e-02
-3.838534699752926826e-03
2.497434802353382111e-02
1.787162385880947113e-02
-2.005254663527011871e-02
-1.851028762757778168e-02
9.937301510944962502e-04
-1.987729035317897797e-02
-6.120586302131414413e-03
-1.271792501211166382e-02
-8.815658278763294220e-03
-1.148526743054389954e-02
2.141337096691131592e-02
9.818287566304206848e-03
-8.058809675276279449e-03
-2.460635732859373093e-03
-1.045333780348300934e-02
6.474921479821205139e-03
-1.269163656979799271e-02
-1.211988506838679314e-03
-8.208781480789184570e-03
-1.553690619766712189e-02
-1.325842831283807755e-02
4.474878776818513870e-03
-4.246240016072988510e-03
-1.377325877547264099e-02
-1.846605911850929260e-02
-7.450025994330644608e-03
3.223111387342214584e-03
-2.215785440057516098e-03
-7.657061796635389328e-03
-2.468863967806100845e-03
-1.531735411845147610e-03
2.694325987249612808e-03
7.955150795169174671e-04
-3.769577248021960258e-03
-1.403640862554311752e-02
-2.665393403731286526e-04
-6.547642406076192856e-03
-1.288835774175822735e-04
-1.973133475985378027e-04
-1.420392072759568691e-04
-1.948961056768894196e-02
-1.128301839344203472e-03
3.848541062325239182e-03
-1.396417431533336639e-02
-9.269013069570064545e-03
-1.871151849627494812e-02
-9.736909996718168259e-04
2.235464006662368774e-02
2.022063359618186951e-02
7.119702175259590149e-03
9.900610893964767456e-03
-1.110409852117300034e-02
5.458319094032049179e-03
9.052746929228305817e-03
-4.229161888360977173e-03
-3.073400876019150019e-05
9.255322627723217010e-03
1.433564443141222000e-02
2.584629505872726440e-02
5.218894686549901962e-03
-1.175307482481002808e-02
1.885341666638851166e-02
-6.976551841944456100e-03
1.050854660570621490e-02
-1.196172740310430527e-02
7.065237965434789658e-03
1.062935218214988708e-03
-1.630242727696895599e-02
-1.987136667594313622e-03
-7.447309326380491257e-03
1.712811063043773174e-03
3.029077779501676559e-03
-1.222059503197669983e-02
-1.463775150477886200e-02
-3.385351598262786865e-02
-1.156915910542011261e-02
-1.640408858656883240e-02
-4.035440739244222641e-03
-1.300752535462379456e-02
7.770291063934564590e-03
2.436881186440587044e-03
