1.324180662631988525e-01
-3.986691590398550034e-03
2.399808764457702637e-01
2.038435637950897217e-02
1.413681954145431519e-01
1.875418126583099365e-01
1.008692663162946701e-03
2.813711166381835938e-01
1.359771490097045898e-01
1.980473548173904419e-01
2.307341396808624268e-01
2.459505945444107056e-02
8.559373766183853149e-02
1.289476752281188965e-01
2.573987841606140137e-01
1.254431530833244324e-02
-1.337585737928748131e-03
1.006237268447875977e-01
1.028968542814254761e-01
3.513725474476814270e-02
9.044004837051033974e-04
1.867525279521942139e-02
-2.803163835778832436e-03
2.572316229343414307e-01
-5.009005777537822723e-03
1.617730706930160522e-01
1.737073808908462524e-01
8.223280310630798340e-03
2.312970459461212158e-01
1.004133373498916626e-03
1.409217435866594315e-02
3.256672760471701622e-03
2.410817444324493408e-01
5.364914610981941223e-02
6.572032719850540161e-02
-8.455078204860910773e-05
-7.985963020473718643e-04
5.128222517669200897e-03
-5.450726021081209183e-04
8.262543939054012299e-03
3.532440867274999619e-03
8.185355924069881439e-03
2.162683308124542236e-01
1.189884170889854431e-01
2.407777160406112671e-01
1.163319405168294907e-02
1.383880525827407837e-01
5.993419326841831207e-03
-7.750928052701056004e-04
5.158442258834838867e-02
2.235614955425262451e-01
8.278036693809553981e-05
-2.954930241685360670e-04
-2.199689112603664398e-02
1.790840178728103638e-01
-2.095095347613096237e-03
1.788306236267089844e-02
5.263018608093261719e-02
1.631018007174134254e-03
1.175058707594871521e-01
2.330866008996963501e-01
2.932621538639068604e-02
-7.303004385903477669e-04
2.735324902459979057e-03
3.990421816706657410e-02
3.739143908023834229e-02
3.674952685832977295e-02
5.058617331087589264e-03
3.314349669381044805e-05
-4.634663462638854980e-03
1.712961122393608093e-02
-9.530798532068729401e-03
3.318457305431365967e-02
2.162410132586956024e-02
4.430009983479976654e-03
6.188689544796943665e-02
-3.233622014522552490e-02
-3.562896279618144035e-03
7.500540465116500854e-02
3.220660611987113953e-02
2.423236891627311707e-02
1.476312405429780483e-03
2.642523646354675293e-01
9.580547339282929897e-04
-4.739611409604549408e-03
3.367887809872627258e-03
2.686114422976970673e-02
2.387130260467529297e-01
2.259119004011154175e-01
1.916093379259109497e-01
2.508297860622406006e-01
1.457866374403238297e-02
1.319959294050931931e-02
1.394202411174774170e-01
2.547614276409149170e-01
6.201232317835092545e-03
2.560929860919713974e-03
4.569498822093009949e-02
2.841533534228801727e-02
2.006932944059371948e-01
7.218734174966812134e-02
1.942612044513225555e-02
1.953113973140716553e-01
-2.737766830250620842e-03
1.873847693204879761e-01
1.943574100732803345e-01
-2.476883586496114731e-03
7.586396299302577972e-03
6.177703035064041615e-04
1.098181605339050293e-01
-6.423450540751218796e-03
5.464422982186079025e-03
1.112315654754638672e-01
5.351439863443374634e-02
8.308447897434234619e-02
8.932844735682010651e-03
-6.028208415955305099e-03
1.634241826832294464e-02
-2.293012366862967610e-04
5.475741624832153320e-02
4.612449929118156433e-02
5.982397496700286865e-02
9.630550444126129150e-02
8.232329040765762329e-03
1.516125816851854324e-02
2.615515589714050293e-01
1.113748759962618351e-03
-1.930049248039722443e-02
9.776587784290313721e-02
1.099214516580104828e-02
6.431465968489646912e-03
-9.260420687496662140e-03
3.252352774143218994e-02
1.519002318382263184e-01
1.530721224844455719e-02
8.511438965797424316e-02
-2.324715722352266312e-03
-7.633627392351627350e-03
2.773674428462982178e-01
4.980852827429771423e-02
-3.613227978348731995e-02
1.767049431800842285e-01
-1.033398602157831192e-02
2.654076218605041504e-01
1.779042780399322510e-01
1.297334283590316772e-01
1.208524629473686218e-01
2.898013778030872345e-02
6.167720537632703781e-03
3.779911249876022339e-02
3.724827896803617477e-03
1.679042726755142212e-01
-2.908503171056509018e-03
2.973524928092956543e-01
1.777257174253463745e-01
1.456253789365291595e-02
1.446972936391830444e-01
2.786700427532196045e-01
6.578231696039438248e-03
1.323049366474151611e-01
1.950172893702983856e-02
3.134468942880630493e-02
-1.816408010199666023e-03
3.713149577379226685e-02
-4.831318277865648270e-03
1.161182820796966553e-01
3.352896496653556824e-02
6.132843717932701111e-02
7.631599437445402145e-04
1.103380024433135986e-01
2.355687171220779419e-01
1.959243323653936386e-03
8.299920707941055298e-03
1.491731381975114346e-03
1.293927133083343506e-01
-4.351675976067781448e-03
1.749928295612335205e-01
2.955616684630513191e-03
1.338768154382705688e-01
3.535689041018486023e-02
-5.133437365293502808e-02
1.912288926541805267e-02
-8.455111645162105560e-03
2.281653285026550293e-01
2.471203356981277466e-02
1.622619926929473877e-01
2.764991223812103271e-01
3.589263185858726501e-02
1.919268220663070679e-01
8.677719533443450928e-02
2.561736106872558594e-02
1.874209567904472351e-02
7.988020777702331543e-02
1.293132896535098553e-03
2.826753258705139160e-01
2.926984103396534920e-03
2.584599256515502930e-01
-1.519176643341779709e-03
2.454599291086196899e-01
1.716275364160537720e-01
1.750905880726350006e-06
5.716554354876279831e-03
5.771403200924396515e-03
1.209985688328742981e-01
2.783770859241485596e-01
2.575776167213916779e-02
1.200004443526268005e-01
1.849976554512977600e-02
7.871264591813087463e-03
-6.410329602658748627e-03
2.645596861839294434e-02
-4.595370497554540634e-03
8.042209781706333160e-03
2.852040827274322510e-01
2.304526716470718384e-01
8.062169887125492096e-03
8.176947943866252899e-03
-2.226077392697334290e-02
2.951093316078186035e-01
-1.624136604368686676e-02
1.517788767814636230e-01
2.216284908354282379e-02
2.593249678611755371e-01
2.469583973288536072e-02
4.420175217092037201e-03
8.237392641603946686e-03
6.230235099792480469e-03
2.843842506408691406e-01
-6.926320493221282959e-03
-9.413261897861957550e-03
8.910936303436756134e-03
-1.292285975068807602e-02
2.766456604003906250e-01
1.476213634014129639e-01
2.757772803306579590e-01
7.016603369265794754e-03
2.896530926227569580e-01
3.733034478500485420e-03
-3.853509668260812759e-03
1.196464896202087402e-02
2.506252527236938477e-01
3.379333019256591797e-01
1.527351327240467072e-02
4.610525816679000854e-02
1.118138618767261505e-02
-4.052730510011315346e-04
9.573876112699508667e-02
1.263786479830741882e-02
8.626520866528153419e-04
1.591242849826812744e-01
4.705556202679872513e-03
5.215675383806228638e-02
-5.226745270192623138e-04
-1.431183330714702606e-02
-1.822972408263012767e-04
1.599051207304000854e-01
-5.056798458099365234e-03
5.390654504299163818e-02
-6.129717919975519180e-03
5.720704793930053711e-03
4.077603295445442200e-02
5.801858380436897278e-03
2.934608608484268188e-03
1.378330290317535400e-01
-2.006183785852044821e-04
3.074929304420948029e-02
6.022375077009201050e-03
7.144007831811904907e-02
4.312121495604515076e-02
3.366807848215103149e-02
1.609299778938293457e-01
3.854070231318473816e-02
1.880255490541458130e-01
1.492919474840164185e-01
1.074145641177892685e-02
2.226440012454986572e-01
1.022237241268157959e-01
1.054254844784736633e-01
1.133156288415193558e-02
2.325558161828666925e-04
-7.704433053731918335e-03
1.492279767990112305e-01
-3.170586423948407173e-03
1.499376744031906128e-01
2.100377678871154785e-01
1.462073177099227905e-01
7.596214301884174347e-03
-2.306089922785758972e-02
1.857201755046844482e-02
-3.592205047607421875e-02
1.287638098001480103e-01
9.654945135116577148e-02
6.516943685710430145e-03
3.378811059519648552e-03
2.329147420823574066e-03
-5.740516353398561478e-03
3.703424707055091858e-03
2.577380836009979248e-01
1.860510110855102539e-01
2.578331441327463835e-05
-2.531879581511020660e-02
4.974200855940580368e-04
1.259168684482574463e-01
2.267689444124698639e-02
-8.852614089846611023e-03
1.660648360848426819e-02
3.480094298720359802e-02
8.235780149698257446e-02
2.817992307245731354e-02
7.173413783311843872e-02
-1.110411062836647034e-02
2.143682241439819336e-01
2.991902828216552734e-01
1.876969188451766968e-01
2.430599927902221680e-01
2.793564200401306152e-01
-9.297508746385574341e-03
1.714026629924774170e-01
3.095039427280426025e-01
1.631115674972534180e-01
1.323750335723161697e-02
-1.685950532555580139e-02
7.934550754725933075e-03
6.269054859876632690e-02
3.199122147634625435e-05
3.402501940727233887e-01
7.041926681995391846e-02
2.151632308959960938e-02
1.714981719851493835e-02
2.358082979917526245e-01
-8.399426005780696869e-03
1.449712272733449936e-02
3.399814665317535400e-01
8.149778842926025391e-02
1.372946612536907196e-02
1.083402335643768311e-01
-8.996275137178599834e-04
5.759722366929054260e-02
7.838852703571319580e-03
4.741767048835754395e-02
1.760501861572265625e-01
2.486183308064937592e-02
2.175090163946151733e-01
4.143296275287866592e-03
2.351341694593429565e-01
1.004793681204319000e-02
2.589293122291564941e-01
2.953528240323066711e-02
2.102368697524070740e-02
-2.511416375637054443e-02
-1.150251715444028378e-03
9.157536923885345459e-02
-6.391273345798254013e-03
1.296519786119461060e-01
2.546263635158538818e-01
1.100586447864770889e-02
2.625861950218677521e-02
4.035935923457145691e-02
2.938133850693702698e-02
1.205074600875377655e-03
1.400929093360900879e-01
-1.683717966079711914e-02
9.690862149000167847e-02
6.249352544546127319e-02
2.292063534259796143e-01
-2.640033140778541565e-03
9.097333997488021851e-03
-1.102702878415584564e-02
1.722125709056854248e-02
-1.616487279534339905e-03
2.604269683361053467e-01
1.697547733783721924e-03
4.692032234743237495e-04
1.534897554665803909e-02
3.565256251022219658e-03
9.319834411144256592e-03
5.395029857754707336e-02
5.459109321236610413e-03
4.082989320158958435e-02
1.351963281631469727e-01
9.090118110179901123e-03
-1.630226336419582367e-02
1.606777012348175049e-01
-5.153394769877195358e-03
9.049814194440841675e-03
-3.497513942420482635e-03
2.524167895317077637e-01
1.340595483779907227e-01
1.153615489602088928e-01
-3.411328420042991638e-03
-1.501627149991691113e-03
-3.329585306346416473e-03
1.113083809614181519e-01
4.299396649003028870e-02
3.241155296564102173e-02
2.876195609569549561e-01
1.446792036294937134e-01
1.005788221955299377e-01
8.617160492576658726e-04
2.294201105833053589e-01
3.313495218753814697e-01
1.576208919286727905e-01
4.423553589731454849e-03
1.146268099546432495e-03
1.273502856492996216e-01
4.230592772364616394e-02
-2.219294942915439606e-02
2.611823938786983490e-02
9.409985691308975220e-02
1.841391026973724365e-01
1.070751156657934189e-02
-5.292094312608242035e-03
-2.302585402503609657e-03
1.322680711746215820e-01
2.654114961624145508e-01
-5.852061323821544647e-03
8.911973983049392700e-02
3.124494804069399834e-03
-5.198259279131889343e-02
9.600795060396194458e-02
3.476866707205772400e-02
3.034230768680572510e-01
1.569135487079620361e-02
1.427459903061389923e-02
9.496606141328811646e-02
5.580383539199829102e-02
2.924268245697021484e-01
2.634809315204620361e-01
3.395719081163406372e-02
1.284328475594520569e-02
2.802033722400665283e-01
3.393571078777313232e-02
7.565536070615053177e-03
2.859949171543121338e-01
-7.098230719566345215e-02
4.680568235926330090e-04
1.962336944416165352e-03
1.309796236455440521e-02
1.118099503219127655e-02
-3.981889225542545319e-03
-4.898364190012216568e-03
1.258573532104492188e-01
1.130281314253807068e-01
2.578074634075164795e-01
6.408569961786270142e-02
1.114964112639427185e-02
2.575414180755615234e-01
1.420011278241872787e-03
2.213954925537109375e-03
2.058599293231964111e-01
3.908987641334533691e-01
-2.555784249125281349e-06
2.346867322921752930e-01
2.622646512463688850e-03
2.605113983154296875e-01
4.011686891317367554e-02
1.144443522207438946e-03
1.737774908542633057e-02
2.420774102210998535e-01
1.120288670063018799e-02
5.376194603741168976e-03
-3.931759390980005264e-03
2.732634916901588440e-02
-2.122491830959916115e-03
2.222899943590164185e-01
2.166711725294589996e-03
1.795423217117786407e-02
2.700600028038024902e-01
5.788539722561836243e-02
-8.425162173807621002e-03
2.115598507225513458e-02
2.908716797828674316e-01
2.965927422046661377e-01
1.816347837448120117e-01
2.833462785929441452e-03
-9.452879428863525391e-03
-2.876316569745540619e-02
1.021934822201728821e-01
3.306514350697398186e-03
-4.280976718291640282e-04
4.965776950120925903e-02
-2.268981421366333961e-03
1.596574783325195312e-01
-3.570851171389222145e-03
1.309022959321737289e-02
1.102041304111480713e-01
2.838554084300994873e-01
-8.198297582566738129e-03
1.823884993791580200e-01
-2.993130870163440704e-02
-4.241045098751783371e-03
2.904563955962657928e-02
1.757072359323501587e-01
3.693871200084686279e-02
1.067820712924003601e-01
1.614651530981063843e-01
1.097349077463150024e-02
8.704783022403717041e-02
2.547212839126586914e-01
-3.039036644622683525e-03
1.562034785747528076e-01
1.004192456603050232e-01
2.571277087554335594e-03
1.305246055126190186e-01
6.246563047170639038e-03
4.890836775302886963e-02
4.271147772669792175e-02
3.309170529246330261e-02
-1.123406365513801575e-02
2.002546340227127075e-01
-6.963304243981838226e-03
1.860136836767196655e-01
