1.558722555637359619e-02
1.111466158181428909e-02
1.558857038617134094e-02
2.231139875948429108e-02
1.460597012192010880e-02
8.778630755841732025e-03
1.543437596410512924e-02
1.703278906643390656e-02
1.164624467492103577e-02
1.661257259547710419e-02
1.281748246401548386e-02
1.330229919403791428e-02
1.899455487728118896e-02
2.163864299654960632e-02
1.317925471812486649e-02
1.183387730270624161e-02
2.031247317790985107e-02
2.211751416325569153e-02
1.517425663769245148e-02
1.252502202987670898e-02
1.389580406248569489e-02
9.094145148992538452e-03
2.198634855449199677e-02
1.377501524984836578e-02
1.166279520839452744e-02
1.744645461440086365e-02
9.915943257510662079e-03
1.455235015600919724e-02
1.130475848913192749e-02
1.388201490044593811e-02
2.580508217215538025e-02
1.345719117671251297e-02
1.182879414409399033e-02
1.687206886708736420e-02
1.755137741565704346e-02
1.303794980049133301e-02
1.338960975408554077e-02
1.211976725608110428e-02
1.445275265723466873e-02
1.151745580136775970e-02
1.028279680758714676e-02
1.527529116719961166e-02
2.334033884108066559e-02
1.762920618057250977e-02
1.032516732811927795e-02
1.199341937899589539e-02
1.199285220354795456e-02
1.324275787919759750e-02
1.030621957033872604e-02
1.122544333338737488e-02
1.361753698438405991e-02
1.465343404561281204e-02
1.278726663440465927e-02
1.223938353359699249e-02
1.302815042436122894e-02
1.097009330987930298e-02
3.027081303298473358e-02
2.182333171367645264e-02
1.495442260056734085e-02
1.206071209162473679e-02
1.038700062781572342e-02
1.746957004070281982e-02
1.587785221636295319e-02
1.911773532629013062e-02
1.798851974308490753e-02
1.201775483787059784e-02
1.692975126206874847e-02
2.115208841860294342e-02
1.065164897590875626e-02
1.446158066391944885e-02
1.409634482115507126e-02
1.818257197737693787e-02
1.096114795655012131e-02
1.010664552450180054e-02
1.397880818694829941e-02
1.481200661510229111e-02
1.413448527455329895e-02
1.063102763146162033e-02
2.761547453701496124e-02
1.399099174886941910e-02
1.095837540924549103e-02
1.532921195030212402e-02
1.253818068653345108e-02
1.231420971453189850e-02
9.472372941672801971e-03
1.217573881149291992e-02
1.666929200291633606e-02
1.605939492583274841e-02
1.317124441266059875e-02
1.153486967086791992e-02
1.280738133937120438e-02
1.617058366537094116e-02
1.031921617686748505e-02
1.733312010765075684e-02
1.598079130053520203e-02
1.228595711290836334e-02
2.178861945867538452e-02
1.080641988664865494e-02
1.498280372470617294e-02
1.091186236590147018e-02
1.137249078601598740e-02
1.634494215250015259e-02
1.072804071009159088e-02
1.368022896349430084e-02
1.094407308846712112e-02
1.163029391318559647e-02
1.408426370471715927e-02
1.068195980042219162e-02
1.244457345455884933e-02
1.240370143204927444e-02
1.040775794535875320e-02
1.574728079140186310e-02
2.332166209816932678e-02
1.495996583253145218e-02
1.695482060313224792e-02
2.393351495265960693e-02
1.235343050211668015e-02
1.589262671768665314e-02
1.319347228854894638e-02
2.401908673346042633e-02
2.179201878607273102e-02
1.398318819701671600e-02
9.409761056303977966e-03
1.190284267067909241e-02
1.838265173137187958e-02
1.309166382998228073e-02
2.057907171547412872e-02
1.422652695327997208e-02
3.091993741691112518e-02
1.443541701883077621e-02
1.299993414431810379e-02
1.269083004444837570e-02
1.536550838500261307e-02
1.820617727935314178e-02
1.274710707366466522e-02
1.707127504050731659e-02
2.202301286160945892e-02
2.272436767816543579e-02
1.890963874757289886e-02
2.271180786192417145e-02
1.405672822147607803e-02
9.825379587709903717e-03
1.993726193904876709e-02
1.225892547518014908e-02
1.463023480027914047e-02
1.799867674708366394e-02
1.833190210163593292e-02
1.680877245962619781e-02
1.568398065865039825e-02
1.540090609341859818e-02
1.614104770123958588e-02
1.259008515626192093e-02
1.097360718995332718e-02
1.017180178314447403e-02
1.543951313942670822e-02
1.278473343700170517e-02
1.352107245475053787e-02
1.092783361673355103e-02
1.311928033828735352e-02
1.969113759696483612e-02
1.213047001510858536e-02
1.814844273030757904e-02
1.284668408334255219e-02
1.301816850900650024e-02
1.251633372157812119e-02
1.631538942456245422e-02
1.674687862396240234e-02
1.227289531379938126e-02
1.008850336074829102e-02
1.604022458195686340e-02
1.284049544483423233e-02
1.208012923598289490e-02
1.450042054057121277e-02
2.344022504985332489e-02
1.800590008497238159e-02
2.041294798254966736e-02
1.525788940489292145e-02
1.652285270392894745e-02
1.090700458735227585e-02
1.658168993890285492e-02
1.974525302648544312e-02
1.842463575303554535e-02
1.124047581106424332e-02
1.328747905790805817e-02
1.302882283926010132e-02
1.088929921388626099e-02
2.017585374414920807e-02
1.244202256202697754e-02
1.638036966323852539e-02
1.969368383288383484e-02
1.882786490023136139e-02
9.354040026664733887e-03
1.146982703357934952e-02
1.179125625640153885e-02
1.242629159241914749e-02
1.578875631093978882e-02
1.667406968772411346e-02
1.150197256356477737e-02
1.268865074962377548e-02
1.439032796770334244e-02
8.323820307850837708e-03
1.254275254905223846e-02
1.588790491223335266e-02
9.997296147048473358e-03
1.003089174628257751e-02
1.751215942203998566e-02
2.296000346541404724e-02
1.339816581457853317e-02
1.279063709080219269e-02
1.712026260793209076e-02
1.320328097790479660e-02
1.496998034417629242e-02
1.550758723169565201e-02
1.334972120821475983e-02
1.816374436020851135e-02
1.308883260935544968e-02
1.549182552844285965e-02
1.838758215308189392e-02
1.003205683082342148e-02
1.877731271088123322e-02
1.134750898927450180e-02
1.543298270553350449e-02
1.033656112849712372e-02
1.453677285462617874e-02
2.191032096743583679e-02
2.602193504571914673e-02
1.663790643215179443e-02
1.621508784592151642e-02
1.403110381215810776e-02
2.369150333106517792e-02
2.036898396909236908e-02
9.045654907822608948e-03
1.546010933816432953e-02
1.338468026369810104e-02
1.549156568944454193e-02
1.863350160419940948e-02
1.723062247037887573e-02
1.411443296819925308e-02
1.253502443432807922e-02
1.223544217646121979e-02
1.387985702604055405e-02
1.190111972391605377e-02
1.219984609633684158e-02
1.278814580291509628e-02
2.233652397990226746e-02
1.177101302891969681e-02
1.684604398906230927e-02
1.407457701861858368e-02
2.084900252521038055e-02
1.828626543283462524e-02
2.987774461507797241e-02
1.381594594568014145e-02
1.973832957446575165e-02
1.119444798678159714e-02
9.204176254570484161e-03
1.841684430837631226e-02
