-1.534160226583480835e-01
1.852912642061710358e-02
6.302820984274148941e-03
-1.076465025544166565e-01
-1.880157291889190674e-01
-1.379216462373733521e-01
-4.558592662215232849e-02
-1.717166155576705933e-01
-1.250720620155334473e-01
1.413645036518573761e-02
-1.812032759189605713e-01
-1.498954743146896362e-01
-1.637258380651473999e-01
-1.880981028079986572e-02
-1.678642183542251587e-01
-1.443852037191390991e-01
-7.156015932559967041e-02
-3.809869289398193359e-02
-7.213576138019561768e-02
-1.751180291175842285e-01
-1.521850824356079102e-01
-8.501397073268890381e-02
6.253966595977544785e-03
-6.946185231208801270e-02
-4.966340214014053345e-02
-1.304031610488891602e-01
2.645113691687583923e-02
-9.646458178758621216e-02
-1.659055501222610474e-01
-7.033769786357879639e-02
-3.567335382103919983e-02
-8.267921954393386841e-02
-1.077419519424438477e-01
-1.052489727735519409e-01
-9.431292116641998291e-02
-1.322112381458282471e-01
-9.087461978197097778e-02
-4.344546049833297729e-02
-3.483662381768226624e-02
-8.323188871145248413e-02
-8.836576342582702637e-02
-8.006855100393295288e-02
-9.488213807344436646e-02
-1.403195559978485107e-01
-6.601780652999877930e-02
-9.536186605691909790e-02
-1.570860296487808228e-01
-1.180555000901222229e-01
-1.044994518160820007e-01
-9.818384796380996704e-02
-1.382899135351181030e-01
-7.735149562358856201e-02
-4.251901805400848389e-02
-3.299377858638763428e-01
-1.648250222206115723e-01
-5.139219015836715698e-02
-8.578308671712875366e-02
-1.612713932991027832e-01
4.293520748615264893e-02
-1.690035313367843628e-02
-6.694991141557693481e-02
1.414516866207122803e-01
-1.692773774266242981e-02
-1.406016349792480469e-01
-1.162224486470222473e-01
-3.145567700266838074e-02
-8.100282400846481323e-02
-1.462624669075012207e-01
-1.556184887886047363e-01
-8.164503425359725952e-02
-6.932287663221359253e-02
-1.054590344429016113e-01
-1.247129589319229126e-01
-1.693447828292846680e-01
-1.051754690706729889e-02
2.091224640607833862e-01
-1.336714029312133789e-01
1.572340843267738819e-03
-1.022807359695434570e-01
-1.027953028678894043e-01
-6.064905226230621338e-02
-1.521556973457336426e-01
-1.760270148515701294e-01
4.976880922913551331e-02
-5.623048543930053711e-02
-1.343775391578674316e-01
-1.115738973021507263e-01
-5.749784409999847412e-02
-5.515826866030693054e-02
-1.528143137693405151e-01
-3.576651960611343384e-02
-9.996961057186126709e-02
-1.304464638233184814e-01
-4.655704833567142487e-03
-1.353348791599273682e-01
-1.302543729543685913e-01
-9.152103215456008911e-02
-9.777998179197311401e-02
-1.040884759277105331e-02
2.263904921710491180e-02
-7.932879775762557983e-02
-1.431930810213088989e-01
-4.021451249718666077e-02
-3.810409829020500183e-02
-1.284876912832260132e-01
-7.979810982942581177e-02
5.317939445376396179e-02
-7.304786890745162964e-02
-2.105156481266021729e-01
-2.544582821428775787e-02
-1.119681671261787415e-01
-1.361899971961975098e-01
-1.390171051025390625e-01
-6.062703952193260193e-02
-1.243170574307441711e-01
-1.169061884284019470e-01
-1.202806010842323303e-01
-1.248719543218612671e-01
2.532264590263366699e-02
-1.062932088971138000e-01
-9.496839344501495361e-02
-8.057045191526412964e-02
-6.156533583998680115e-02
-5.736006796360015869e-02
-4.973541572690010071e-02
-1.602293103933334351e-01
-1.168112754821777344e-01
-1.690882146358489990e-01
-1.608089208602905273e-01
-4.877541586756706238e-02
-1.329099535942077637e-01
-1.263561993837356567e-01
-9.284012019634246826e-02
-5.361110717058181763e-02
-1.786080300807952881e-01
-6.421462446451187134e-02
6.516304612159729004e-02
-7.645312696695327759e-02
-8.555525541305541992e-02
-7.277122233062982559e-03
-3.014186955988407135e-02
7.398553937673568726e-02
-8.717782050371170044e-02
-1.576102077960968018e-01
-1.411658823490142822e-01
-1.434534341096878052e-01
-4.391229897737503052e-02
-5.092956870794296265e-02
3.390023484826087952e-02
-9.903549402952194214e-02
-1.010504066944122314e-01
-1.459964960813522339e-01
-5.920430645346641541e-02
-1.022044345736503601e-01
-1.250256001949310303e-01
-8.392190933227539062e-02
-1.574448198080062866e-01
-1.794066131114959717e-01
-2.082247287034988403e-02
-9.668300300836563110e-02
-8.147649466991424561e-02
-1.701816320419311523e-01
-8.191312849521636963e-02
4.121834412217140198e-02
-5.147790536284446716e-03
-2.340890765190124512e-01
-1.040803864598274231e-01
-1.076711490750312805e-01
-1.686056405305862427e-01
-1.206781789660453796e-01
-3.210965543985366821e-02
-1.360821127891540527e-01
-1.332241743803024292e-01
-1.179950386285781860e-01
-1.132460460066795349e-01
-1.541905850172042847e-01
-3.314071521162986755e-02
-1.594610512256622314e-01
-4.955853521823883057e-02
-1.201311349868774414e-01
-1.464917659759521484e-01
-6.961783021688461304e-02
-1.338466703891754150e-01
-4.786918312311172485e-02
-9.956326335668563843e-02
-3.304335474967956543e-02
-9.476660192012786865e-02
-8.456073701381683350e-02
-1.685286611318588257e-01
6.786697357892990112e-02
-4.186232388019561768e-02
-8.628835529088973999e-02
-8.982744812965393066e-02
-1.543685197830200195e-01
-1.004828214645385742e-01
-5.528216063976287842e-02
-1.425999253988265991e-01
-1.410703361034393311e-01
-6.326033920049667358e-02
-1.525253355503082275e-01
-9.949602931737899780e-02
1.777019165456295013e-02
-1.672662198543548584e-01
-6.198447570204734802e-02
5.312705039978027344e-02
-1.368790417909622192e-01
-6.320516020059585571e-02
-1.178715005517005920e-01
-1.616826951503753662e-01
-1.061905696988105774e-01
-8.025313168764114380e-02
-1.627771258354187012e-01
-1.020346879959106445e-01
-1.733960211277008057e-01
-2.167181856930255890e-02
-1.389296501874923706e-01
-1.538100987672805786e-01
-5.844588577747344971e-02
-1.068111285567283630e-01
-7.004150748252868652e-02
-4.836929589509963989e-02
-1.113566756248474121e-01
-1.421087086200714111e-01
-3.152453899383544922e-02
2.636554464697837830e-02
-7.639276981353759766e-02
-1.884707598946988583e-03
-8.953258395195007324e-02
4.589666053652763367e-02
-1.228045672178268433e-01
-4.595294222235679626e-02
-1.302740573883056641e-01
3.038585372269153595e-02
-3.092643106356263161e-03
-3.988927975296974182e-02
-1.261321306228637695e-01
-7.546405494213104248e-02
-8.420407772064208984e-02
-1.188974753022193909e-01
-1.167385578155517578e-01
1.103650592267513275e-02
-6.802574545145034790e-02
-1.386530548334121704e-01
-1.015822514891624451e-01
-1.808172613382339478e-01
-1.114204153418540955e-01
-1.654865741729736328e-01
-1.241746842861175537e-01
-8.288827538490295410e-02
-1.265785098075866699e-01
-1.014824360609054565e-01
-1.227270439267158508e-01
-1.012895554304122925e-01
4.098491370677947998e-02
-9.625985473394393921e-02
-1.434169709682464600e-01
