2.072910219430923462e-02
1.325795706361532211e-02
1.630942337214946747e-02
1.135582569986581802e-02
1.723888143897056580e-02
1.336211059242486954e-02
1.981576904654502869e-02
1.512492448091506958e-02
2.498472668230533600e-02
1.824612542986869812e-02
1.352090388536453247e-02
1.468547992408275604e-02
1.493849884718656540e-02
1.191472075879573822e-02
1.240366231650114059e-02
1.280714292079210281e-02
1.318647246807813644e-02
1.659575477242469788e-02
1.570141687989234924e-02
1.645488850772380829e-02
1.695346646010875702e-02
1.820329017937183380e-02
2.055008336901664734e-02
1.136127952486276627e-02
1.114672701805830002e-02
1.654466427862644196e-02
1.720138825476169586e-02
1.244938466697931290e-02
2.024085447192192078e-02
1.169799640774726868e-02
2.245748415589332581e-02
1.504729688167572021e-02
2.005272917449474335e-02
1.410516537725925446e-02
1.285447273403406143e-02
1.877286471426486969e-02
1.378145441412925720e-02
1.569277234375476837e-02
1.552328653633594513e-02
1.636867038905620575e-02
1.365910936146974564e-02
1.916123181581497192e-02
1.474525406956672668e-02
1.442791335284709930e-02
1.289084553718566895e-02
1.211064029484987259e-02
1.680304296314716339e-02
1.402575522661209106e-02
2.100615575909614563e-02
1.090531144291162491e-02
4.745385050773620605e-02
1.105626672506332397e-02
2.171570248901844025e-02
1.465804874897003174e-02
1.756875216960906982e-02
1.827325858175754547e-02
1.497407164424657822e-02
1.661830581724643707e-02
1.287849806249141693e-02
1.326750218868255615e-02
1.584797166287899017e-02
1.717170700430870056e-02
1.992714032530784607e-02
1.173620019108057022e-02
1.628964394330978394e-02
1.822755485773086548e-02
1.910950429737567902e-02
1.454692706465721130e-02
2.402004040777683258e-02
1.707107387483119965e-02
1.966547034680843353e-02
1.429677940905094147e-02
1.786579005420207977e-02
1.372937019914388657e-02
1.746733486652374268e-02
1.332945190370082855e-02
2.009440213441848755e-02
1.956051401793956757e-02
1.442640274763107300e-02
1.297965925186872482e-02
1.117490790784358978e-02
1.546753570437431335e-02
1.963360607624053955e-02
1.575193367898464203e-02
2.139286510646343231e-02
1.753329113125801086e-02
2.113399282097816467e-02
1.659125648438930511e-02
2.745922282338142395e-02
1.762229949235916138e-02
1.459275372326374054e-02
2.052621357142925262e-02
2.116801775991916656e-02
1.695065572857856750e-02
1.453324966132640839e-02
1.716438867151737213e-02
1.576799154281616211e-02
1.740401238203048706e-02
1.775287277996540070e-02
1.785740070044994354e-02
1.817805692553520203e-02
1.977748423814773560e-02
1.834726147353649139e-02
1.937075145542621613e-02
1.040875818580389023e-02
1.510515715926885605e-02
1.681416854262351990e-02
1.548424270004034042e-02
2.087693661451339722e-02
2.247406356036663055e-02
1.775285787880420685e-02
1.964052580296993256e-02
1.513410545885562897e-02
2.786283940076828003e-02
1.353023201227188110e-02
2.012469619512557983e-02
1.624659635126590729e-02
9.420983493328094482e-03
1.090279966592788696e-02
1.517611462622880936e-02
9.675248526036739349e-03
2.009137719869613647e-02
1.527112722396850586e-02
1.362426858395338058e-02
1.449573412537574768e-02
1.967347413301467896e-02
1.850541122257709503e-02
1.598647981882095337e-02
1.763643696904182434e-02
2.430958300828933716e-02
2.565131336450576782e-02
1.417526882141828537e-02
1.665049791336059570e-02
1.354485657066106796e-02
2.283832058310508728e-02
1.778053119778633118e-02
1.463275682181119919e-02
1.990056410431861877e-02
1.673904247581958771e-02
1.906820386648178101e-02
1.909695379436016083e-02
1.314766611903905869e-02
1.554074324667453766e-02
1.313607767224311829e-02
1.366095431149005890e-02
1.628194563090801239e-02
1.270237658172845840e-02
2.707266993820667267e-02
1.614034920930862427e-02
1.288412138819694519e-02
1.572811044752597809e-02
1.283346582204103470e-02
1.466097962111234665e-02
1.527115702629089355e-02
1.671500876545906067e-02
1.454090606421232224e-02
1.905763894319534302e-02
2.152731828391551971e-02
1.154764834791421890e-02
1.734903827309608459e-02
1.618820242583751678e-02
1.889783516526222229e-02
1.205878704786300659e-02
1.863746531307697296e-02
1.742521300911903381e-02
2.066514641046524048e-02
1.562007050961256027e-02
1.075330749154090881e-02
1.907505840063095093e-02
1.358892582356929779e-02
1.534186117351055145e-02
1.392074301838874817e-02
1.401363406330347061e-02
1.428904198110103607e-02
1.620052941143512726e-02
1.565475389361381531e-02
2.032031677663326263e-02
1.428113225847482681e-02
1.180332805961370468e-02
1.546345464885234833e-02
1.360193453729152679e-02
8.880736306309700012e-03
1.463001221418380737e-02
8.629375137388706207e-03
3.010497055947780609e-02
2.516122907400131226e-02
1.704663969576358795e-02
3.492628410458564758e-02
1.320569310337305069e-02
1.286012120544910431e-02
1.203184388577938080e-02
1.481277868151664734e-02
2.188059128820896149e-02
1.458494458347558975e-02
8.779978379607200623e-03
1.318149454891681671e-02
1.685156673192977905e-02
1.231616549193859100e-02
1.657670922577381134e-02
1.291830744594335556e-02
1.017437223345041275e-02
1.634581945836544037e-02
8.905596099793910980e-03
1.079548336565494537e-02
1.653780043125152588e-02
1.294931024312973022e-02
1.164036430418491364e-02
1.428361982107162476e-02
1.822215132415294647e-02
1.196960359811782837e-02
1.619916409254074097e-02
1.821548491716384888e-02
1.371399685740470886e-02
1.104931253939867020e-02
1.331556122750043869e-02
1.474762521684169769e-02
1.598147302865982056e-02
1.564245298504829407e-02
1.850476674735546112e-02
1.990571431815624237e-02
1.308473665267229080e-02
2.062900736927986145e-02
1.168780960142612457e-02
1.551096513867378235e-02
1.368966605514287949e-02
1.503943745046854019e-02
1.613247208297252655e-02
1.293669268488883972e-02
1.476638577878475189e-02
1.594286225736141205e-02
1.126448716968297958e-02
1.239354349672794342e-02
3.160032257437705994e-02
1.627513952553272247e-02
1.287404727190732956e-02
2.123334445059299469e-02
1.192688196897506714e-02
1.428302843123674393e-02
1.703896746039390564e-02
1.446468103677034378e-02
1.114006526768207550e-02
3.005283884704113007e-02
1.524950191378593445e-02
1.164358947426080704e-02
1.736943796277046204e-02
1.259064488112926483e-02
1.781943812966346741e-02
2.448918856680393219e-02
1.255578640848398209e-02
2.930435352027416229e-02
1.508723013103008270e-02
1.451674848794937134e-02
1.110644359141588211e-02
1.806092076003551483e-02
1.004082057625055313e-02
1.477793883532285690e-02
