1.613323241472244263e-01
1.156289130449295044e-01
8.943902701139450073e-02
1.177556738257408142e-01
8.690349012613296509e-02
2.697601020336151123e-01
1.381112635135650635e-01
-6.484656478278338909e-04
5.565232783555984497e-02
1.132868677377700806e-01
9.567865729331970215e-02
1.045685410499572754e-01
1.404539346694946289e-01
2.851702459156513214e-02
1.904920786619186401e-01
1.992934048175811768e-01
1.160862520337104797e-01
2.338859252631664276e-02
1.739202737808227539e-01
8.472532033920288086e-02
7.697241753339767456e-02
2.147704511880874634e-01
8.958761580288410187e-03
6.689650565385818481e-02
4.892158880829811096e-02
2.371760308742523193e-01
1.504296809434890747e-01
1.389411985874176025e-01
2.080086618661880493e-01
6.897054612636566162e-02
2.019417285919189453e-02
1.523762494325637817e-01
1.655282527208328247e-01
2.147088646888732910e-01
1.092682406306266785e-01
1.196399405598640442e-01
1.602121293544769287e-01
2.482618838548660278e-01
2.319415956735610962e-01
1.132221519947052002e-01
1.231555715203285217e-01
1.510812155902385712e-02
6.443651020526885986e-02
9.923066198825836182e-02
1.156928688287734985e-01
1.232020705938339233e-01
1.393203586339950562e-01
2.116918116807937622e-01
1.775837391614913940e-01
1.616581231355667114e-01
1.789492964744567871e-01
1.670684963464736938e-01
3.513158112764358521e-02
8.174285292625427246e-02
1.833336204290390015e-01
1.474465578794479370e-01
1.484927982091903687e-01
1.321068257093429565e-01
1.061446517705917358e-01
9.667738527059555054e-02
1.374686509370803833e-01
2.341483980417251587e-01
2.027698904275894165e-01
2.283628135919570923e-01
1.861709505319595337e-01
1.402241140604019165e-01
1.630458235740661621e-01
1.741342991590499878e-01
1.650769561529159546e-01
1.041073948144912720e-01
2.811376154422760010e-01
9.356973320245742798e-02
2.108101248741149902e-01
7.763373851776123047e-02
2.166855782270431519e-01
1.996393501758575439e-01
1.112071458919672295e-05
1.450821906328201294e-01
1.745874434709548950e-01
1.515825688838958740e-01
1.090027466416358948e-01
1.128746420145034790e-01
2.293285876512527466e-01
1.790201663970947266e-01
1.369771361351013184e-01
-5.366990080801770091e-05
2.059544771909713745e-01
1.128805577754974365e-01
1.608763635158538818e-01
2.102121412754058838e-01
2.238885164260864258e-01
2.121608108282089233e-01
1.637911945581436157e-01
1.961638480424880981e-01
6.027986854314804077e-02
1.362301260232925415e-01
1.835900396108627319e-01
1.762893795967102051e-01
8.474684506654739380e-02
2.167777270078659058e-01
1.067379936575889587e-01
7.534016668796539307e-02
1.444603055715560913e-01
2.168130576610565186e-01
4.943847656250000000e-02
2.579364478588104248e-01
1.215741261839866638e-01
1.869998574256896973e-01
1.960680484771728516e-01
2.020500600337982178e-01
1.186874508857727051e-01
1.061219722032546997e-01
9.335245192050933838e-02
1.107531338930130005e-01
9.240049123764038086e-02
2.228187769651412964e-01
4.190497472882270813e-02
1.614491343498229980e-01
1.760921627283096313e-01
2.070236206054687500e-01
1.953720450401306152e-01
2.201142609119415283e-01
1.105464398860931396e-01
1.967627257108688354e-01
1.833063066005706787e-01
1.309788078069686890e-01
9.302244335412979126e-02
1.174240931868553162e-01
1.019128635525703430e-01
1.521111130714416504e-01
2.107049673795700073e-01
1.336314827203750610e-01
1.635580509901046753e-01
1.193408593535423279e-01
1.305854767560958862e-01
1.098808571696281433e-01
1.284270733594894409e-01
5.628346279263496399e-02
7.912726700305938721e-02
2.179951965808868408e-01
1.730424314737319946e-01
1.472702622413635254e-01
9.718543291091918945e-02
1.339507102966308594e-01
2.967252023518085480e-02
2.364879101514816284e-01
1.252182126045227051e-01
3.599206320359371603e-05
1.552566587924957275e-01
1.968334019184112549e-01
2.391421049833297729e-01
2.085344940423965454e-01
1.289352029561996460e-01
1.919693499803543091e-01
2.005065083503723145e-01
1.010074689984321594e-01
7.851911336183547974e-02
4.170186366536654532e-05
4.594163224101066589e-02
8.638767898082733154e-02
1.774756014347076416e-01
1.022326573729515076e-01
1.699875146150588989e-01
2.380309104919433594e-01
5.753219127655029297e-02
1.310299485921859741e-01
1.477135419845581055e-01
1.340697854757308960e-01
1.987080276012420654e-01
2.003369778394699097e-01
2.464649230241775513e-01
2.135285437107086182e-01
1.068368554115295410e-01
1.128274351358413696e-01
1.125284135341644287e-01
7.174360007047653198e-02
1.651619523763656616e-01
1.433101296424865723e-01
1.776863038539886475e-01
1.944183111190795898e-01
2.323358952999114990e-01
1.506310403347015381e-01
1.112136319279670715e-01
2.101937085390090942e-01
1.489795297384262085e-01
1.732311993837356567e-01
1.357427388429641724e-01
2.047285996377468109e-02
1.134006157517433167e-01
1.733212769031524658e-01
1.106514409184455872e-01
1.308364123106002808e-01
1.572316586971282959e-01
1.007676795125007629e-01
2.166033387184143066e-01
2.156860381364822388e-01
8.206121623516082764e-02
1.706681400537490845e-01
2.097581326961517334e-01
1.880544275045394897e-01
1.455007642507553101e-01
1.079525827663019300e-05
1.532561480998992920e-01
2.651610970497131348e-01
1.763954609632492065e-01
1.641347855329513550e-01
3.421837463974952698e-02
2.105772048234939575e-01
6.419621407985687256e-02
-4.215959563680371502e-07
1.737412959337234497e-01
1.254797726869583130e-01
4.078466445207595825e-02
7.350143790245056152e-02
7.419249415397644043e-02
1.795000284910202026e-01
1.233017072081565857e-01
8.519376069307327271e-02
1.666131615638732910e-01
1.733036190271377563e-01
1.297241896390914917e-01
2.100756764411926270e-02
1.639728695154190063e-01
3.732301667332649231e-02
1.076784208416938782e-01
1.848149597644805908e-01
8.482508361339569092e-02
3.485105892764295277e-08
2.130346149206161499e-01
1.157468333840370178e-01
1.357702165842056274e-01
2.260318100452423096e-01
2.393197864294052124e-01
1.079459935426712036e-01
1.976615488529205322e-01
8.330959826707839966e-02
1.063510477542877197e-01
7.208994030952453613e-02
1.185039281845092773e-01
1.909056305885314941e-01
1.317803114652633667e-01
1.422829926013946533e-01
1.254227757453918457e-01
2.733497135341167450e-02
2.281746864318847656e-01
1.664194911718368530e-01
2.171314656734466553e-01
1.740535199642181396e-01
1.104797273874282837e-01
2.280325442552566528e-01
1.513807028532028198e-01
9.242973476648330688e-02
1.530954092741012573e-01
1.366253197193145752e-01
1.921545118093490601e-01
1.838883757591247559e-01
2.280016839504241943e-01
1.643377393484115601e-01
1.048547551035881042e-01
1.098368838429450989e-01
1.050825417041778564e-01
1.483825594186782837e-01
1.312909871339797974e-01
2.486252188682556152e-01
1.119339242577552795e-01
6.510830670595169067e-02
4.116139933466911316e-02
1.623897552490234375e-01
1.569697856903076172e-01
2.370771914720535278e-01
1.740746051073074341e-01
1.502195596694946289e-01
2.032645195722579956e-01
1.521383076906204224e-01
6.011964008212089539e-02
1.586110591888427734e-01
1.721720844507217407e-01
1.948534995317459106e-01
1.431274861097335815e-01
8.646617084741592407e-02
1.310800760984420776e-01
3.005778230726718903e-02
2.173501700162887573e-01
2.107793539762496948e-01
3.218017891049385071e-02
1.280673146247863770e-01
1.606751233339309692e-01
6.661946372332749888e-07
1.328013241291046143e-01
1.579780429601669312e-01
1.212578266859054565e-01
-4.748274022858822718e-07
1.643952429294586182e-01
1.480689197778701782e-01
1.524085104465484619e-01
1.204983741044998169e-01
1.721026450395584106e-01
1.622179299592971802e-01
1.154855713248252869e-01
4.508788883686065674e-02
1.448340564966201782e-01
2.095825038850307465e-03
6.130439788103103638e-02
1.069427579641342163e-01
2.148178219795227051e-01
9.675855189561843872e-02
9.566396474838256836e-02
1.896561533212661743e-01
1.958863285835832357e-04
1.813466697931289673e-01
1.467870920896530151e-01
1.398853063583374023e-01
1.977368295192718506e-01
1.033935546875000000e-01
4.234252497553825378e-02
1.796980649232864380e-01
9.407754646417743061e-07
1.238859966397285461e-01
1.203193664550781250e-01
1.280241310596466064e-01
1.627269685268402100e-01
7.107178866863250732e-02
9.357348062621895224e-06
9.430288523435592651e-02
8.155011385679244995e-02
2.045518308877944946e-01
1.667194962501525879e-01
1.392864286899566650e-01
1.468443721532821655e-01
6.898573786020278931e-02
9.373781830072402954e-02
2.231575548648834229e-01
2.045677453279495239e-01
2.249045073986053467e-01
1.714681237936019897e-01
1.446741968393325806e-01
1.236093491315841675e-01
1.293926239013671875e-01
6.227927654981613159e-02
1.440323442220687866e-01
1.591592282056808472e-01
2.027315497398376465e-01
1.088436783902579919e-05
-3.270242586950189434e-06
3.871850669384002686e-02
1.201936900615692139e-01
7.099416106939315796e-02
1.535055488348007202e-01
2.464810609817504883e-01
1.817656755447387695e-01
7.394456863403320312e-02
1.030918508768081665e-01
1.906894147396087646e-01
1.794689297676086426e-01
8.110741525888442993e-02
9.033776074647903442e-02
7.716349512338638306e-02
1.757446676492691040e-01
1.004955768585205078e-01
6.854693591594696045e-02
9.119419008493423462e-02
7.883868366479873657e-02
8.145696669816970825e-02
1.111136823892593384e-01
2.549254596233367920e-01
1.856556981801986694e-01
1.528628617525100708e-01
6.348183433146914467e-06
2.188947647809982300e-01
2.488454282283782959e-01
2.272159010171890259e-01
1.747135370969772339e-01
1.483719795942306519e-01
1.349491178989410400e-01
1.642789095640182495e-01
7.552967965602874756e-02
1.459158509969711304e-01
1.714069396257400513e-01
1.683520674705505371e-01
5.996175855398178101e-02
2.038409262895584106e-01
1.066890209913253784e-01
3.644668683409690857e-02
1.869424432516098022e-01
1.426764875650405884e-01
1.444782614707946777e-01
1.366990953683853149e-01
1.705850958824157715e-01
8.661124855279922485e-02
1.122826635837554932e-01
1.416067332029342651e-01
1.877365261316299438e-01
1.715363860130310059e-01
1.065471768379211426e-01
1.631175279617309570e-01
1.584384292364120483e-01
7.852020859718322754e-02
-5.766464528278447688e-05
1.295991986989974976e-01
1.204354017972946167e-01
1.423939168453216553e-01
3.911549597978591919e-02
2.096261084079742432e-01
1.805337816476821899e-01
1.549682915210723877e-01
3.178288636718207272e-07
1.070073395967483521e-01
2.139178514480590820e-01
1.203553676605224609e-01
1.716829389333724976e-01
1.833722442388534546e-01
1.315930932760238647e-01
2.611773610115051270e-01
1.099219545722007751e-01
2.427212148904800415e-01
1.392859071493148804e-01
2.044712901115417480e-01
1.793463975191116333e-01
1.700037121772766113e-01
1.951285898685455322e-01
2.099098563194274902e-01
2.055089771747589111e-01
1.046417504549026489e-01
1.836849749088287354e-01
1.799811422824859619e-01
1.429195851087570190e-01
1.273142993450164795e-01
9.417665004730224609e-02
7.124815881252288818e-02
5.685748532414436340e-02
1.541768312454223633e-01
1.518107056617736816e-01
1.259760260581970215e-01
3.845456242561340332e-02
1.316276788711547852e-01
1.245270967483520508e-01
2.064733952283859253e-01
6.466235845437040552e-06
1.213283166289329529e-01
1.487983614206314087e-01
6.506158411502838135e-02
7.435522228479385376e-02
1.839006394147872925e-01
1.167775541543960571e-01
1.086240410804748535e-01
2.029745429754257202e-01
2.626678943634033203e-01
-1.729164039716124535e-03
1.180159300565719604e-01
2.901342511177062988e-01
1.940162032842636108e-01
1.487180739641189575e-01
2.123720794916152954e-01
7.166626304388046265e-02
1.712773740291595459e-01
1.632631123065948486e-01
1.812339276075363159e-01
2.105739265680313110e-01
-1.462768295823480003e-06
2.053694725036621094e-01
5.497793480753898621e-02
1.061646491289138794e-01
2.303563654422760010e-01
8.558131754398345947e-02
6.713344901800155640e-02
1.931973248720169067e-01
2.011512964963912964e-01
1.706402003765106201e-01
8.102975040674209595e-02
1.777578294277191162e-01
-2.726206730585545301e-05
1.514757722616195679e-01
9.428185969591140747e-02
5.452017113566398621e-02
2.018681466579437256e-01
1.112487167119979858e-01
1.588176190853118896e-01
2.262088209390640259e-01
1.607804894447326660e-01
7.575109601020812988e-02
3.460977971553802490e-01
8.909700065851211548e-02
2.578446865081787109e-01
9.037956595420837402e-02
1.495207101106643677e-01
1.386607885360717773e-01
1.950257867574691772e-01
8.720698207616806030e-02
1.467889100313186646e-01
6.912374496459960938e-02
5.781064182519912720e-02
1.664316505193710327e-01
1.055220961570739746e-01
2.116034775972366333e-01
1.497747153043746948e-01
2.101463824510574341e-01
1.807288825511932373e-01
7.211307436227798462e-02
1.053232252597808838e-01
6.264209002256393433e-02
2.267611771821975708e-01
1.530330330133438110e-01
1.984691768884658813e-01
7.469626516103744507e-02
7.720800489187240601e-02
2.423395961523056030e-02
3.745033964514732361e-02
1.442438215017318726e-01
1.161627396941184998e-01
1.654543578624725342e-01
1.992806047201156616e-01
1.926383376121520996e-01
1.727366894483566284e-01
2.258167117834091187e-01
1.103133559226989746e-01
9.465096145868301392e-02
8.243352919816970825e-02
1.623828411102294922e-01
1.682715117931365967e-01
1.446383744478225708e-01
1.290214359760284424e-01
5.301067978143692017e-02
1.496656984090805054e-01
1.508758664131164551e-01
1.808643937110900879e-01
1.424119025468826294e-01
1.836301833391189575e-01
1.412902325391769409e-01
2.488473355770111084e-01
1.292559951543807983e-01
1.800183504819869995e-01
8.423043787479400635e-02
1.940224915742874146e-01
1.886650919914245605e-01
8.671917766332626343e-02
1.684105843305587769e-01
1.944940090179443359e-01
2.093865275382995605e-01
4.095620289444923401e-02
1.553987711668014526e-01
9.275369346141815186e-02
2.130583673715591431e-01
8.278568834066390991e-02
1.543198078870773315e-01
1.563218832015991211e-01
2.116779386997222900e-01
7.227658480405807495e-02
1.416870355606079102e-01
6.016062200069427490e-02
1.838644891977310181e-01
1.300047487020492554e-01
9.094914048910140991e-02
6.103601306676864624e-02
1.289166659116744995e-01
2.496317774057388306e-01
2.334111481904983521e-01
1.286635845899581909e-01
1.777235567569732666e-01
1.777754575014114380e-01
6.692823022603988647e-02
1.325517743825912476e-01
1.253817379474639893e-01
1.370976716279983521e-01
1.927508115768432617e-01
2.403398156166076660e-01
1.893223822116851807e-01
2.476870566606521606e-01
1.932825744152069092e-01
6.182120367884635925e-02
1.221569254994392395e-01
1.467252820730209351e-01
1.461945027112960815e-01
1.684568524360656738e-01
1.680294573307037354e-01
9.062214940786361694e-02
1.576060950756072998e-01
1.998538821935653687e-01
1.315324008464813232e-01
6.885869055986404419e-02
1.753838956356048584e-01
8.653569966554641724e-02
1.840641349554061890e-01
8.758555352687835693e-02
1.746848672628402710e-01
1.969847381114959717e-01
1.631772965192794800e-01
6.695836782455444336e-02
2.148430645465850830e-01
1.848213374614715576e-01
1.732726395130157471e-01
1.106011867523193359e-01
1.368320286273956299e-01
1.324657350778579712e-01
1.052874177694320679e-01
1.530512273311614990e-01
2.054687887430191040e-01
7.994610071182250977e-02
5.884751304984092712e-02
1.953097432851791382e-01
1.878995150327682495e-01
1.459847986698150635e-01
1.544105559587478638e-01
1.673022210597991943e-01
1.407921463251113892e-01
1.621829867362976074e-01
1.126124174334108829e-03
1.945011466741561890e-01
1.108375266194343567e-01
4.150849580764770508e-02
1.696938574314117432e-01
1.645118296146392822e-01
1.902019828557968140e-01
1.910496801137924194e-01
1.500137299299240112e-01
1.379738450050354004e-01
1.210931763052940369e-01
1.051902100443840027e-01
1.013479530811309814e-01
7.230465114116668701e-02
1.652047634124755859e-01
2.033161073923110962e-01
7.213407009840011597e-02
1.881161630153656006e-01
1.629856001272855792e-06
1.971674412488937378e-01
2.543128728866577148e-01
9.546136111021041870e-02
1.942603141069412231e-01
9.790516644716262817e-02
2.756183743476867676e-01
1.533923894166946411e-01
1.856797188520431519e-01
1.765889376401901245e-01
2.383625954389572144e-01
1.964942067861557007e-01
1.829502284526824951e-01
8.968452364206314087e-02
1.677207201719284058e-01
1.724006235599517822e-01
7.533151656389236450e-02
1.597428619861602783e-01
1.506178975105285645e-01
1.984292566776275635e-01
1.805339753627777100e-01
1.043793633580207825e-01
9.759595990180969238e-02
1.763138920068740845e-01
2.782678306102752686e-01
8.703147619962692261e-02
2.003004997968673706e-01
1.917965710163116455e-01
1.028051674365997314e-01
7.567565888166427612e-02
1.265814751386642456e-01
1.727780550718307495e-01
1.479305475950241089e-01
6.974620372056961060e-02
6.748733669519424438e-02
1.413984894752502441e-01
1.759779602289199829e-01
1.904415339231491089e-01
1.103347912430763245e-01
1.699360013008117676e-01
2.221535891294479370e-01
1.975637078285217285e-01
2.058515548706054688e-01
9.065217524766921997e-02
2.108746916055679321e-01
1.620251089334487915e-01
1.958532482385635376e-01
1.647949367761611938e-01
8.375120162963867188e-02
1.163031309843063354e-01
3.797863796353340149e-02
1.205493956804275513e-01
1.571731567382812500e-01
1.066943332552909851e-01
1.005355119705200195e-01
5.210896208882331848e-02
1.480777263641357422e-01
3.210334852337837219e-02
1.082261279225349426e-01
2.199895530939102173e-01
2.432195395231246948e-01
4.264572635293006897e-02
1.840562522411346436e-01
2.045717835426330566e-01
1.679067015647888184e-01
9.578385204076766968e-02
1.140388324856758118e-01
1.404044330120086670e-01
1.504943966865539551e-01
1.039224788546562195e-01
1.572333425283432007e-01
1.245119050145149231e-01
2.748948335647583008e-01
1.903341561555862427e-01
8.483886718750000000e-02
2.307145744562149048e-01
1.558171957731246948e-01
5.323746427893638611e-02
1.523913741111755371e-01
2.260335832834243774e-01
1.214732825756072998e-01
8.079665154218673706e-02
2.306286990642547607e-01
1.779769510030746460e-01
1.678734123706817627e-01
1.584390550851821899e-01
1.479630917310714722e-01
5.362143367528915405e-02
1.003461852669715881e-01
1.720371395349502563e-01
2.288750559091567993e-02
3.052953630685806274e-02
6.232541427016258240e-02
1.791406124830245972e-01
2.445208728313446045e-01
9.255887567996978760e-02
1.334842145442962646e-01
1.655018478631973267e-01
1.548793166875839233e-01
1.228959187865257263e-01
1.086556389927864075e-01
1.572761237621307373e-01
1.000346392393112183e-01
2.115325927734375000e-01
2.063267976045608521e-01
2.344616651535034180e-01
1.889064162969589233e-01
5.280897766351699829e-02
1.013358458876609802e-01
1.631882488727569580e-01
1.033184826374053955e-01
5.690107122063636780e-02
1.530193984508514404e-01
2.413966059684753418e-01
1.258395761251449585e-01
2.493394762277603149e-01
7.924675941467285156e-02
4.503850068431347609e-04
1.065559908747673035e-01
1.022523939609527588e-01
1.304444521665573120e-01
1.781290322542190552e-01
1.132555529475212097e-01
1.329244077205657959e-01
1.434012055397033691e-01
1.353201121091842651e-01
2.204839736223220825e-01
5.775510217063128948e-04
1.734315603971481323e-01
1.284222900867462158e-01
5.694616213440895081e-02
8.104237169027328491e-02
1.153497397899627686e-01
3.433432430028915405e-02
2.610691189765930176e-01
8.366762101650238037e-02
2.159390300512313843e-01
1.253852844238281250e-01
1.004377231001853943e-01
6.110394373536109924e-02
1.188567504286766052e-01
1.544216573238372803e-01
2.493030875921249390e-01
2.528748810291290283e-01
1.239603459835052490e-01
1.591371148824691772e-01
9.257194399833679199e-02
2.130128741264343262e-01
2.076375931501388550e-01
2.082816213369369507e-01
2.148931920528411865e-01
1.765638291835784912e-01
1.218363642692565918e-01
1.266282051801681519e-01
7.584343850612640381e-02
1.643572598695755005e-01
1.958500891923904419e-01
1.377196311950683594e-01
5.597134679555892944e-02
2.004770338535308838e-01
2.698634564876556396e-01
8.682368695735931396e-02
9.400865435600280762e-02
1.829911172389984131e-01
5.856692418456077576e-02
4.220778495073318481e-02
8.831179141998291016e-02
1.996174603700637817e-01
2.293895632028579712e-01
1.282206922769546509e-01
2.224729061126708984e-01
2.962543629109859467e-02
7.739742100238800049e-02
1.743022203445434570e-01
5.906883234274573624e-05
1.030079126358032227e-01
1.788558363914489746e-01
1.532749682664871216e-01
6.872840225696563721e-02
2.210507392883300781e-01
1.019652485847473145e-01
2.330148369073867798e-01
1.738281697034835815e-01
2.086391597986221313e-01
1.187693476676940918e-01
1.790395081043243408e-01
9.928736090660095215e-02
9.913620352745056152e-02
9.316848963499069214e-02
1.114350557327270508e-01
2.026032507419586182e-01
1.592904180288314819e-01
1.048832982778549194e-01
1.681134700775146484e-01
1.596860438585281372e-01
2.558230161666870117e-01
1.433332562446594238e-01
1.701673120260238647e-01
1.257275044918060303e-01
2.077512294054031372e-01
9.230007976293563843e-02
3.112585283815860748e-02
5.784961208701133728e-02
1.621421612799167633e-02
9.015840163328903145e-08
1.269573867321014404e-01
1.530372500419616699e-01
2.214134037494659424e-01
9.383087977766990662e-03
1.244568526744842529e-01
1.492474675178527832e-01
1.429597586393356323e-01
6.005205959081649780e-02
2.094834595918655396e-01
1.652512997388839722e-01
1.780580580234527588e-01
2.728044928517192602e-04
1.337519884109497070e-01
2.136141359806060791e-01
1.101177409291267395e-01
1.285907328128814697e-01
1.255380213260650635e-01
9.808917343616485596e-02
1.488290280103683472e-01
2.657156288623809814e-01
1.634589582681655884e-01
1.684622615575790405e-01
1.149083301424980164e-01
1.057588830590248108e-01
1.671956777572631836e-01
9.730012714862823486e-02
5.028090072300983593e-06
1.610438525676727295e-01
1.258501261472702026e-01
2.388807237148284912e-01
1.250319331884384155e-01
1.844031661748886108e-01
1.114712357521057129e-01
1.222647503018379211e-01
1.380679160356521606e-01
7.605940103530883789e-02
1.741822659969329834e-01
1.358990073204040527e-01
-2.897888189181685448e-04
9.092557430267333984e-02
1.643416285514831543e-01
1.948285698890686035e-01
7.256847620010375977e-02
1.407699137926101685e-01
1.975819915533065796e-01
2.509302703401772305e-06
1.537475734949111938e-01
7.708298414945602417e-02
5.625091865658760071e-02
1.260479539632797241e-01
4.881692305207252502e-02
1.192925274372100830e-01
1.567943096160888672e-01
1.707088947296142578e-01
1.786869688658043742e-05
1.100806817412376404e-01
9.693170338869094849e-02
9.358574450016021729e-02
1.116731911897659302e-01
1.620972454547882080e-01
1.797011494636535645e-01
1.231312900781631470e-01
1.941381841897964478e-01
1.742563247680664062e-01
1.189176961779594421e-01
7.273526489734649658e-02
8.747265487909317017e-02
1.508457660675048828e-01
2.147682756185531616e-01
1.155698671936988831e-01
1.758302748203277588e-01
1.480770558118820190e-01
2.222686558961868286e-01
1.409383863210678101e-01
1.781155019998550415e-01
1.865096241235733032e-01
1.314711719751358032e-01
1.716939359903335571e-01
1.791538447141647339e-01
8.297365158796310425e-02
1.572619974613189697e-01
6.529749929904937744e-02
9.286995977163314819e-02
1.531403064727783203e-01
1.892098486423492432e-01
1.313944905996322632e-01
2.132726460695266724e-01
1.296122036364977248e-06
-1.497739322076085955e-05
1.707758903503417969e-01
1.195588856935501099e-01
1.370682120323181152e-01
3.460501506924629211e-02
9.765040874481201172e-02
1.446626335382461548e-01
2.151255756616592407e-01
9.808929462451487780e-05
9.411872923374176025e-02
5.095400288701057434e-02
2.537857890129089355e-01
1.237916499376296997e-01
1.440113335847854614e-01
1.716040968894958496e-01
1.459687501192092896e-01
1.152737587690353394e-01
2.091404348611831665e-01
1.428904682397842407e-01
1.659821271896362305e-01
6.012711537550785579e-07
1.512431055307388306e-01
1.124275699257850647e-01
1.264303177595138550e-01
2.681216299533843994e-01
-1.202330713567789644e-05
1.094717085361480713e-01
9.745022654533386230e-02
1.690113991498947144e-01
1.589566171169281006e-01
1.345085352659225464e-01
1.567785441875457764e-02
1.295039802789688110e-01
2.551984600722789764e-02
1.337342262268066406e-01
1.816061735153198242e-01
2.069410234689712524e-01
8.526722341775894165e-02
1.301913410425186157e-01
7.000517100095748901e-02
1.852610558271408081e-01
1.611619740724563599e-01
2.001721709966659546e-01
1.855344623327255249e-01
1.742480546236038208e-01
2.082945257425308228e-01
1.993054747581481934e-01
1.778963506221771240e-01
1.020090579986572266e-01
1.221690028905868530e-01
1.074445396661758423e-01
7.455128431320190430e-02
1.494587957859039307e-01
5.328236056811874732e-07
1.446008533239364624e-01
1.667314618825912476e-01
1.049627661705017090e-01
1.096936091780662537e-01
7.778771966695785522e-02
1.492051780223846436e-01
1.777521371841430664e-01
1.344036608934402466e-01
1.080198362469673157e-01
1.446864008903503418e-01
1.023767739534378052e-01
2.259721755981445312e-01
6.730375438928604126e-02
2.251978963613510132e-01
7.263946533203125000e-02
1.039437123040443112e-07
2.630873620510101318e-01
1.436944156885147095e-01
3.107145428657531738e-02
5.825281143188476562e-02
1.424132436513900757e-01
1.550680994987487793e-01
2.089958190917968750e-01
1.113920509815216064e-01
1.565942019224166870e-01
1.327577382326126099e-01
1.864168345928192139e-01
1.114116832613945007e-01
1.417953372001647949e-01
5.550529807806015015e-02
8.185640722513198853e-02
1.043094322085380554e-01
7.526356785092502832e-05
1.198558807373046875e-01
1.111066639423370361e-01
1.434633135795593262e-01
1.880431324243545532e-01
2.511814236640930176e-01
1.889416277408599854e-01
1.666751503944396973e-01
3.192181885242462158e-02
1.552607119083404541e-01
2.053770124912261963e-01
8.877342939376831055e-02
2.668780982494354248e-01
1.439746618270874023e-01
1.055479198694229126e-01
1.282777041196823120e-01
2.261252254247665405e-01
7.429677993059158325e-02
1.189692318439483643e-01
1.089459061622619629e-01
1.842117011547088623e-01
1.326065659523010254e-01
