-1.390848904848098755e-01
3.623272851109504700e-02
7.839557714760303497e-03
-4.652574192732572556e-03
-1.341460496187210083e-01
-1.788856275379657745e-02
-1.851555146276950836e-02
-7.862477004528045654e-02
-3.538347780704498291e-02
-9.866844117641448975e-02
1.921813562512397766e-02
-1.007211431860923767e-01
-7.040264457464218140e-02
-1.748559474945068359e-01
-1.058792769908905029e-01
-7.116525620222091675e-02
-1.233700737357139587e-01
-2.266661822795867920e-02
-7.399985194206237793e-02
-1.904920935630798340e-01
9.034535032697021961e-04
-1.361228525638580322e-01
-8.459290117025375366e-02
-5.896238237619400024e-02
-1.966330409049987793e-01
-2.655204944312572479e-02
-1.095738187432289124e-01
-6.665809452533721924e-02
-7.433421909809112549e-02
-1.186021566390991211e-01
1.403591036796569824e-02
4.156475421041250229e-03
-5.619240552186965942e-02
-1.016503348946571350e-01
-4.518889263272285461e-02
-4.104898124933242798e-02
-4.172452911734580994e-02
-5.100961774587631226e-02
9.271239489316940308e-02
4.325325414538383484e-02
-7.989628612995147705e-02
-1.132444366812705994e-01
7.178878411650657654e-03
-3.375644795596599579e-03
-8.358062058687210083e-02
-1.191258803009986877e-01
-1.019796170294284821e-02
3.353545442223548889e-02
-9.541878104209899902e-02
-2.195261232554912567e-02
-4.657050967216491699e-02
-8.022842556238174438e-02
-2.590213716030120850e-02
-5.817496776580810547e-02
-3.652279847301542759e-04
2.578188665211200714e-02
-2.014246955513954163e-02
-2.399411983788013458e-02
-1.565038412809371948e-02
9.884755127131938934e-03
7.315956801176071167e-02
2.675500512123107910e-02
3.700462402775883675e-03
2.439402975142002106e-02
4.138942435383796692e-02
-4.626654833555221558e-02
-1.639474034309387207e-01
-5.784431472420692444e-02
-6.374244578182697296e-03
-6.216945871710777283e-02
-2.345554158091545105e-02
-6.677745282649993896e-02
2.632254734635353088e-02
-6.402876973152160645e-02
-9.302558749914169312e-02
-5.327728018164634705e-02
-8.451008051633834839e-02
-6.456480920314788818e-02
-1.198667939752340317e-02
-7.057550549507141113e-02
-1.182786673307418823e-01
8.901799470186233521e-02
-1.838813424110412598e-01
-3.331563249230384827e-02
-1.513796020299196243e-02
-1.113698631525039673e-01
-8.134204894304275513e-02
1.479685213416814804e-02
-7.414865493774414062e-02
1.584655977785587311e-02
-9.500698000192642212e-02
5.854229908436536789e-03
-2.424795739352703094e-02
-6.976179778575897217e-02
-7.155053317546844482e-02
1.085229497402906418e-02
-9.929833561182022095e-02
-5.664630234241485596e-02
3.519758209586143494e-02
-1.506386846303939819e-01
-3.357071056962013245e-02
-5.409515649080276489e-02
4.959625005722045898e-02
-3.786129876971244812e-02
1.510562188923358917e-02
-2.208991535007953644e-02
-7.637817412614822388e-02
-1.935586929321289062e-01
-8.319427073001861572e-02
1.875816285610198975e-02
-1.457184851169586182e-01
-1.108266711235046387e-01
-3.559948503971099854e-02
4.001552239060401917e-02
-3.443107753992080688e-02
-6.373091600835323334e-03
-1.810130663216114044e-02
-1.594293862581253052e-01
-4.526043683290481567e-02
-6.480032205581665039e-02
-5.767747014760971069e-02
2.378097921609878540e-02
-1.950891017913818359e-01
3.738249884918332100e-03
-1.513305306434631348e-01
-1.394692510366439819e-01
-2.037652879953384399e-01
-2.696555852890014648e-02
2.511404221877455711e-03
-5.486806109547615051e-02
3.843044117093086243e-02
-7.146982103586196899e-02
4.454784560948610306e-03
4.567864909768104553e-02
8.122625760734081268e-03
1.031199544668197632e-01
-1.186249181628227234e-01
-1.135515198111534119e-01
-8.741352707147598267e-02
-1.260916888713836670e-01
-8.167285472154617310e-02
-8.851816505193710327e-02
2.126320265233516693e-03
3.919821977615356445e-02
-6.165429949760437012e-04
-1.245793178677558899e-01
-1.262545399367809296e-02
6.245480105280876160e-02
5.055771768093109131e-02
2.273285575211048126e-02
-1.457905918359756470e-01
-2.441104315221309662e-02
6.716080009937286377e-02
-8.346816897392272949e-02
-8.831480145454406738e-02
3.284107893705368042e-02
-6.822810508310794830e-03
-1.362768281251192093e-02
-5.539653450250625610e-02
-4.558360949158668518e-02
1.215721853077411652e-02
-8.572857081890106201e-02
-6.098765134811401367e-02
-3.831904381513595581e-02
4.205938801169395447e-02
-2.098165638744831085e-02
-5.358861014246940613e-02
-2.202495932579040527e-02
-2.973830141127109528e-02
-2.136806398630142212e-01
2.230956964194774628e-02
7.173734717071056366e-03
-1.544050872325897217e-01
3.207954764366149902e-02
-4.449486266821622849e-03
-2.502137981355190277e-02
-1.638737469911575317e-01
5.543928965926170349e-02
4.366514086723327637e-02
-1.635317951440811157e-01
-1.010446473956108093e-01
-8.159828186035156250e-02
1.477893558330833912e-03
-8.011899888515472412e-02
-1.960439980030059814e-02
-5.027851089835166931e-03
-8.719127625226974487e-02
-3.681325539946556091e-02
-8.731481432914733887e-02
-8.602092415094375610e-02
-1.242555528879165649e-01
-7.213561981916427612e-02
5.371215194463729858e-02
-1.030790433287620544e-01
-9.228334575891494751e-02
-6.261041760444641113e-02
7.411216944456100464e-02
-5.477860942482948303e-02
4.604785237461328506e-03
1.326937787234783173e-02
-2.881487645208835602e-02
-1.309451162815093994e-01
-1.370996236801147461e-01
-4.883246868848800659e-02
3.787520527839660645e-02
-6.943333894014358521e-02
-1.029627770185470581e-02
-1.105381101369857788e-01
-1.374005079269409180e-01
-5.153520777821540833e-02
-1.600503623485565186e-01
-2.196634560823440552e-01
2.671472541987895966e-02
-3.228143230080604553e-02
-2.062964998185634613e-02
-6.566683202981948853e-02
-2.262493828311562538e-03
-8.537526428699493408e-02
-1.015849485993385315e-01
-9.966879338026046753e-02
-5.104641243815422058e-02
-1.726435683667659760e-02
1.637549139559268951e-02
7.930128835141658783e-03
3.401688113808631897e-02
-4.323284700512886047e-02
2.226625196635723114e-02
-8.733889088034629822e-03
-2.398281125351786613e-03
-8.000002801418304443e-02
1.233308925293385983e-03
-9.517877548933029175e-02
-8.319564163684844971e-02
-4.222952574491500854e-02
2.108857780694961548e-01
-1.598397195339202881e-01
-2.982595190405845642e-02
-8.131016790866851807e-02
-1.952395886182785034e-01
-9.419249743223190308e-02
-1.275442242622375488e-01
-1.324370950460433960e-01
-4.142440855503082275e-02
-8.389099687337875366e-02
-9.774419665336608887e-02
-1.292234659194946289e-01
-1.480511873960494995e-01
-2.403701655566692352e-02
-1.078850999474525452e-01
-4.756084829568862915e-02
-4.499528929591178894e-02
-1.787980198860168457e-01
-1.621145009994506836e-01
-6.132953613996505737e-02
-9.156044572591781616e-02
-5.170705914497375488e-02
