-9.201679378747940063e-02
-1.411211192607879639e-01
-5.234999954700469971e-02
-9.998553991317749023e-02
-6.549014896154403687e-02
-4.186976701021194458e-02
-1.133147180080413818e-01
-1.289819329977035522e-01
-9.269803017377853394e-02
-6.446509808301925659e-02
-1.192048937082290649e-01
-7.880383729934692383e-02
-6.874661892652511597e-02
-1.556366831064224243e-01
-2.550924196839332581e-02
-7.889010757207870483e-02
9.480946511030197144e-02
-6.813478469848632812e-02
-2.608491666615009308e-02
-7.875847071409225464e-02
-2.782551757991313934e-02
-8.831229060888290405e-02
-5.650107748806476593e-03
-4.205602407455444336e-02
-6.582657247781753540e-02
-1.372325271368026733e-01
-5.253062769770622253e-02
-1.193518340587615967e-01
-5.397881940007209778e-02
-3.001645766198635101e-02
-4.280195385217666626e-02
-1.175260636955499649e-02
-8.331105113029479980e-02
-1.215099077671766281e-02
-4.898466542363166809e-02
-1.302352249622344971e-01
-2.401878498494625092e-02
-5.743711069226264954e-02
-1.482417881488800049e-01
-5.007655546069145203e-02
-7.287508249282836914e-02
1.584089919924736023e-02
-1.479194732382893562e-03
-6.398555636405944824e-02
-9.503088891506195068e-02
-2.780532650649547577e-02
-1.278599053621292114e-01
-1.025133728981018066e-01
-1.357464641332626343e-01
-9.991524368524551392e-02
-1.115302965044975281e-01
-4.606828466057777405e-02
2.111317776143550873e-02
-5.876481533050537109e-02
-9.431903809309005737e-02
-6.039194390177726746e-02
-6.782519817352294922e-02
-8.742079883813858032e-02
-1.173873692750930786e-01
-1.086068376898765564e-01
-1.377006918191909790e-01
-1.077079474925994873e-01
-3.241891786456108093e-02
-8.614881336688995361e-02
-1.246953457593917847e-01
-4.506999999284744263e-02
-8.152905851602554321e-02
-5.042482540011405945e-02
-1.272948384284973145e-01
-1.228802055120468140e-01
2.360798977315425873e-02
-8.372347056865692139e-02
-1.404771059751510620e-01
-8.406519144773483276e-02
-8.140826970338821411e-02
-6.977650802582502365e-03
-2.266750298440456390e-02
-1.177897304296493530e-01
-5.632987990975379944e-02
-6.566956639289855957e-02
-7.646545767784118652e-02
-3.520670160651206970e-02
-1.056560873985290527e-01
-8.086282014846801758e-02
-9.717526286840438843e-02
-2.488648518919944763e-02
-1.254803836345672607e-01
-6.353592127561569214e-02
-4.779505543410778046e-03
-7.152555882930755615e-02
-8.358260989189147949e-02
-8.363418281078338623e-02
-9.786973148584365845e-02
-1.461854726076126099e-01
1.644103229045867920e-01
-8.370953798294067383e-02
-5.212099477648735046e-02
-1.233511194586753845e-01
-6.577617675065994263e-02
-5.074486881494522095e-02
-1.238323152065277100e-01
-6.227819249033927917e-02
-3.783079236745834351e-02
-1.392027288675308228e-01
-7.609497755765914917e-02
-8.074406534433364868e-02
-6.908148527145385742e-02
-8.641123771667480469e-02
-8.553916215896606445e-02
-8.110111951828002930e-02
-4.103762656450271606e-02
-3.436263278126716614e-02
-1.100344583392143250e-01
-6.221032887697219849e-02
-5.419908836483955383e-02
-2.763371728360652924e-02
-4.950778931379318237e-02
-1.398429870605468750e-01
1.923109032213687897e-02
-6.458232551813125610e-02
-3.713643178343772888e-02
-1.020578294992446899e-01
-1.267895102500915527e-01
-7.573330402374267578e-02
-8.424266427755355835e-02
2.724969200789928436e-02
-1.082112863659858704e-01
-5.638749524950981140e-02
-9.988289326429367065e-02
-3.143686801195144653e-02
-1.207175031304359436e-01
-9.998289495706558228e-02
-4.430441930890083313e-02
-2.694811299443244934e-02
-1.569611020386219025e-02
-9.840391576290130615e-02
-6.858716905117034912e-02
-9.439373761415481567e-02
-1.282395571470260620e-01
-1.197249814867973328e-01
-2.877296321094036102e-02
-6.993370503187179565e-02
-6.448575109243392944e-02
-7.926509529352188110e-02
-7.056117057800292969e-03
1.433750707656145096e-02
-7.719590794295072556e-03
-4.237833991646766663e-02
-8.664824068546295166e-02
-7.592672109603881836e-02
-3.939599916338920593e-02
-5.540733411908149719e-02
-8.258647471666336060e-02
-1.192647963762283325e-01
-7.563999295234680176e-02
-1.267989873886108398e-01
-1.065468043088912964e-01
-1.842756010591983795e-02
-5.819395557045936584e-02
-1.537502408027648926e-01
-8.386369794607162476e-02
-4.186605662107467651e-02
-6.114335358142852783e-02
-9.869790077209472656e-02
-6.251394003629684448e-02
-1.325331479310989380e-01
-7.449558377265930176e-02
-1.285140682011842728e-02
-7.116483896970748901e-02
-5.404435098171234131e-02
-9.784754365682601929e-02
-9.337110072374343872e-02
-1.395530104637145996e-01
-2.021974883973598480e-02
-1.339979916810989380e-01
-1.440783739089965820e-01
-1.870483532547950745e-02
-2.327379584312438965e-02
-8.975179493427276611e-02
-7.572499662637710571e-02
-7.046711444854736328e-02
-8.693588525056838989e-02
-3.230218961834907532e-02
-3.189686220139265060e-03
-3.874082863330841064e-02
-6.604617089033126831e-02
-5.461158975958824158e-02
-7.473815232515335083e-02
-2.881282754242420197e-02
-2.419874817132949829e-02
-2.374853566288948059e-02
-8.535883575677871704e-02
-1.638619415462017059e-02
-4.030965268611907959e-02
-3.120318241417407990e-02
-9.374693036079406738e-02
8.322914130985736847e-03
-8.755698800086975098e-02
-7.508284598588943481e-02
-6.161363422870635986e-02
-9.422556310892105103e-02
2.987051848322153091e-03
-1.973480731248855591e-02
-9.158872067928314209e-02
-7.696820795536041260e-02
-7.619215548038482666e-02
-1.011195182800292969e-01
-1.554530113935470581e-01
-7.167984545230865479e-02
-6.549797207117080688e-02
-7.977128773927688599e-02
-9.131920337677001953e-02
5.508632585406303406e-02
-3.673360496759414673e-02
-4.758145287632942200e-02
-1.009940132498741150e-01
-1.732387989759445190e-01
-8.925981074571609497e-02
-9.492461383342742920e-02
-4.063503444194793701e-02
-1.214971765875816345e-01
-6.586693972349166870e-02
-4.750984162092208862e-02
-1.266563124954700470e-02
-1.182418391108512878e-01
-6.698244065046310425e-02
-2.963219024240970612e-02
-4.875109344720840454e-02
-8.779482543468475342e-02
-5.311599373817443848e-02
-1.499731540679931641e-01
-6.719613075256347656e-02
-4.982681572437286377e-02
-1.030441373586654663e-01
-1.056745946407318115e-01
-3.285441175103187561e-02
-7.387467473745346069e-02
-1.282421350479125977e-01
-8.833070099353790283e-02
-9.426715970039367676e-02
-1.214769035577774048e-01
-1.258889287710189819e-01
-9.195576608180999756e-02
-8.174567669630050659e-02
-5.143193528056144714e-02
-9.812628477811813354e-02
-4.368255287408828735e-02
-4.804968833923339844e-02
-3.595510497689247131e-02
-1.675254479050636292e-02
-2.695674821734428406e-02
-4.026327282190322876e-02
3.600806742906570435e-02
-8.029849082231521606e-02
-6.433544307947158813e-02
-9.361282736063003540e-02
-1.146912872791290283e-01
-4.062709957361221313e-02
-8.446614444255828857e-02
-9.177239984273910522e-02
-8.623345941305160522e-02
-4.472168162465095520e-02
-8.555477857589721680e-02
-8.555813133716583252e-02
-7.298739999532699585e-02
-5.561416223645210266e-02
-9.677939116954803467e-03
-1.005727723240852356e-01
-4.040097072720527649e-02
-9.593826532363891602e-02
-1.637305691838264465e-02
-3.465491160750389099e-02
-6.793761998414993286e-02
-1.526325643062591553e-01
-6.958945095539093018e-02
-9.924533218145370483e-02
-3.550613671541213989e-02
-8.793043345212936401e-02
-1.194546520709991455e-01
-6.951463967561721802e-02
-7.124473899602890015e-02
-1.059675961732864380e-01
-4.040689021348953247e-02
-8.587324619293212891e-02
-1.243322789669036865e-01
-7.026406377553939819e-02
-2.424401603639125824e-02
-7.489685714244842529e-02
-7.491344958543777466e-02
-3.703702613711357117e-02
-6.361725181341171265e-02
-1.227634474635124207e-01
-3.616866469383239746e-02
-8.928857743740081787e-02
-7.726053148508071899e-02
-9.524405002593994141e-02
-7.578282803297042847e-02
-2.964008972048759460e-02
-2.771640568971633911e-02
-2.310803160071372986e-02
-8.569210767745971680e-02
-6.857789307832717896e-02
-7.566695660352706909e-02
-3.204564563930034637e-03
-1.002730429172515869e-01
-9.694415330886840820e-02
-1.314090937376022339e-01
-9.197541326284408569e-02
-5.017412453889846802e-02
-4.036939516663551331e-02
-8.853170275688171387e-02
-7.319977134466171265e-02
-8.984148502349853516e-02
-3.812796249985694885e-02
-2.775363624095916748e-02
-7.694182544946670532e-02
-9.871749579906463623e-02
-3.937010467052459717e-02
-6.568341702222824097e-02
-7.215321809053421021e-02
-6.769038736820220947e-02
-2.307456545531749725e-02
-5.173957720398902893e-02
-1.036875993013381958e-01
-1.018792465329170227e-01
-7.858666777610778809e-02
-1.078718379139900208e-01
-1.016699150204658508e-01
-1.090933233499526978e-01
-7.567459344863891602e-02
-6.428919732570648193e-02
-1.063711494207382202e-01
4.908971022814512253e-03
-8.782652765512466431e-02
-3.161597251892089844e-02
-1.029804795980453491e-01
-3.065865114331245422e-02
-8.872103691101074219e-02
-4.912240430712699890e-02
-8.680427074432373047e-02
-1.664367318153381348e-01
-7.806656509637832642e-02
-1.024124026298522949e-01
-7.843083143234252930e-02
-8.556295931339263916e-02
-6.200250610709190369e-02
-1.849802024662494659e-02
-1.327226012945175171e-01
1.189229637384414673e-01
-3.660292550921440125e-02
-1.076742261648178101e-01
-7.277306169271469116e-02
-1.744577139616012573e-01
-7.963186502456665039e-02
-9.853756986558437347e-03
-9.211535751819610596e-02
-1.570665836334228516e-01
-7.760746777057647705e-02
-8.940420299768447876e-02
3.086043288931250572e-03
-3.159984946250915527e-02
-9.229717403650283813e-02
-6.304421275854110718e-02
-3.347242251038551331e-02
5.276869982481002808e-03
-1.364694684743881226e-01
-4.945683851838111877e-02
-4.832591488957405090e-02
-7.993112504482269287e-02
-9.605949372053146362e-02
-8.910762518644332886e-02
-8.952561020851135254e-02
-4.037922993302345276e-02
-7.701862603425979614e-03
-8.554686605930328369e-02
-1.146401911973953247e-01
-1.692462712526321411e-03
-6.836770474910736084e-02
-1.384923011064529419e-01
-3.370468737557530403e-03
-7.268965989351272583e-02
-7.972055673599243164e-02
-4.096468910574913025e-02
-1.158542782068252563e-01
-8.468102663755416870e-02
4.309548065066337585e-02
-1.066461950540542603e-01
-1.184553802013397217e-01
-1.067850217223167419e-01
-1.876124739646911621e-02
-1.108562275767326355e-01
-1.102369204163551331e-01
-7.705166190862655640e-02
-9.124094247817993164e-02
-1.251955516636371613e-02
-5.422633513808250427e-02
-7.754775136709213257e-02
-8.878840506076812744e-02
-1.486089918762445450e-02
4.510276485234498978e-03
-1.373042762279510498e-01
-6.811827421188354492e-02
-1.069290488958358765e-01
-2.137315226718783379e-03
-2.432449534535408020e-02
-1.224724799394607544e-01
-4.199013113975524902e-02
-2.231045067310333252e-02
-7.008876651525497437e-02
-1.699783205986022949e-01
-9.266801923513412476e-02
-2.352734282612800598e-02
-7.780303061008453369e-02
-5.359274521470069885e-02
-1.117670387029647827e-01
-1.384488344192504883e-01
-8.009485900402069092e-02
-6.040276959538459778e-02
-3.051384910941123962e-02
-5.585949867963790894e-02
-4.301850870251655579e-02
-1.874681711196899414e-01
-1.257582157850265503e-01
-1.088953688740730286e-01
-1.129439547657966614e-01
-6.411400157958269119e-03
-9.961108863353729248e-02
-7.693929970264434814e-02
-9.568773210048675537e-02
-1.079663038253784180e-01
-8.450892567634582520e-02
-7.170339673757553101e-02
-6.488789618015289307e-02
-9.161977469921112061e-02
-4.656202346086502075e-02
-2.657615393400192261e-02
-8.420976996421813965e-02
-1.210723817348480225e-01
-4.922921955585479736e-02
-1.210919693112373352e-01
-4.746037349104881287e-02
-9.625997394323348999e-02
-8.136329799890518188e-02
-1.343809813261032104e-01
-7.336399704217910767e-02
-6.325515359640121460e-02
-4.900439456105232239e-02
-5.444707348942756653e-02
-9.924931079149246216e-02
-2.393935434520244598e-02
-5.441038683056831360e-02
-7.967743277549743652e-02
-1.090846583247184753e-01
-3.133111819624900818e-02
-7.573711872100830078e-02
-1.236494109034538269e-01
-5.229281634092330933e-02
-2.849428169429302216e-02
-1.442863326519727707e-02
-1.103585492819547653e-02
-5.878979712724685669e-02
-1.017502248287200928e-01
-4.675215110182762146e-02
-4.777399450540542603e-02
-5.475233122706413269e-02
-5.358906835317611694e-02
-4.394923895597457886e-02
-7.118160277605056763e-02
-1.086482033133506775e-01
-9.535257518291473389e-02
-1.090124100446701050e-01
-1.015147790312767029e-01
-8.816917240619659424e-02
-1.089029908180236816e-01
-6.548178195953369141e-02
-3.562345728278160095e-02
-1.559043675661087036e-01
-5.216216668486595154e-02
-4.051220789551734924e-02
-1.130839213728904724e-01
-4.198437929153442383e-02
-1.801900565624237061e-01
-6.641951948404312134e-02
-8.308146893978118896e-02
-3.845266997814178467e-02
-1.160692274570465088e-01
-6.745649874210357666e-02
-1.111954152584075928e-01
-1.245203018188476562e-01
-1.201916188001632690e-01
-8.010534197092056274e-02
-1.744137518107891083e-02
2.738939132541418076e-03
-5.804556980729103088e-02
-3.212760761380195618e-02
-2.278451283928006887e-04
-5.983469635248184204e-02
-9.856508672237396240e-02
-9.152590483427047729e-02
-5.128400400280952454e-02
-9.695514291524887085e-02
-7.596251368522644043e-02
-7.150393724441528320e-02
-2.235709503293037415e-02
-9.129504114389419556e-02
-3.339941799640655518e-02
-4.870752990245819092e-02
3.719270601868629456e-02
-3.710994869470596313e-02
-2.597602643072605133e-02
-1.768962666392326355e-02
-1.683370321989059448e-01
