1.605895231477916241e-04
3.717140352819114923e-04
6.017166306264698505e-04
3.126282244920730591e-04
1.540051540359854698e-03
1.391229598084464669e-04
5.125191994011402130e-03
3.895843983627855778e-04
1.643223658902570605e-04
2.400076948106288910e-03
2.170385851059108973e-04
2.767245983704924583e-03
2.060913393506780267e-04
2.618790313135832548e-04
1.792805269360542297e-03
2.709553111344575882e-03
2.811384387314319611e-03
4.302706802263855934e-04
8.900079410523176193e-04
2.039505925495177507e-04
1.015319256111979485e-03
1.245634193764999509e-04
2.336858771741390228e-03
3.083867020905017853e-03
4.755429923534393311e-03
1.095814281143248081e-03
1.179657774628140032e-04
2.195892157033085823e-03
1.587259030202403665e-04
1.098255626857280731e-03
1.764626940712332726e-04
1.817043812479823828e-04
4.664089356083422899e-04
1.312877400778234005e-03
2.027573296800255775e-03
2.085449406877160072e-03
3.241957630962133408e-03
1.272361027076840401e-03
4.469710402190685272e-04
1.450794079573825002e-04
1.696152728982269764e-03
1.282511395402252674e-03
2.786168828606605530e-03
1.602827804163098335e-03
2.064024796709418297e-03
6.006099283695220947e-04
2.339707454666495323e-03
1.446250593289732933e-03
3.595547168515622616e-04
2.213503030361607671e-04
2.285175723955035210e-04
4.241530783474445343e-03
4.467393737286329269e-04
2.531674690544605255e-03
1.319742586929351091e-04
3.522444167174398899e-04
4.324772860854864120e-03
1.016800291836261749e-03
1.935542095452547073e-03
1.811419846490025520e-03
1.546215207781642675e-04
2.215278334915637970e-03
8.702988998265936971e-05
1.954112434759736061e-03
7.119888751109474528e-15
3.081809263676404953e-04
1.150474650785326958e-03
1.054176944307982922e-03
1.244826591573655605e-03
6.963047781027853489e-04
6.755688227713108063e-04
5.350400678061362214e-10
1.907370868138968945e-03
3.448043426033109426e-04
6.607063114643096924e-04
1.757677411660552025e-03
3.703828901052474976e-03
6.930575473234057426e-04
1.220195772475562990e-04
1.631526858545839787e-03
2.021852880716323853e-03
1.109601696953177452e-03
5.595629918389022350e-04
1.097143627703189850e-03
2.831913530826568604e-03
3.810650669038295746e-03
1.765011111274361610e-03
6.199699710123240948e-04
2.453023917041718960e-04
1.573818281030980870e-06
5.171766970306634903e-04
9.532585390843451023e-04
1.508447312517091632e-04
1.330988015979528427e-03
3.557133255526423454e-03
2.696382347494363785e-03
1.212310016853734851e-04
1.477718469686806202e-03
2.472886117175221443e-03
3.241625381633639336e-03
1.832147361710667610e-03
1.547366540455286099e-10
1.522758393548429012e-03
1.006672682706266642e-04
5.207660724408924580e-04
3.119247965514659882e-03
8.920322870835661888e-04
1.152178389020264149e-03
7.788231596350669861e-05
1.358313835225999355e-03
3.159010375384241343e-04
1.476085511967539787e-03
1.648239558562636375e-04
1.498172874562442303e-03
2.569814212620258331e-03
1.353872066829353571e-04
1.872973225545138121e-04
1.700595137663185596e-03
2.658523619174957275e-03
2.071125927614048123e-04
2.437480492517352104e-03
1.329511404037475586e-03
2.577201230451464653e-03
2.134940935150098085e-08
5.357434041798114777e-03
1.028296537697315216e-03
1.800774247385561466e-03
6.829169674205104457e-09
1.226371387019753456e-03
1.129651209339499474e-03
3.378927009180188179e-03
1.691006589680910110e-03
1.614900887943804264e-03
2.070653019472956657e-03
4.969707806594669819e-04
3.536628792062401772e-03
1.010122708976268768e-03
1.656973967328667641e-03
3.759821644052863121e-03
1.080080633983016014e-03
1.356510678306221962e-03
2.226119395345449448e-04
5.710919504053890705e-04
2.036318415775895119e-03
5.447222501970827579e-04
1.912856474518775940e-03
2.445890859235078096e-04
2.263263100758194923e-03
1.481170998886227608e-03
9.651100262999534607e-04
1.862250210251659155e-04
9.434343082830309868e-04
2.704772865399718285e-03
1.020583556964993477e-03
8.036192739382386208e-04
2.577000297605991364e-03
3.377148648723959923e-03
3.002545563504099846e-03
1.330076047452166677e-04
8.604864706285297871e-05
2.017244842136278749e-04
1.230041962116956711e-03
1.168478993349708617e-04
5.686616641469299793e-04
1.865299418568611145e-03
6.176142022013664246e-03
2.545867348089814186e-03
1.845897932071238756e-04
1.881644246168434620e-03
2.006007125601172447e-03
4.422481171786785126e-03
1.236314419656991959e-04
2.039866754785180092e-03
1.994862686842679977e-03
1.345654600299894810e-03
1.081072958186268806e-03
1.410244847647845745e-03
1.614806096768006682e-04
1.705482136458158493e-03
3.182891523465514183e-03
9.222175576724112034e-04
5.936500019743107259e-05
2.069958718493580818e-03
3.451514057815074921e-03
1.761557941790670156e-04
2.374519851577883145e-13
1.806767686503008008e-04
1.936073240358382463e-04
1.148978364653885365e-03
5.012343171983957291e-04
6.373313721269369125e-03
1.219298792420886457e-04
3.761596162803471088e-04
2.335028839297592640e-04
2.919266000390052795e-03
1.030507555697113276e-04
3.118928754702210426e-03
2.509334590286016464e-03
1.009947620332241058e-03
1.303956727497279644e-03
5.087993340566754341e-04
1.503524486906826496e-03
5.743540712477290811e-11
5.599564174190163612e-04
2.198259113356471062e-03
1.117791907745413482e-04
1.613549189642071724e-03
1.383371418341994286e-03
1.459142309613525867e-03
2.348051872104406357e-03
1.202698098495602608e-03
6.373961223289370537e-04
1.755100325681269169e-03
1.503940089605748653e-03
8.398770005442202091e-04
3.698379150591790676e-04
1.384093658998608589e-03
1.479990780353546143e-03
1.524364110082387924e-03
1.365976524539291859e-03
9.634499438107013702e-04
9.753399644978344440e-04
2.042246749624609947e-03
3.934982814826071262e-04
1.705045695416629314e-03
2.049101283773779869e-03
3.372379287611693144e-04
8.244576165452599525e-04
3.155119484290480614e-04
3.286300925537943840e-03
1.070259371772408485e-03
2.100394631270319223e-04
5.225371103733778000e-03
2.296001912327483296e-04
1.363969407975673676e-03
1.443121436750516295e-04
2.822680398821830750e-03
1.279413234442472458e-03
1.881615025922656059e-03
4.619891406036913395e-04
1.272550201974809170e-03
3.414941718801856041e-03
4.166879225522279739e-04
2.253327984362840652e-03
2.854099031537771225e-03
4.136396106332540512e-03
9.152695420198142529e-04
2.387000247836112976e-03
7.021643104963004589e-04
2.082950202748179436e-03
8.660687017254531384e-04
4.252601356711238623e-04
1.669642224442213774e-04
1.828419772209599614e-04
5.937452078796923161e-04
3.383231814950704575e-03
