1.541795581579208374e-01
3.235853910446166992e-01
2.479184716939926147e-01
2.105106115341186523e-01
1.782024949789047241e-01
1.806740760803222656e-01
1.730146557092666626e-01
2.476274371147155762e-01
1.723366975784301758e-01
3.170205354690551758e-01
1.475811004638671875e-01
1.995246559381484985e-01
1.241889968514442444e-01
1.298534058058464780e-09
1.627274751663208008e-01
1.914513260126113892e-01
1.604305952787399292e-01
1.940757781267166138e-01
2.550877034664154053e-01
1.734040677547454834e-01
1.411956548690795898e-01
1.738030612468719482e-01
1.792656183242797852e-01
1.266269236803054810e-01
1.629000604152679443e-01
1.024991199374198914e-01
1.727614104747772217e-01
1.505621671676635742e-01
1.780876666307449341e-01
2.261705249547958374e-01
2.813206613063812256e-01
2.115633934736251831e-01
2.365126609802246094e-01
1.894106715917587280e-01
1.628015041351318359e-01
1.558710038661956787e-01
1.688769310712814331e-01
2.497244626283645630e-01
3.410463333129882812e-01
1.392907202243804932e-01
3.086183369159698486e-01
3.011073172092437744e-01
1.705491691827774048e-01
2.965146303176879883e-01
1.189987212419509888e-01
4.657747467717854306e-07
1.786224097013473511e-01
1.437955443606142580e-08
1.463939845561981201e-01
1.902071684598922729e-01
1.927148848772048950e-01
2.160069942474365234e-01
1.500982493162155151e-01
2.454794943332672119e-01
1.323133409023284912e-01
2.948470413684844971e-01
8.583052490962472802e-09
1.712684482336044312e-01
1.343967765569686890e-01
1.437443345785140991e-01
2.153982967138290405e-01
1.379609853029251099e-01
1.906363815069198608e-01
1.820693612098693848e-01
