-3.979816287755966187e-02
-5.250591784715652466e-04
1.121372636407613754e-02
-1.380311977118253708e-02
-5.937510635703802109e-03
-3.635194385424256325e-03
-3.435494378209114075e-02
1.631219312548637390e-02
2.843442559242248535e-02
-5.868788063526153564e-02
-3.744137287139892578e-02
-1.532519608736038208e-01
-3.428488736972212791e-03
-6.159829720854759216e-02
4.569859430193901062e-02
1.595420180819928646e-04
-6.442587357014417648e-03
-2.014123275876045227e-02
-1.166510581970214844e-02
1.031018327921628952e-02
-5.645746830850839615e-03
-5.080793634988367558e-04
-4.127966612577438354e-02
-9.967539459466934204e-03
-4.015769064426422119e-02
-1.124593336135149002e-02
-8.925722911953926086e-03
3.388824686408042908e-02
-1.345277577638626099e-02
3.844924643635749817e-02
-1.955296285450458527e-02
-5.773044540546834469e-04
1.070291502401232719e-03
-2.165889367461204529e-03
-2.322804182767868042e-03
-1.034727040678262711e-02
-1.088543608784675598e-02
-3.398223966360092163e-02
3.089467622339725494e-02
-5.266872234642505646e-03
6.486231088638305664e-02
-2.761904709041118622e-02
-4.760021716356277466e-02
-4.841431975364685059e-03
-1.127599831670522690e-02
4.058800637722015381e-03
-3.529715910553932190e-02
2.271643374115228653e-03
-1.660578884184360504e-02
-4.939753934741020203e-02
-4.444262757897377014e-02
1.949185878038406372e-02
-4.486060887575149536e-02
-1.409431546926498413e-02
-8.075632154941558838e-03
-3.475244343280792236e-02
-3.273310139775276184e-02
-3.329709544777870178e-02
-9.909197688102722168e-03
-2.710157819092273712e-02
-1.130649354308843613e-03
-7.256746292114257812e-03
-2.347169443964958191e-02
-2.823000028729438782e-02
3.902368014678359032e-03
1.191470958292484283e-02
5.427074618637561798e-03
2.234181948006153107e-02
1.601722440682351589e-03
4.130731150507926941e-02
-2.745825052261352539e-02
-3.390198573470115662e-02
1.970278099179267883e-02
4.195044748485088348e-03
1.459241658449172974e-02
-4.640992730855941772e-02
-3.671401366591453552e-02
-4.572572559118270874e-02
1.190563384443521500e-02
1.188968122005462646e-02
8.071176707744598389e-03
1.548940595239400864e-02
-1.982710137963294983e-02
4.231293499469757080e-02
1.521753845736384392e-03
-2.197401411831378937e-02
1.479254476726055145e-02
-1.199103053659200668e-02
8.220892399549484253e-03
-5.169712752103805542e-02
-4.801036790013313293e-02
3.464184328913688660e-02
-9.353720583021640778e-03
-1.398838032037019730e-02
-5.337353050708770752e-02
-2.417549863457679749e-02
-1.447812002152204514e-02
4.277099855244159698e-03
-1.626456342637538910e-02
-2.629421837627887726e-02
-2.092897891998291016e-02
-3.839699178934097290e-02
-2.608095481991767883e-02
-2.259893808513879776e-03
-6.225505098700523376e-02
3.199628740549087524e-02
2.196407318115234375e-02
-6.352930795401334763e-03
6.563356518745422363e-02
-8.257635869085788727e-03
6.543774623423814774e-03
2.170722000300884247e-02
-3.580542281270027161e-02
4.970664158463478088e-03
-1.937978900969028473e-02
-3.168173134326934814e-03
-9.658195078372955322e-02
-1.552509143948554993e-02
4.841662012040615082e-03
5.993403028696775436e-03
-3.230334445834159851e-02
-4.537432268261909485e-02
1.339282724075019360e-03
-3.845734521746635437e-02
-1.054828520864248276e-02
-7.970537990331649780e-03
-4.253756627440452576e-02
4.408529400825500488e-02
-2.073363214731216431e-02
-2.064909040927886963e-02
-2.050428465008735657e-02
-2.257850952446460724e-02
-3.401700034737586975e-02
-1.443501748144626617e-02
-5.443060398101806641e-02
-3.719324246048927307e-03
5.689549725502729416e-03
-3.394068777561187744e-02
7.237497717142105103e-02
-7.376509159803390503e-02
3.492893278598785400e-02
-2.244429290294647217e-02
-9.062854573130607605e-03
9.272058494389057159e-03
-3.448429983109235764e-03
-1.437980309128761292e-02
1.889701187610626221e-02
-4.708949745690915734e-06
-3.680603951215744019e-02
-6.653673201799392700e-02
1.419765409082174301e-02
2.806502208113670349e-02
-1.550763379782438278e-03
4.652489908039569855e-03
6.937191821634769440e-03
-1.883102394640445709e-02
1.143897138535976410e-02
6.867835670709609985e-02
-1.957011781632900238e-02
9.374089539051055908e-03
5.119399726390838623e-02
-2.145496942102909088e-02
-2.144847996532917023e-02
6.308485567569732666e-02
2.327976003289222717e-02
2.585588954389095306e-02
-2.781801298260688782e-02
-8.435456082224845886e-03
-1.776177785359323025e-03
-4.009233380202203989e-04
-2.069221809506416321e-02
-4.349672235548496246e-03
2.429320942610502243e-03
-6.889423239044845104e-04
-2.104434557259082794e-02
3.547266125679016113e-03
1.618095487356185913e-02
-3.428682312369346619e-02
-7.677868008613586426e-03
8.020461536943912506e-03
-2.355442568659782410e-02
-5.185844749212265015e-02
-9.710201993584632874e-03
-6.341340951621532440e-03
-1.707528717815876007e-03
1.486535221338272095e-01
-4.649601876735687256e-03
-4.371802881360054016e-02
-1.322319079190492630e-02
8.627924136817455292e-03
-3.547351062297821045e-02
8.360105566680431366e-03
-4.937306512147188187e-03
-1.863244548439979553e-02
1.376525871455669403e-02
-2.857267297804355621e-02
-3.782770782709121704e-02
-3.690072149038314819e-02
1.271516829729080200e-02
-1.214057765901088715e-02
-1.698809675872325897e-02
-1.346400566399097443e-02
-1.781652681529521942e-02
-6.189997121691703796e-02
2.459758706390857697e-02
4.028558731079101562e-02
-2.886701188981533051e-02
-1.595015521161258221e-03
-7.659547496587038040e-03
-9.846088290214538574e-02
-8.949923329055309296e-03
7.119301240891218185e-03
-2.987712435424327850e-02
9.517664089798927307e-03
-3.565850853919982910e-02
2.787934616208076477e-02
7.074832916259765625e-03
-1.710183173418045044e-02
6.867418065667152405e-03
-3.077988326549530029e-02
-3.277585143223404884e-03
-1.965903304517269135e-02
4.018941149115562439e-02
-2.737066708505153656e-02
-2.775575779378414154e-02
-1.048521976917982101e-02
-2.093911357223987579e-02
-5.740973353385925293e-02
-2.794370986521244049e-02
1.067992579191923141e-02
-4.222770221531391144e-03
-1.228396594524383545e-02
1.613522134721279144e-02
-9.160832501947879791e-03
1.411590538918972015e-02
2.060961537063121796e-02
6.088279187679290771e-04
-2.033039927482604980e-02
9.017829783260822296e-03
9.287360444432124496e-05
7.898085459601134062e-05
5.575766321271657944e-03
-1.823217980563640594e-02
-2.676986530423164368e-02
-1.031645759940147400e-02
-1.655081287026405334e-02
1.017569005489349365e-02
9.841712890192866325e-04
1.439323835074901581e-02
-5.498002748936414719e-03
3.484512120485305786e-02
-4.793686326593160629e-03
-8.555377833545207977e-03
-1.413706690073013306e-02
1.177863916382193565e-03
-3.561881929636001587e-02
1.202404033392667770e-02
-1.885167509317398071e-02
-1.879280805587768555e-02
-6.929307710379362106e-03
-2.970151416957378387e-02
-3.626448288559913635e-02
3.052048850804567337e-04
-3.391086682677268982e-02
-7.727223564870655537e-04
-2.789052389562129974e-02
-2.157337404787540436e-02
-1.396715361624956131e-02
1.440943125635385513e-02
-4.159004986286163330e-02
-8.555903099477291107e-03
-2.733493782579898834e-02
2.030521165579557419e-03
-1.333491038531064987e-02
-2.887181937694549561e-02
-5.608962103724479675e-02
-4.375859349966049194e-02
-1.710841618478298187e-02
1.160537172108888626e-02
-2.404574863612651825e-02
1.149893924593925476e-02
-4.340822249650955200e-02
-2.176007069647312164e-02
9.511294774711132050e-03
-2.839698828756809235e-02
-3.138448810204863548e-03
1.467017922550439835e-02
-1.768521964550018311e-02
-6.501414626836776733e-02
2.339263819158077240e-02
-4.569689929485321045e-02
-1.547657400369644165e-01
2.169690281152725220e-02
2.658888697624206543e-04
-5.057049449533224106e-03
-4.219967126846313477e-02
-2.409346960484981537e-02
1.683852635324001312e-02
2.216083812527358532e-04
-3.374195471405982971e-02
-2.287813648581504822e-02
-9.247755631804466248e-03
-1.235381979495286942e-02
-3.729115799069404602e-02
-1.957369595766067505e-02
-4.391593486070632935e-02
-3.030594997107982635e-02
-3.493383526802062988e-02
-3.158168867230415344e-02
-1.213006395846605301e-02
3.404343733564019203e-03
-1.594722643494606018e-02
5.865781009197235107e-02
-9.129915386438369751e-03
-2.184715308248996735e-02
1.375895086675882339e-02
1.502439545220113359e-06
3.045666217803955078e-02
-1.216426491737365723e-02
-1.935568288899958134e-03
1.744799688458442688e-02
-6.733887642621994019e-02
-5.789275839924812317e-02
-3.914473578333854675e-03
7.398810121230781078e-04
-3.024628199636936188e-02
-3.559950040653347969e-03
-2.443816512823104858e-02
-2.652343362569808960e-02
-1.610600762069225311e-02
-9.256133926101028919e-04
-1.303705014288425446e-02
-3.189732879400253296e-02
8.566597476601600647e-03
1.358110550791025162e-02
7.652460038661956787e-02
-5.624499171972274780e-02
-1.268986519426107407e-02
-9.664901532232761383e-03
5.656554363667964935e-03
-1.003644894808530807e-02
7.462420500814914703e-03
-2.306570968357846141e-05
-7.326926290988922119e-02
-3.760905936360359192e-02
-8.925477042794227600e-03
-3.081357479095458984e-02
-1.086650136858224869e-02
1.326788403093814850e-02
9.854531381279230118e-04
-7.093645632266998291e-02
-3.948525339365005493e-02
-6.110156420618295670e-03
-1.323189790127798915e-04
-1.065014768391847610e-02
-5.571230873465538025e-02
-2.614469267427921295e-02
-6.266381591558456421e-02
4.369932226836681366e-03
3.282856941223144531e-02
8.265983313322067261e-03
8.413902483880519867e-03
-3.551340475678443909e-02
1.013923659920692444e-01
-1.569775119423866272e-02
-1.578869298100471497e-02
1.105116028338670731e-02
2.682398073375225067e-02
-7.182188332080841064e-02
-3.530284762382507324e-02
2.297670952975749969e-02
-1.504684891551733017e-02
1.218963973224163055e-02
-4.835419356822967529e-03
-2.889264002442359924e-02
-5.055794119834899902e-02
-1.180555298924446106e-02
-1.330040302127599716e-02
-2.293055132031440735e-02
7.553315255790948868e-03
1.084752660244703293e-02
-5.249034240841865540e-02
-2.467950247228145599e-02
-4.594077821820974350e-03
-3.533372655510902405e-03
-2.136494964361190796e-02
3.251498797908425331e-03
-3.562944009900093079e-02
-1.906191115267574787e-03
-2.257477492094039917e-02
-3.031138889491558075e-02
-1.715161837637424469e-02
-2.419272065162658691e-02
-2.967563457787036896e-02
1.550283469259738922e-02
-4.658636078238487244e-02
-1.125276274979114532e-02
-6.313773244619369507e-02
-2.424526959657669067e-03
-1.192030962556600571e-02
-3.051532059907913208e-02
-2.122857235372066498e-02
-1.634825766086578369e-02
-1.545103453099727631e-02
-4.776736721396446228e-02
-1.305065688939066604e-05
-7.313175499439239502e-02
1.045284327119588852e-03
-2.543408423662185669e-02
-2.285097166895866394e-02
-1.174823101609945297e-02
-9.091845713555812836e-03
3.181800991296768188e-02
4.115483257919549942e-03
-4.234339296817779541e-02
-6.011169031262397766e-02
1.613769121468067169e-02
-1.697695441544055939e-02
-1.949055492877960205e-02
2.370697911828756332e-03
-1.891142874956130981e-02
1.275536790490150452e-02
4.961355775594711304e-02
-8.341635018587112427e-02
-1.123246084898710251e-02
-4.086894914507865906e-02
-1.972681470215320587e-02
-2.442880347371101379e-02
-2.060397155582904816e-02
-3.219442069530487061e-02
-8.842012903187423944e-05
2.356986142694950104e-02
7.137766107916831970e-03
-5.079355090856552124e-02
-1.113849040120840073e-02
-5.885402206331491470e-03
-5.114465579390525818e-02
4.492924362421035767e-02
-8.764561265707015991e-03
-3.113221563398838043e-02
-4.378887265920639038e-02
-5.320765078067779541e-03
-2.781728468835353851e-02
-3.369597485288977623e-03
-1.540553662925958633e-02
-2.224157750606536865e-02
-2.284726873040199280e-02
-1.025491114705801010e-02
2.078857738524675369e-03
2.213670313358306885e-02
5.322102457284927368e-03
-2.849079854786396027e-02
-4.016060382127761841e-02
-1.524366997182369232e-02
-4.839254543185234070e-03
3.405055776238441467e-02
3.493617288768291473e-03
-5.495274811983108521e-02
-7.041605561971664429e-02
4.131586849689483643e-02
1.673461683094501495e-02
7.066591642796993256e-03
-2.081487514078617096e-02
3.118728986009955406e-03
1.791431196033954620e-02
1.902623660862445831e-02
1.977718621492385864e-02
-5.813161842525005341e-03
-3.387351706624031067e-02
-6.672254949808120728e-02
-2.110962383449077606e-02
-7.985664531588554382e-03
-1.942280307412147522e-02
5.141597706824541092e-03
2.106313360854983330e-03
-3.546288609504699707e-02
-2.034551277756690979e-02
-4.796295240521430969e-02
-2.597855404019355774e-02
-2.707774052396416664e-03
5.962784402072429657e-03
-3.272365406155586243e-02
-3.623336181044578552e-02
1.191602321341633797e-03
-3.700308501720428467e-02
-2.329944446682929993e-02
-2.061827341094613075e-03
-2.928575873374938965e-02
-7.332571782171726227e-03
-6.148178875446319580e-02
-1.237327307462692261e-01
1.346973422914743423e-02
-5.243570078164339066e-03
-4.352057725191116333e-02
-4.736157506704330444e-02
-3.678982332348823547e-02
-4.832484200596809387e-02
-5.655737966299057007e-02
-1.030988339334726334e-02
-2.305184677243232727e-02
8.991938084363937378e-03
-4.428561031818389893e-02
-4.640309885144233704e-02
-3.688637400045990944e-03
-1.013539284467697144e-01
-1.241378858685493469e-02
1.233489625155925751e-02
-1.197085063904523849e-02
5.723557434976100922e-03
4.524119198322296143e-03
-4.717323556542396545e-02
-2.667103148996829987e-02
-6.917444989085197449e-03
-2.254842966794967651e-02
-2.381374686956405640e-02
-1.795174553990364075e-02
2.040613209828734398e-03
-4.812042042613029480e-02
-2.818691730499267578e-02
-3.728108108043670654e-02
-1.552836876362562180e-02
-1.071342919021844864e-02
6.413973402231931686e-03
6.349099799990653992e-03
-2.757197432219982147e-02
7.675269991159439087e-02
-2.081567235291004181e-02
-1.112693338654935360e-03
-5.235265474766492844e-03
-3.026782348752021790e-02
-9.524215012788772583e-03
-1.114589255303144455e-02
2.993890829384326935e-02
1.263646502047777176e-02
-5.693759521818719804e-05
1.268834155052900314e-02
8.268347010016441345e-03
2.228101901710033417e-02
-3.102819062769412994e-02
-2.496682479977607727e-02
-8.990416303277015686e-03
-3.574301721528172493e-03
-2.611726149916648865e-02
-2.557556144893169403e-02
1.274221017956733704e-02
-1.406490337103605270e-02
-1.468872278928756714e-01
-1.157463155686855316e-02
-4.021733626723289490e-02
1.926441490650177002e-02
-4.622963443398475647e-02
-1.376585010439157486e-02
-6.815048400312662125e-03
2.751328051090240479e-02
3.903019055724143982e-02
-3.068561293184757233e-02
-3.391611948609352112e-02
-7.520962972193956375e-03
-4.267513006925582886e-02
-1.214643660932779312e-02
-1.668914593756198883e-02
9.890511864796280861e-04
2.981756580993533134e-03
-3.868166357278823853e-02
-6.951984018087387085e-03
-1.150874793529510498e-02
-5.169708281755447388e-02
1.152110472321510315e-02
9.855654090642929077e-03
-7.519895583391189575e-02
-6.594205740839242935e-03
6.712633371353149414e-02
-4.158441722393035889e-02
3.497678786516189575e-02
-1.827915385365486145e-02
3.619470866397023201e-03
2.037374489009380341e-02
-5.080019123852252960e-03
-4.029724746942520142e-03
-2.648730576038360596e-02
-4.252738878130912781e-02
-1.149652525782585144e-02
-5.049503524787724018e-04
2.591956034302711487e-02
-1.807162165641784668e-02
-1.512800529599189758e-02
5.432304739952087402e-02
-3.529743477702140808e-02
-1.524107996374368668e-03
-1.510622445493936539e-02
-3.229158744215965271e-02
1.123812701553106308e-02
-4.086988046765327454e-02
-1.130430214107036591e-02
9.803683497011661530e-04
-3.785216063261032104e-02
3.746279701590538025e-02
-4.089567437767982483e-02
5.583919584751129150e-03
-3.922197502106428146e-03
2.712986245751380920e-02
-3.424229100346565247e-02
1.655032113194465637e-02
-1.396017707884311676e-02
-1.725991256535053253e-02
-2.652361430227756500e-02
-5.538441613316535950e-02
-1.059861015528440475e-02
-7.564042508602142334e-02
-1.191533077508211136e-02
-1.608916930854320526e-02
-5.703300703316926956e-03
-2.338165044784545898e-02
8.272817358374595642e-03
3.457384184002876282e-02
-5.601618904620409012e-04
-1.330775767564773560e-01
5.416932515799999237e-03
-2.656619437038898468e-02
8.414666168391704559e-03
-9.367695078253746033e-03
5.426690448075532913e-03
-5.245464853942394257e-03
1.243105856701731682e-03
-1.887167687527835369e-03
2.847321704030036926e-02
-1.082360371947288513e-02
-1.554272137582302094e-02
1.916985638672485948e-04
-4.018022119998931885e-02
7.518801838159561157e-03
-5.338523536920547485e-02
-9.840581333264708519e-04
-1.003833487629890442e-02
-1.847416395321488380e-03
-6.275097257457673550e-04
-1.819178462028503418e-02
-1.568890921771526337e-02
2.656823769211769104e-02
-3.160857036709785461e-02
-1.144037023186683655e-02
2.255186438560485840e-03
-6.627336144447326660e-02
-1.371709443628787994e-02
-2.810370922088623047e-02
-1.190262287855148315e-02
-1.228544022887945175e-02
-3.433934971690177917e-02
-2.209518849849700928e-02
-3.420082852244377136e-02
-1.419418212026357651e-02
-2.335907705128192902e-02
1.790829934179782867e-02
-4.529600962996482849e-03
2.087204158306121826e-02
-1.384217105805873871e-02
-5.045520607382059097e-03
-3.966619819402694702e-02
-2.441217424347996712e-03
1.042677368968725204e-02
-3.398189321160316467e-02
-3.794896230101585388e-02
-5.934522021561861038e-03
-1.930853817611932755e-03
-1.874231733381748199e-02
-4.681364819407463074e-02
-2.212832681834697723e-02
4.820539802312850952e-02
2.209175936877727509e-02
-1.112927962094545364e-02
-3.789482265710830688e-02
7.934871129691600800e-03
-5.778787191957235336e-03
-4.004883766174316406e-02
9.182278066873550415e-03
-1.820203661918640137e-02
9.880000725388526917e-03
-1.018817536532878876e-02
-7.084237784147262573e-02
-2.810091478750109673e-03
-1.451353821903467178e-02
-6.375104933977127075e-02
8.483356796205043793e-04
-7.130263373255729675e-03
-2.610874921083450317e-02
2.574142441153526306e-02
-1.791332289576530457e-02
1.009361469186842442e-03
6.977831479161977768e-03
-1.614006049931049347e-02
5.147894844412803650e-03
-9.873366914689540863e-03
-2.358740195631980896e-02
3.508698428049683571e-03
-1.943117007613182068e-02
-1.511646434664726257e-02
-4.357433319091796875e-02
2.461221069097518921e-02
2.403610618785023689e-03
-1.147876493632793427e-02
-1.627521589398384094e-02
-4.624314978718757629e-02
-5.670445971190929413e-03
-1.494863908737897873e-02
-2.519689872860908508e-02
3.305626288056373596e-02
-5.776555463671684265e-02
1.414177007973194122e-02
4.599896725267171860e-03
-1.319919433444738388e-02
-2.533413097262382507e-02
-4.856289830058813095e-03
-8.048657327890396118e-02
-3.889657929539680481e-02
-3.271014615893363953e-02
6.929349899291992188e-02
1.539270114153623581e-02
2.790352143347263336e-02
-3.221862018108367920e-02
-5.779042840003967285e-02
-1.066720578819513321e-03
3.314537927508354187e-02
1.024509896524250507e-03
-1.283029932528734207e-02
-4.407722875475883484e-02
-1.615465432405471802e-02
-3.667251393198966980e-02
-1.590197533369064331e-02
5.054258275777101517e-03
7.396726403385400772e-03
-4.090217407792806625e-03
-6.115777418017387390e-03
-2.713087573647499084e-02
3.504624823108315468e-03
-3.133005276322364807e-02
2.782040275633335114e-02
1.621030271053314209e-02
-3.388135135173797607e-02
-2.681769430637359619e-02
-3.785079717636108398e-02
-3.699056804180145264e-02
5.481882486492395401e-03
1.044063922017812729e-02
1.527738571166992188e-02
-4.578001052141189575e-02
-6.166550517082214355e-02
1.268900278955698013e-02
-5.655148625373840332e-02
-1.114147808402776718e-02
1.952237822115421295e-02
7.180612010415643454e-05
1.182875037193298340e-02
-2.591698616743087769e-02
-2.298924699425697327e-02
1.076695509254932404e-02
-8.184717036783695221e-03
-3.695826977491378784e-02
-2.538247779011726379e-02
-6.461631972342729568e-03
-4.498311504721641541e-02
-3.885133191943168640e-02
2.796906791627407074e-02
-5.652643740177154541e-02
9.804040193557739258e-03
3.357547149062156677e-02
7.102653384208679199e-03
-1.429665554314851761e-02
-1.559945475310087204e-02
-1.424954971298575401e-03
-3.790143132209777832e-02
-1.711045764386653900e-02
2.387026790529489517e-03
-4.115264490246772766e-02
-1.193072367459535599e-02
1.668002456426620483e-02
-2.244251780211925507e-02
-1.203128416091203690e-02
-1.435108948498964310e-02
-1.990201696753501892e-02
-1.403832808136940002e-02
-2.078640647232532501e-02
-1.211689133197069168e-02
-3.246517851948738098e-02
-7.851200178265571594e-03
-1.589199062436819077e-03
-5.205068271607160568e-03
-5.143510550260543823e-02
-4.378143697977066040e-02
-3.963084146380424500e-02
-3.402642533183097839e-02
-1.181906759738922119e-01
1.250114943832159042e-02
1.044374238699674606e-02
-2.273533726111054420e-03
-6.166651844978332520e-02
-2.641116641461849213e-02
-5.162222310900688171e-03
-1.962313614785671234e-02
8.604475297033786774e-04
-4.373339563608169556e-02
-1.865926082246005535e-03
1.335402298718690872e-02
-2.335933223366737366e-02
-8.725831139599904418e-05
6.055728998035192490e-03
-4.420856013894081116e-02
-5.292990058660507202e-02
2.957524266093969345e-03
-7.637502159923315048e-03
-3.636139258742332458e-02
-5.572890862822532654e-02
-2.257418632507324219e-02
-1.142261363565921783e-02
-4.869335144758224487e-02
-3.748927265405654907e-02
-1.941305957734584808e-02
5.042788106948137283e-03
2.073126658797264099e-02
-1.489676814526319504e-02
1.957795210182666779e-02
4.131720960140228271e-02
8.042136207222938538e-03
1.967895543202757835e-03
-1.142445136792957783e-03
-2.764368057250976562e-02
-7.752966135740280151e-02
-2.898028306663036346e-02
5.880289245396852493e-04
-5.528421141207218170e-03
2.355345292016863823e-03
-3.198001161217689514e-02
-2.835875004529953003e-02
-5.983847007155418396e-02
-1.782138459384441376e-02
1.286940090358257294e-02
-1.003733091056346893e-02
1.237479504197835922e-02
-3.457512333989143372e-02
-4.109850525856018066e-02
3.096639877185225487e-03
-1.629035919904708862e-02
-9.141485206782817841e-03
-2.478718943893909454e-02
-1.736618205904960632e-02
-1.314957812428474426e-02
5.531094968318939209e-03
-3.794280812144279480e-02
3.349341079592704773e-02
-4.525315761566162109e-02
2.794700674712657928e-02
-3.976615890860557556e-02
2.337354980409145355e-02
1.185027789324522018e-02
-2.050350420176982880e-02
4.764241352677345276e-02
-3.177889436483383179e-02
2.611312456429004669e-02
-5.958630517125129700e-02
1.793281547725200653e-02
-4.751168563961982727e-02
1.655749231576919556e-02
1.581188850104808807e-02
-4.084971547126770020e-02
-1.945780962705612183e-02
-2.871541306376457214e-02
-1.800050027668476105e-02
-3.312632814049720764e-02
-9.978398680686950684e-03
1.619205251336097717e-02
-3.936301171779632568e-02
-2.056377381086349487e-02
-1.305772922933101654e-02
-4.988883063197135925e-02
5.186422169208526611e-02
-1.566664688289165497e-02
-5.118653550744056702e-02
-2.557785250246524811e-02
-6.573415547609329224e-02
-9.678902104496955872e-03
3.110799379646778107e-02
-4.635187331587076187e-03
7.251755334436893463e-03
4.619711637496948242e-02
-1.554271671921014786e-02
-4.494597762823104858e-02
-1.315259467810392380e-02
-7.670722901821136475e-03
-2.372586913406848907e-02
-2.318149432539939880e-03
-5.711878184229135513e-03
-1.079804729670286179e-02
-5.828022584319114685e-02
-1.187605503946542740e-02
-6.036718841642141342e-03
-2.428718470036983490e-02
-1.085918024182319641e-02
-1.965762116014957428e-02
-1.049054414033889771e-02
-2.327729389071464539e-02
-1.603020168840885162e-02
3.430114313960075378e-02
4.350127652287483215e-02
-4.134882614016532898e-02
-5.585152655839920044e-02
-2.426893264055252075e-02
9.763792157173156738e-03
4.589756578207015991e-02
-2.366084791719913483e-02
-2.914824150502681732e-02
-2.737732045352458954e-02
-1.426849514245986938e-02
1.944918558001518250e-02
-3.537563607096672058e-03
-2.349117770791053772e-02
-1.529532764106988907e-02
-4.642771091312170029e-03
-1.533849630504846573e-02
1.721601933240890503e-02
5.438357219099998474e-02
-2.470928430557250977e-02
-6.020908802747726440e-02
-5.032807216048240662e-02
-2.376421540975570679e-02
4.790732171386480331e-03
-4.018635302782058716e-02
1.554185990244150162e-02
-2.641609311103820801e-02
3.382448107004165649e-02
-6.461280863732099533e-04
2.803208772093057632e-03
-1.633802987635135651e-02
-1.202181540429592133e-02
1.395022869110107422e-02
5.123766604810953140e-03
-7.141815871000289917e-02
-1.001636683940887451e-02
-3.731094673275947571e-02
3.625965863466262817e-02
-2.504073269665241241e-02
2.281061606481671333e-03
-1.603491604328155518e-02
-2.062673494219779968e-02
-7.855584844946861267e-03
1.712100580334663391e-02
-1.462735794484615326e-02
-1.469991728663444519e-02
-1.008614618331193924e-02
-1.958152465522289276e-02
-2.706774882972240448e-02
-5.799734964966773987e-02
-8.951412513852119446e-03
-6.492602080106735229e-02
5.497008096426725388e-03
-5.205909535288810730e-02
-5.691798403859138489e-03
-3.707884997129440308e-02
9.838646277785301208e-03
-2.136693894863128662e-02
-4.434406384825706482e-02
-9.938286617398262024e-03
3.582028672099113464e-03
6.653960328549146652e-03
-1.570612378418445587e-02
-3.877800656482577324e-03
1.363820582628250122e-02
3.869985789060592651e-02
-5.995192006230354309e-02
4.737038910388946533e-02
7.817767560482025146e-03
-1.005379110574722290e-02
-1.356730516999959946e-02
-1.167769450694322586e-02
-7.953406311571598053e-03
-3.183801844716072083e-02
-1.217859983444213867e-02
-7.171494420617818832e-03
5.117596685886383057e-02
-3.544640168547630310e-02
-6.452809087932109833e-03
1.163697522133588791e-02
-4.753716662526130676e-02
1.107619889080524445e-02
-1.146070472896099091e-02
-3.433375153690576553e-03
-4.855411499738693237e-02
-3.242166712880134583e-02
1.172410976141691208e-02
2.397955209016799927e-02
-2.506729960441589355e-02
-5.440830811858177185e-02
-2.014457248151302338e-02
-2.029610425233840942e-02
-1.884168758988380432e-02
-2.501656673848628998e-02
-8.057057857513427734e-03
7.383234333246946335e-03
-2.452244982123374939e-02
-4.051283001899719238e-03
-2.466254867613315582e-02
-8.577142655849456787e-02
-1.516424957662820816e-02
-1.167207676917314529e-02
-6.326058413833379745e-03
-2.664006315171718597e-02
-1.919023133814334869e-02
-1.842335052788257599e-02
1.115666422992944717e-02
-5.922809615731239319e-02
-2.684659848455339670e-04
-1.069579645991325378e-02
2.911779563874006271e-03
1.610286161303520203e-02
-2.331063523888587952e-02
-2.493310719728469849e-02
1.257961522787809372e-02
-1.654955185949802399e-02
4.467205144464969635e-03
-5.499315261840820312e-02
-1.931873848661780357e-03
-3.626441583037376404e-02
-7.694738917052745819e-03
1.522229518741369247e-02
1.407931838184595108e-02
-3.531402722001075745e-02
