1.261482089757919312e-01
-5.923291295766830444e-02
-1.529529988765716553e-01
-4.704764485359191895e-02
-1.183509007096290588e-01
-1.236244440078735352e-01
1.090046241879463196e-01
-2.926945127546787262e-02
-8.886147290468215942e-03
-8.293060213327407837e-02
-5.015454068779945374e-02
-7.549428939819335938e-02
-1.207573711872100830e-01
-9.912731125950813293e-03
-1.174712181091308594e-01
-5.231254920363426208e-02
-1.512736827135086060e-01
-1.093990802764892578e-01
-1.369131207466125488e-01
-5.413158237934112549e-02
-9.495993703603744507e-02
-1.112430766224861145e-01
6.323790550231933594e-02
4.420627281069755554e-02
-8.748129010200500488e-02
-1.306119859218597412e-01
-7.214783877134323120e-02
-6.877354532480239868e-02
5.965480208396911621e-02
-1.114037856459617615e-01
-1.093887463212013245e-01
-9.859614074230194092e-02
-1.522883474826812744e-01
-1.476063877344131470e-01
-1.076591983437538147e-01
-1.677770316600799561e-01
-8.501534909009933472e-02
-1.303389482200145721e-02
3.586091566830873489e-03
-1.019225195050239563e-01
-5.780203267931938171e-02
-1.377074122428894043e-01
-6.672307848930358887e-02
-1.333880573511123657e-01
-1.260664612054824829e-01
-9.402265399694442749e-02
-1.322557330131530762e-01
-1.400087326765060425e-01
-1.320400238037109375e-01
2.184278331696987152e-02
-2.308867638930678368e-03
-9.844109416007995605e-02
-1.065748929977416992e-01
-3.179603442549705505e-02
-8.924528956413269043e-02
-4.927180241793394089e-03
-1.687217354774475098e-01
-4.583761841058731079e-02
-6.666238605976104736e-02
5.973255634307861328e-02
-1.080811470746994019e-01
-6.261872500181198120e-02
5.850739777088165283e-03
8.091462403535842896e-02
1.067989915609359741e-01
1.688737608492374420e-02
-1.402016133069992065e-01
-2.107631228864192963e-02
-9.448248893022537231e-02
-8.608289808034896851e-02
-1.508608907461166382e-01
-9.131681174039840698e-02
-6.813567876815795898e-02
-4.787323251366615295e-02
-9.338942915201187134e-02
-1.006204187870025635e-01
-1.083218157291412354e-01
-1.892811655998229980e-01
-3.557223454117774963e-02
-1.046402454376220703e-01
5.805535987019538879e-02
1.414564996957778931e-02
-1.715198010206222534e-01
-7.223899662494659424e-02
-1.160229146480560303e-01
1.053411364555358887e-01
-3.246283531188964844e-02
-1.663305759429931641e-01
-1.044452339410781860e-01
-1.550769358873367310e-01
-1.543842852115631104e-01
-2.016491889953613281e-01
-1.557328104972839355e-01
-7.113607227802276611e-02
7.259258627891540527e-02
-6.139619648456573486e-02
-1.187598854303359985e-01
-8.274900913238525391e-02
-5.149568096385337412e-05
-4.732106626033782959e-02
-7.730139791965484619e-02
-5.920208990573883057e-02
-7.845705002546310425e-02
-5.338724330067634583e-02
-8.472333103418350220e-02
-1.178827360272407532e-01
-1.451759338378906250e-01
-1.172124892473220825e-01
-1.299809664487838745e-01
-1.376370340585708618e-01
-1.529789119958877563e-01
-8.428056538105010986e-02
-9.197340160608291626e-02
-8.548289537429809570e-02
1.770648509263992310e-01
1.696839928627014160e-01
-1.238104328513145447e-01
-1.649490892887115479e-01
5.083790794014930725e-02
-6.262437999248504639e-02
-1.231241747736930847e-01
-1.617957949638366699e-01
-6.725670397281646729e-02
-1.060568019747734070e-01
-1.146333366632461548e-01
6.508372724056243896e-02
-4.857753962278366089e-02
3.560630604624748230e-02
-4.385727271437644958e-02
-7.753368467092514038e-02
-1.105834469199180603e-01
-1.380176991224288940e-01
-8.597121387720108032e-02
-8.793658018112182617e-02
3.896745294332504272e-02
8.454603701829910278e-02
-4.041976854205131531e-02
-7.282792776823043823e-02
3.967605065554380417e-03
-1.620675325393676758e-01
-8.948295563459396362e-02
-3.445524349808692932e-02
-5.823334306478500366e-02
9.849438816308975220e-02
-6.769824773073196411e-02
-1.493172496557235718e-01
-9.075191617012023926e-02
9.022412449121475220e-02
-1.057646796107292175e-01
-8.880010992288589478e-02
-2.912705391645431519e-02
-1.475164592266082764e-01
-8.176483213901519775e-02
-1.097856536507606506e-01
-8.372493833303451538e-02
-1.302171498537063599e-01
-1.154494732618331909e-01
-9.781508892774581909e-02
-4.292017966508865356e-02
-1.099326908588409424e-01
-1.343736499547958374e-01
-1.136865168809890747e-01
-4.395785927772521973e-02
-5.056444555521011353e-02
-1.452335417270660400e-01
-1.070191189646720886e-01
-7.969890534877777100e-02
-9.138968586921691895e-02
-8.035676926374435425e-02
-7.229063659906387329e-02
-1.295521408319473267e-01
-9.219510108232498169e-02
-9.590671211481094360e-02
-1.298131793737411499e-01
-5.116944760084152222e-02
-1.949037797749042511e-02
-6.818006932735443115e-02
1.652298308908939362e-02
-5.179816484451293945e-02
-1.415489427745342255e-02
-7.128006219863891602e-02
-8.568800985813140869e-02
-1.434091180562973022e-01
-3.271434828639030457e-02
-9.782336652278900146e-02
-6.558552384376525879e-02
-1.323371678590774536e-01
-7.371102273464202881e-02
1.081919148564338684e-01
-1.328035444021224976e-01
-1.086865440011024475e-01
7.070831954479217529e-02
-1.220556274056434631e-01
-2.679841592907905579e-02
-9.837853722274303436e-03
-9.830933064222335815e-02
-1.572740972042083740e-01
-1.404230296611785889e-01
-8.602057397365570068e-02
-7.377053797245025635e-02
-6.789138168096542358e-02
-1.445720195770263672e-01
-9.426303207874298096e-02
-6.183954328298568726e-02
9.149421937763690948e-03
5.401388555765151978e-02
4.584409669041633606e-02
-1.047950983047485352e-01
-1.251778453588485718e-01
6.228593364357948303e-02
2.188038378953933716e-01
-1.044511720538139343e-01
5.551790818572044373e-03
2.098979242146015167e-02
2.186255715787410736e-02
-1.138364449143409729e-01
-1.229881122708320618e-01
-1.053862571716308594e-01
-9.240742027759552002e-02
-1.263720840215682983e-01
-3.528129309415817261e-02
-1.399037241935729980e-01
-9.608714282512664795e-02
-5.325833708047866821e-02
-2.292987145483493805e-02
-2.440416999161243439e-02
-1.230291128158569336e-01
3.572928835637867451e-04
-9.404657781124114990e-02
-1.104419380426406860e-01
-9.586533159017562866e-02
-1.058099046349525452e-01
-4.898292571306228638e-02
-1.199308782815933228e-01
-1.408534348011016846e-01
-1.094259768724441528e-01
-1.123147234320640564e-01
-2.168218418955802917e-02
9.975904598832130432e-03
-2.201765179634094238e-01
-1.588426381349563599e-01
-1.203047186136245728e-01
-1.065718382596969604e-01
-3.567197546362876892e-02
-4.220441728830337524e-02
-1.826074421405792236e-01
-7.138087600469589233e-02
-1.065708845853805542e-01
-9.936453402042388916e-02
-8.158865571022033691e-02
-1.411728793755173683e-03
2.624432183802127838e-02
8.807773888111114502e-02
-1.068019792437553406e-01
-5.391033738851547241e-02
-1.389470510184764862e-02
