-6.217738147825002670e-03
-2.468106150627136230e-02
-3.054531523957848549e-03
-5.608477164059877396e-03
-6.087831687182188034e-03
-1.267006341367959976e-02
-1.303403079509735107e-02
-8.490568958222866058e-03
-2.665160223841667175e-03
-7.044251542538404465e-03
-2.820035442709922791e-03
1.937564578838646412e-03
-8.364619687199592590e-03
-1.059000473469495773e-02
-8.858336135745048523e-03
-8.993014693260192871e-03
-4.113412462174892426e-03
2.114346716552972794e-03
-2.958711469545960426e-03
-1.687762094661593437e-03
-3.047827631235122681e-03
-6.327807437628507614e-03
-8.477441035211086273e-03
-6.119161378592252731e-03
-1.813447102904319763e-02
-1.437730435281991959e-02
-2.870194846764206886e-03
-1.041644345968961716e-02
-5.438694264739751816e-03
-1.033611875027418137e-02
-3.238145494833588600e-03
-1.504125818610191345e-02
-3.151451237499713898e-03
-2.335382625460624695e-03
-2.023524837568402290e-03
-3.683278337121009827e-03
4.390926042106002569e-04
-1.287858467549085617e-02
1.171622425317764282e-03
-1.134531851857900620e-02
5.224285996519029140e-04
-2.157754730433225632e-03
-4.133241716772317886e-03
8.093561627902090549e-04
-2.847243333235383034e-03
-1.353299431502819061e-02
-4.412157461047172546e-03
-4.835988394916057587e-03
-4.270524252206087112e-03
-4.281248431652784348e-03
-5.308171268552541733e-03
-8.924853056669235229e-03
1.172515656799077988e-02
9.081337484531104565e-04
-9.679053910076618195e-03
-3.643441945314407349e-03
-5.550126079469919205e-03
-7.493855431675910950e-03
2.370497677475214005e-03
-2.860517241060733795e-03
-2.215232001617550850e-03
-3.049658844247460365e-04
-9.155874140560626984e-03
-2.176482812501490116e-04
-5.991968326270580292e-03
-9.232080541551113129e-03
-6.607169634662568569e-04
-8.955066441558301449e-04
-5.709410179406404495e-04
-8.948404341936111450e-03
-2.826402196660637856e-03
-9.444174356758594513e-03
-6.172238383442163467e-03
-9.195030666887760162e-03
1.966671785339713097e-03
-2.384224673733115196e-03
-5.387773737311363220e-03
-1.134035550057888031e-02
-9.619427844882011414e-03
-1.221484970301389694e-03
6.805001175962388515e-04
-1.742013730108737946e-02
-3.553646616637706757e-03
-1.731614465825259686e-03
-8.146689273416996002e-03
-3.610767656937241554e-03
-7.565114065073430538e-04
-9.319947101175785065e-03
-1.395988743752241135e-02
-7.251630071550607681e-03
5.464639398269355297e-04
-4.025143571197986603e-03
1.141383079811930656e-03
-5.824122577905654907e-03
-6.960953585803508759e-03
-6.741091143339872360e-03
-6.617777049541473389e-03
-1.214415300637483597e-02
-7.591307628899812698e-03
-4.705542698502540588e-03
-4.574757476802915335e-04
-1.716922968626022339e-03
-7.598103838972747326e-04
-1.670093392021954060e-03
-1.319546811282634735e-02
-6.489546969532966614e-03
-1.034194510430097580e-02
-6.320635322481393814e-03
-2.486344892531633377e-04
2.225074917078018188e-03
-4.192171618342399597e-03
1.042881049215793610e-03
-8.763642981648445129e-03
-4.822887945920228958e-03
-6.794493645429611206e-03
-4.659464582800865173e-03
-9.388721809955313802e-05
-4.479796625673770905e-03
-5.319642368704080582e-03
-1.847967505455017090e-03
-1.111314631998538971e-02
-7.697301451116800308e-03
-6.915882229804992676e-03
-1.258847955614328384e-02
-7.994735613465309143e-03
-1.768250833265483379e-03
6.121501792222261429e-04
-6.658627651631832123e-03
-8.292261511087417603e-03
-1.157853938639163971e-02
-2.748413244262337685e-03
-4.592557903379201889e-03
-7.658804301172494888e-03
-1.522003673017024994e-02
-7.330185733735561371e-03
-5.428764852695167065e-04
7.563887629657983780e-04
-1.976880477741360664e-03
-3.870650893077254295e-03
-4.286734387278556824e-03
-8.465773425996303558e-03
3.209664952009916306e-03
-6.148822605609893799e-03
-5.567571148276329041e-03
-6.582223810255527496e-03
-9.420100599527359009e-03
-4.041816107928752899e-03
-5.014387425035238266e-03
-6.376085337251424789e-03
-3.595396643504500389e-03
-8.892527548596262932e-04
-4.934883210808038712e-03
-1.332073099911212921e-02
-8.907279931008815765e-03
-6.009710952639579773e-03
-2.213678322732448578e-02
-5.327315535396337509e-03
-1.365054771304130554e-02
2.189745195209980011e-03
-8.635845035314559937e-03
-2.713339636102318764e-03
-7.599967997521162033e-03
-1.572032086551189423e-02
-7.560827303677797318e-03
-9.099066664930433035e-05
-5.904714344069361687e-04
-4.590987693518400192e-03
-1.655158028006553650e-02
-7.822977378964424133e-03
-8.539748378098011017e-03
-4.713925532996654510e-03
-5.914133973419666290e-03
2.140763914212584496e-03
-1.271012146025896072e-02
-2.042899141088128090e-03
-6.832523271441459656e-03
-3.308249870315194130e-03
-5.505342967808246613e-03
-3.827051841653883457e-04
-4.450866021215915680e-03
-5.731257144361734390e-03
-4.300843924283981323e-03
-1.276737917214632034e-02
-1.189389638602733612e-02
-6.602859590202569962e-03
5.163383670151233673e-03
4.051394760608673096e-03
-6.798774469643831253e-03
1.493801013566553593e-03
3.323628567159175873e-03
-5.789338145405054092e-03
-8.094835095107555389e-03
-8.032949641346931458e-03
-1.186167355626821518e-02
-7.425351999700069427e-03
-2.324966713786125183e-03
-1.017231494188308716e-03
-1.018476393073797226e-02
-6.997609045356512070e-03
-6.831448525190353394e-03
-3.527980297803878784e-03
-9.583312086760997772e-03
-7.817499339580535889e-03
-8.467129431664943695e-03
-5.486320704221725464e-03
-4.581189714372158051e-03
-6.322707515209913254e-03
-1.141879474744200706e-03
-8.351135067641735077e-03
-1.650985912419855595e-03
-1.108540222048759460e-02
-7.646054960787296295e-03
-1.388164516538381577e-02
3.353378269821405411e-03
-9.136604494415223598e-04
-3.460749285295605659e-03
7.137591601349413395e-04
3.946669166907668114e-04
-6.038110237568616867e-03
2.345181535929441452e-03
1.780187594704329967e-03
-6.111373193562030792e-03
-7.237605750560760498e-03
-3.491009352728724480e-03
-1.005981233902275562e-03
-9.160290472209453583e-03
-2.960273297503590584e-03
-2.129473490640521049e-03
-4.548053722828626633e-03
-3.387645119801163673e-03
6.832414655946195126e-04
-1.745546609163284302e-02
-1.137702912092208862e-02
-6.508679594844579697e-03
-9.309678338468074799e-03
3.332767868414521217e-03
-5.754484795033931732e-03
-1.214886363595724106e-02
-1.305474084801971912e-03
-9.258197620511054993e-03
-4.225594922900199890e-03
-4.890229087322950363e-03
-1.669187622610479593e-04
-1.651327125728130341e-02
-7.288261782377958298e-03
-7.010798435658216476e-03
7.841262849979102612e-04
-2.819438232108950615e-03
-7.434376981109380722e-03
-2.675705822184681892e-03
-7.446107454597949982e-03
-8.274875581264495850e-03
-1.058976445347070694e-02
-2.722386270761489868e-04
-4.579562228173017502e-03
4.948565037921071053e-04
-3.094329498708248138e-03
-9.612382389605045319e-03
-6.332291290163993835e-03
-5.535388831049203873e-03
-6.173453759402036667e-03
-1.093248953111469746e-03
-5.759884603321552277e-03
-4.052108619362115860e-03
-1.331801712512969971e-02
-4.641911014914512634e-03
-1.544134225696325302e-02
-5.104262847453355789e-03
-6.911763455718755722e-03
-7.957038469612598419e-03
-1.396876759827136993e-02
-3.433190984651446342e-03
-3.738328348845243454e-03
-1.379942707717418671e-02
-1.248847134411334991e-02
-2.951017348095774651e-03
-8.921166881918907166e-03
-5.130519275553524494e-04
-7.261059712618589401e-03
5.991882644593715668e-03
-7.302801590412855148e-03
6.507961545139551163e-03
-1.114604622125625610e-02
-4.757040645927190781e-03
-4.672061186283826828e-03
1.208791276440024376e-03
7.957776077091693878e-03
5.139613524079322815e-03
-2.442416734993457794e-03
-5.432837177067995071e-03
8.407848072238266468e-04
-2.772674197331070900e-03
-4.222984425723552704e-03
-7.680167909711599350e-03
-2.658507088199257851e-03
2.067642286419868469e-03
-9.247025474905967712e-03
-9.590299800038337708e-03
-8.774038404226303101e-03
-3.241078928112983704e-03
-9.015241637825965881e-03
-6.697254721075296402e-03
-5.674752756021916866e-04
5.266500171273946762e-03
-5.962800234556198120e-03
1.976167084649205208e-03
-2.230584155768156052e-03
-4.468313418328762054e-03
-7.321486249566078186e-03
-7.105800323188304901e-03
-1.086321100592613220e-02
-1.188149768859148026e-02
7.551953196525573730e-03
-8.551879785954952240e-03
-7.597266230732202530e-03
-4.586488939821720123e-03
3.525785868987441063e-03
-1.161670871078968048e-02
8.479876443743705750e-03
-3.971996717154979706e-03
-1.275083795189857483e-02
-5.832300521433353424e-03
-4.758391529321670532e-03
-7.957485504448413849e-03
-1.194914430379867554e-02
-3.445567097514867783e-03
8.001482347026467323e-04
-8.375037461519241333e-03
-1.369255129247903824e-02
-1.708043925464153290e-02
-5.124497110955417156e-04
4.294929560273885727e-03
9.497311897575855255e-03
-8.671763353049755096e-03
-2.552927471697330475e-03
-9.250969626009464264e-03
-9.291378781199455261e-03
-5.103152710944414139e-03
-8.070268668234348297e-03
-1.060715410858392715e-02
-9.256472811102867126e-03
-6.705818697810173035e-03
-1.202338840812444687e-02
-1.159079093486070633e-02
-4.332452546805143356e-03
-4.011135082691907883e-03
-7.300382480025291443e-03
-6.571033038198947906e-03
-7.458272390067577362e-03
4.208813421428203583e-03
-9.162808768451213837e-03
1.366324839182198048e-03
-2.769714454188942909e-03
-7.870630361139774323e-03
-2.512995153665542603e-03
-5.136833991855382919e-03
-3.123701550066471100e-03
-9.266754612326622009e-03
-6.195211783051490784e-03
-7.958757691085338593e-03
2.252385485917329788e-03
-2.130896784365177155e-03
-5.521761719137430191e-03
-6.590182427316904068e-03
-2.640984253957867622e-03
-1.044312957674264908e-02
-4.939320962876081467e-03
-5.132241640239953995e-03
-1.477363612502813339e-02
-2.785622375085949898e-03
-1.199285965412855148e-02
-1.131545100361108780e-02
-8.046277798712253571e-03
-9.550807066261768341e-03
-5.912621505558490753e-03
-2.670596353709697723e-03
-3.051813691854476929e-03
-7.138487882912158966e-03
-2.847403055056929588e-03
-1.673377119004726410e-02
-1.624223776161670685e-03
1.236400916241109371e-03
-8.497240953147411346e-03
-8.239218965172767639e-03
-3.791100345551967621e-03
-1.625166973099112511e-03
-9.348459541797637939e-03
-3.321226220577955246e-03
5.583307705819606781e-03
5.566336214542388916e-03
1.748548238538205624e-03
-1.246599946171045303e-02
-4.989726934581995010e-03
-1.370454300194978714e-02
-4.562860820442438126e-03
-1.421358902007341385e-03
-1.414210256189107895e-02
-5.615585483610630035e-03
-3.544464940205216408e-03
-5.233512260019779205e-03
5.217163357883691788e-03
-1.075823511928319931e-02
-1.643111743032932281e-02
3.390317317098379135e-03
-7.841118611395359039e-03
-7.308471947908401489e-03
-9.211438708007335663e-03
-2.205942291766405106e-03
-1.065054256469011307e-02
-6.337484810501337051e-03
-7.189836818724870682e-03
-2.260163659229874611e-03
-7.407695986330509186e-03
-8.981962688267230988e-03
-8.089726790785789490e-03
7.262349594384431839e-03
-3.667896846309304237e-03
-8.391241542994976044e-03
-5.339369643479585648e-03
4.836548119783401489e-03
-7.086568977683782578e-03
-8.452109992504119873e-03
9.755582432262599468e-04
-9.582429192960262299e-03
1.110059441998600960e-03
-5.149821517989039421e-04
-1.021782308816909790e-02
-9.443759918212890625e-03
-3.138663480058312416e-03
-2.802762202918529510e-03
-5.347346304915845394e-04
-1.124937832355499268e-02
1.403263537213206291e-03
-1.085407100617885590e-02
-1.302676089107990265e-02
-7.615072187036275864e-03
-5.161115899682044983e-03
-8.898718282580375671e-03
-8.547405712306499481e-03
-8.916985243558883667e-03
-2.778304507955908775e-03
-1.177418231964111328e-02
3.034685738384723663e-03
-1.180028542876243591e-03
-1.319180428981781006e-02
7.008859538473188877e-04
7.073721499182283878e-04
-6.376288831233978271e-03
-5.938789108768105507e-04
-1.084347441792488098e-02
-1.063261833041906357e-02
-1.107281912118196487e-02
-1.009828504174947739e-02
-1.101097324863076210e-03
-9.919017553329467773e-03
-7.280644960701465607e-03
-1.165474951267242432e-02
-6.246795412153005600e-03
-9.664376266300678253e-03
1.041789259761571884e-02
-6.085898261517286301e-03
-2.191402250900864601e-03
-7.799034938216209412e-03
-1.235192082822322845e-02
-9.555497672408819199e-04
-1.764705777168273926e-02
2.750365238171070814e-04
-1.405047066509723663e-02
-8.762646466493606567e-03
-1.026580855250358582e-02
-6.246485281735658646e-03
-7.548498455435037613e-03
-9.618273936212062836e-03
-1.057307049632072449e-02
-6.921155843883752823e-03
-1.596810109913349152e-02
1.394988223910331726e-02
-8.141329512000083923e-03
-1.463468745350837708e-02
-8.236320689320564270e-03
-1.168749853968620300e-02
-3.541309153661131859e-03
-2.477731322869658470e-03
-6.805253215134143829e-03
-1.283329632133245468e-02
-8.527947589755058289e-03
-8.539877831935882568e-03
-2.347455359995365143e-03
-9.075952693819999695e-03
-3.958556335419416428e-03
-4.342742729932069778e-03
-2.864515408873558044e-04
-4.943838343024253845e-03
-3.945656120777130127e-03
-2.864148234948515892e-03
-6.757025141268968582e-03
-1.285105850547552109e-02
-2.924608998000621796e-05
1.629018370294943452e-04
-2.958635799586772919e-03
-3.985373303294181824e-03
-1.257224753499031067e-02
-2.046981127932667732e-03
-9.528052061796188354e-03
-5.916960071772336960e-03
-1.191614102572202682e-02
-3.369385609403252602e-03
-1.232177857309579849e-02
-9.404405951499938965e-03
-1.518664415925741196e-02
-3.100819187238812447e-03
-5.252558272331953049e-03
-5.539807956665754318e-03
-1.535007916390895844e-02
-5.300035234540700912e-03
-7.849401794373989105e-03
-1.250743772834539413e-02
-7.317166309803724289e-03
-1.056300662457942963e-02
-4.109676461666822433e-03
-8.376127108931541443e-03
-4.207330755889415741e-03
-3.242132253944873810e-03
2.041924046352505684e-03
-1.309141609817743301e-02
-9.568281471729278564e-03
-1.243179291486740112e-02
-4.069366492331027985e-03
-1.192306820303201675e-02
-8.984428830444812775e-03
-1.344318967312574387e-02
-1.689088880084455013e-03
-3.127841278910636902e-03
2.363587496802210808e-03
-1.955070719122886658e-02
-7.540373131632804871e-03
-9.695412591099739075e-03
-3.948208410292863846e-03
-1.227416284382343292e-02
-8.508967235684394836e-03
-5.957432091236114502e-03
-1.093775592744350433e-02
-4.299315623939037323e-03
-3.332946682348847389e-03
-4.093442112207412720e-03
-2.427720231935381889e-03
-1.265895552933216095e-02
-1.155301555991172791e-02
-7.109073922038078308e-03
-2.283315639942884445e-03
-3.203174564987421036e-03
-1.107601821422576904e-02
2.538056811317801476e-03
-6.909080781042575836e-03
-4.199204035103321075e-03
-3.490486415103077888e-03
6.120837759226560593e-03
-4.141307901591062546e-03
-1.230299286544322968e-02
-8.798356167972087860e-03
-6.995223462581634521e-03
-2.295539528131484985e-02
-6.685763131827116013e-03
-6.244606804102659225e-03
-3.791767638176679611e-03
-1.538166194222867489e-03
-5.994985811412334442e-03
-8.032998302951455116e-04
2.407686319202184677e-03
-4.956689197570085526e-03
-4.096194170415401459e-03
-1.209542248398065567e-02
-2.200656337663531303e-03
1.655063533689826727e-04
-1.087046321481466293e-02
-3.468779381364583969e-03
-1.276707742363214493e-02
-1.237732265144586563e-02
-7.542227103840559721e-05
-5.068446509540081024e-03
-7.246756576932966709e-04
5.685170646756887436e-03
-2.876640297472476959e-03
-1.965907216072082520e-02
2.047076588496565819e-03
-7.535431650467216969e-04
-7.843209430575370789e-03
-5.121046677231788635e-03
-4.307088442146778107e-03
2.938544610515236855e-03
-5.619707051664590836e-03
-1.071035768836736679e-02
-8.733028545975685120e-03
-1.102651376277208328e-02
-3.357695881277322769e-03
-3.865663427859544754e-03
-7.429230958223342896e-03
-6.505065131932497025e-03
-1.243211515247821808e-02
4.899410414509475231e-04
-2.432547975331544876e-03
-4.040963947772979736e-03
-1.227423315867781639e-03
-1.024192199110984802e-02
-2.383380895480513573e-03
8.110098540782928467e-03
-5.670230835676193237e-03
-1.339241955429315567e-02
-3.233049297705292702e-03
-8.132714778184890747e-03
-3.251806600019335747e-03
-2.754798624664545059e-03
-5.848765838891267776e-03
-5.241319071501493454e-03
3.328937571495771408e-03
2.631782088428735733e-03
-4.253956722095608711e-04
8.102555875666439533e-04
-6.412768270820379257e-03
-1.321717817336320877e-02
-1.614318229258060455e-02
-1.076529826968908310e-02
-7.442771922796964645e-03
-2.817655215039849281e-03
-1.172815077006816864e-02
-1.781262835720553994e-04
-6.373546551913022995e-03
-1.172919198870658875e-02
-3.938848618417978287e-03
8.861411362886428833e-03
-7.519780658185482025e-03
-3.887785132974386215e-03
-2.344880485907196999e-03
1.419243635609745979e-03
-1.161845959722995758e-02
-8.512848988175392151e-03
-5.179452244192361832e-03
-1.392056792974472046e-02
-1.266348990611732006e-03
-5.217463709414005280e-03
-1.567675033584237099e-03
-2.062155399471521378e-03
1.457342761568725109e-03
-2.196263289079070091e-03
-2.715750830247998238e-03
-1.455579046159982681e-02
1.919247396290302277e-02
-8.685738779604434967e-03
-7.097063120454549789e-03
-7.824214175343513489e-03
-1.231986284255981445e-02
-2.304664812982082367e-03
-9.859730489552021027e-03
-1.493594702333211899e-02
-1.021078694611787796e-02
-9.021296165883541107e-03
-6.014886777848005295e-03
-3.332765074446797371e-03
-7.573856040835380554e-03
1.087284763343632221e-03
-3.780407365411520004e-03
-4.658464749809354544e-04
-4.263954237103462219e-03
-7.186445873230695724e-03
-7.407735101878643036e-04
-1.135372370481491089e-02
-7.785547059029340744e-03
-1.345215132459998131e-03
-4.661132115870714188e-03
-7.020161952823400497e-03
-9.776790626347064972e-03
-8.787756785750389099e-03
-1.605302444659173489e-03
-1.460551633499562740e-03
-7.315701805055141449e-03
-6.029946263879537582e-03
1.795449992641806602e-03
-3.893009386956691742e-03
-8.787289843894541264e-04
-1.882605603896081448e-03
2.112158341333270073e-03
-2.064184518530964851e-03
-9.940035641193389893e-03
-7.966975681483745575e-03
-5.744712892919778824e-03
-3.891628002747893333e-03
-7.672346662729978561e-03
-1.770113594830036163e-02
-5.432768259197473526e-03
-5.513356067240238190e-03
-1.046963781118392944e-02
-4.108939785510301590e-03
-3.848191117867827415e-03
-4.984736908227205276e-03
-8.940860279835760593e-04
-9.818673133850097656e-03
-4.952643532305955887e-03
-9.854331612586975098e-03
-1.660688198171555996e-03
-9.665195830166339874e-03
2.610046649351716042e-04
-1.202364265918731689e-02
3.989159129559993744e-03
-8.126370608806610107e-03
-2.415669616311788559e-03
1.601035241037607193e-03
-7.272615097463130951e-03
6.133438087999820709e-03
-1.382102072238922119e-02
-8.130377158522605896e-03
-9.703665040433406830e-03
-1.905891462229192257e-03
-7.078904658555984497e-03
-1.222444698214530945e-02
-7.215942721813917160e-03
-1.395573467016220093e-02
-5.248576868325471878e-03
-4.691960290074348450e-03
-1.247798651456832886e-02
-2.976556075736880302e-03
-3.143661189824342728e-03
-3.057197201997041702e-03
-7.075785193592309952e-03
-5.571436136960983276e-03
2.359456120757386088e-04
-5.509381648153066635e-03
-4.289723467081785202e-03
-1.290498394519090652e-02
-6.656208075582981110e-03
6.866484414786100388e-03
-1.312896702438592911e-02
-2.595955505967140198e-03
-1.221143826842308044e-02
3.805304877460002899e-04
-8.505589328706264496e-03
-2.770036458969116211e-03
-6.062669213861227036e-03
-1.106052566319704056e-02
-4.298815038055181503e-03
-3.043367993086576462e-03
-2.607081551104784012e-03
-5.830058827996253967e-03
-1.311571151018142700e-02
-8.096538484096527100e-03
-1.950820721685886383e-02
-1.030204817652702332e-02
-1.099883392453193665e-02
2.709921682253479958e-03
-6.079146172851324081e-03
-1.822102465666830540e-03
-1.024434249848127365e-02
-7.833511568605899811e-03
2.127281390130519867e-03
-9.693707339465618134e-03
-1.023276615887880325e-02
1.740581501508131623e-04
-3.461550222709774971e-03
-1.021268777549266815e-02
-9.825729764997959137e-03
-2.702305093407630920e-03
-2.752495463937520981e-03
-5.450071301311254501e-03
8.800369687378406525e-04
-1.022592652589082718e-02
-1.014033146202564240e-02
-2.718263305723667145e-03
-1.291730627417564392e-02
3.738444647751748562e-04
-9.825858287513256073e-03
6.529148668050765991e-04
-9.807222522795200348e-03
-5.691943690180778503e-03
-1.098025310784578323e-02
-5.853121168911457062e-03
2.832819940522313118e-03
-6.605204194784164429e-03
-2.237407257780432701e-03
-2.927855588495731354e-03
-3.472353098914027214e-03
-5.466420203447341919e-03
-6.382804829627275467e-03
-1.191402692347764969e-02
-8.014406077563762665e-03
-1.348677463829517365e-02
-2.037967089563608170e-03
-2.541693625971674919e-03
-7.119616027921438217e-03
7.956583867780864239e-04
-1.032687816768884659e-02
-1.781809702515602112e-02
-1.504332758486270905e-03
-1.273327134549617767e-02
-4.658676218241453171e-03
-6.736688781529664993e-03
-1.231448259204626083e-02
-7.699534296989440918e-03
1.290739513933658600e-03
-7.716512773185968399e-03
-3.040939569473266602e-03
-1.067347172647714615e-02
-1.185075147077441216e-03
-5.740373395383358002e-03
-4.038460552692413330e-03
9.934136178344488144e-04
-5.405141506344079971e-03
-2.168813534080982208e-02
-2.304389141499996185e-03
-1.724221976473927498e-03
-8.706219494342803955e-03
-7.527372799813747406e-03
-2.365465648472309113e-02
-9.422662667930126190e-03
-1.081212516874074936e-02
-8.761644363403320312e-03
-9.391887579113245010e-04
-6.208847276866436005e-03
-1.021108776330947876e-02
-1.336168497800827026e-02
-2.020283136516809464e-04
-8.608719334006309509e-03
-6.068018730729818344e-03
-7.515380624681711197e-03
-3.846536856144666672e-04
-1.531708287075161934e-03
1.081894035451114178e-03
-1.500110328197479248e-02
-1.913068117573857307e-03
-7.085888646543025970e-04
-1.304048020392656326e-02
-8.646097034215927124e-03
-8.924164809286594391e-03
-5.320270080119371414e-03
-7.955457083880901337e-03
-6.123525090515613556e-03
-9.089505765587091446e-04
3.168394323438405991e-04
1.290819025598466396e-03
-6.825386546552181244e-03
-8.312664926052093506e-03
-3.823035396635532379e-03
-7.022224366664886475e-03
-4.730291664600372314e-03
-9.726285003125667572e-03
-9.491035714745521545e-03
-3.315533045679330826e-03
9.654418136051390320e-07
-9.106034412980079651e-03
-1.269540935754776001e-02
-1.983038149774074554e-03
-4.916263278573751450e-03
-9.608817286789417267e-03
-8.529387996532022953e-04
-2.096003619953989983e-03
-1.268879510462284088e-02
3.134724218398332596e-03
-3.745550289750099182e-03
-3.214038209989666939e-03
-5.986165255308151245e-03
-6.330930627882480621e-03
-4.752527922391891479e-03
-7.481854408979415894e-03
-4.582003224641084671e-03
-5.072068888694047928e-03
-1.138383150100708008e-02
-1.409074012190103531e-02
-6.718405522406101227e-03
-5.460953339934349060e-03
-6.575763691216707230e-03
-8.365388028323650360e-03
-3.921873867511749268e-03
-8.188259787857532501e-03
-4.525296855717897415e-03
-7.642960175871849060e-03
-1.035552006214857101e-02
-1.395356748253107071e-02
-7.144312374293804169e-03
-8.049133233726024628e-03
-3.872602013871073723e-03
-4.585001617670059204e-03
1.648494228720664978e-02
-7.358964066952466965e-03
-3.512387163937091827e-03
-5.752474535256624222e-03
-8.162188343703746796e-03
-7.919006980955600739e-03
-8.593139238655567169e-03
-4.505672492086887360e-03
-6.491914973594248295e-04
-4.960448946803808212e-03
-4.672976210713386536e-03
4.721706733107566833e-03
-2.843914320692420006e-03
-1.462751161307096481e-02
-6.261072121560573578e-03
-2.850337419658899307e-03
2.500669332221150398e-03
-5.542886443436145782e-03
2.990342210978269577e-03
-8.707645349204540253e-03
4.467062535695731640e-04
-7.711386308073997498e-03
-1.197005435824394226e-02
-7.069801911711692810e-03
-5.655084736645221710e-03
-6.618532352149486542e-03
-1.839210651814937592e-02
-7.172408513724803925e-03
-5.457257386296987534e-03
-5.122918635606765747e-03
-1.267844252288341522e-02
-3.293118439614772797e-03
-6.363402586430311203e-03
-2.388012129813432693e-03
-9.894737042486667633e-03
-4.755264613777399063e-03
-3.526608692482113838e-03
-5.572061054408550262e-03
-2.829214790835976601e-03
-3.248597728088498116e-03
7.890420965850353241e-05
-4.744945559650659561e-03
-7.443847134709358215e-03
-2.893947763368487358e-03
-8.167668245732784271e-03
3.518551215529441833e-02
-1.196024939417839050e-02
-1.231488119810819626e-02
-1.245360635221004486e-02
-1.313716638833284378e-02
-1.543231494724750519e-02
-8.134403266012668610e-03
-1.095434091985225677e-02
-2.465454163029789925e-03
1.088347289623925462e-05
-9.158584289252758026e-04
-3.662591800093650818e-03
-9.704657830297946930e-03
-3.231637878343462944e-03
-9.806134738028049469e-03
-7.408218923956155777e-03
-8.096874691545963287e-03
7.364500779658555984e-04
-4.966902080923318863e-03
-6.404947955161333084e-03
-9.550265967845916748e-03
-6.119443569332361221e-03
-2.514313207939267159e-03
-2.343325875699520111e-03
-1.081394404172897339e-02
-6.370764691382646561e-03
-7.555801887065172195e-03
-1.155512500554323196e-02
-1.007460523396730423e-02
3.157444880343973637e-04
-2.559985266998410225e-03
-2.572148805484175682e-03
-1.041721925139427185e-02
-9.453546255826950073e-03
-8.354370482265949249e-03
1.077000424265861511e-02
-6.519030313938856125e-03
-9.283623658120632172e-03
-6.679843645542860031e-03
-1.087791286408901215e-02
-2.368871821090579033e-03
-8.129391819238662720e-03
2.713369904085993767e-03
-1.298229303210973740e-02
-1.089216955006122589e-02
-9.695920161902904510e-03
-1.113602332770824432e-02
-7.332388311624526978e-03
-2.772866049781441689e-03
-4.913489334285259247e-03
-8.820423856377601624e-03
-9.762317873537540436e-03
-4.435862880200147629e-03
-4.288244526833295822e-03
-3.064485732465982437e-03
-1.479793153703212738e-02
-1.284017134457826614e-02
2.916503697633743286e-03
-1.078477315604686737e-02
-1.136475708335638046e-02
-7.947019184939563274e-04
-1.142407301813364029e-02
-3.926392178982496262e-03
-2.315284870564937592e-02
4.521586815826594830e-04
6.697996985167264938e-03
-7.025859318673610687e-03
-1.940052770078182220e-02
5.488988244906067848e-04
-4.516344051808118820e-03
-2.971746434923261404e-04
-4.903985653072595596e-03
-2.179902978241443634e-03
-4.793088417500257492e-03
-5.347302649170160294e-03
1.059871283359825611e-03
-6.413674447685480118e-03
-2.874907571822404861e-03
9.810943156480789185e-04
-8.933764882385730743e-03
-1.498188939876854420e-03
-4.125030711293220520e-03
-1.184757612645626068e-02
-7.775548845529556274e-03
-2.919710939750075340e-03
-1.244377158582210541e-02
-1.807734486646950245e-03
-2.165390615118667483e-04
-2.308705588802695274e-03
-9.583662264049053192e-03
-4.433675203472375870e-03
-4.446315113455057144e-03
-1.139326579868793488e-02
-1.013325713574886322e-02
-4.456951282918453217e-03
-1.211515814065933228e-02
-7.403856609016656876e-03
-3.349448554217815399e-03
-8.591406978666782379e-03
-9.382928721606731415e-03
-1.462708320468664169e-02
2.645510248839855194e-04
-2.091012662276625633e-03
-9.818077087402343750e-03
-6.245142780244350433e-03
-6.670886185020208359e-03
-3.541610203683376312e-03
-1.886947778984904289e-03
-8.548237383365631104e-03
-7.452949415892362595e-03
-1.737021654844284058e-02
-1.060890499502420425e-03
-9.244921966455876827e-04
-3.098344663158059120e-03
-1.427933806553483009e-03
-9.929087944328784943e-03
-8.709851652383804321e-03
-4.960117395967245102e-03
-7.930556312203407288e-03
-1.092579867690801620e-02
4.076505545526742935e-03
-2.405156614258885384e-03
-1.334976684302091599e-02
-7.747642695903778076e-03
-1.768792606890201569e-02
-1.480531692504882812e-02
-1.196879055351018906e-02
6.370979826897382736e-03
-5.541270598769187927e-03
-6.366289686411619186e-03
-7.280167657881975174e-03
-3.059986745938658714e-03
-2.635404700413346291e-03
-1.733709126710891724e-02
-9.128623642027378082e-03
-1.104148011654615402e-02
2.680910052731633186e-03
-1.278525590896606445e-02
-5.977539811283349991e-03
-9.843502193689346313e-03
6.436146330088376999e-03
-9.046224877238273621e-03
-4.660094622522592545e-03
-2.728701569139957428e-03
-9.264475665986537933e-03
-9.438968263566493988e-03
-4.465224221348762512e-03
-8.409585803747177124e-03
-5.428209900856018066e-03
-9.469415061175823212e-03
-8.057287894189357758e-03
-5.736873950809240341e-03
-8.850842132233083248e-04
1.924061099998652935e-03
-9.149876423180103302e-03
-1.968271844089031219e-02
2.851173281669616699e-03
-4.293459001928567886e-03
-1.337357796728610992e-02
-5.625122692435979843e-03
-3.767145797610282898e-03
-1.353319734334945679e-03
-3.060373011976480484e-03
-4.214507061988115311e-03
-3.698916407302021980e-03
-4.895274993032217026e-03
-7.445965893566608429e-03
-3.765412373468279839e-03
-1.448060385882854462e-02
-1.200150605291128159e-02
3.552612033672630787e-04
-1.352136372588574886e-03
-2.958946628496050835e-03
-9.122360497713088989e-03
-1.015980634838342667e-02
4.207324236631393433e-04
-1.928194426000118256e-03
-1.202169060707092285e-02
-1.087673008441925049e-02
-4.199344199150800705e-03
-2.460394520312547684e-03
-3.986178897321224213e-03
-2.417721319943666458e-03
-3.493278054520487785e-03
-3.596923081204295158e-03
-3.334491979330778122e-03
-4.574665799736976624e-03
-1.030582841485738754e-02
2.226886572316288948e-03
-1.144911907613277435e-02
-1.219853293150663376e-02
-1.081481482833623886e-02
-1.419823896139860153e-02
6.143241655081510544e-03
-7.901343517005443573e-03
-1.289224345237016678e-02
2.675487194210290909e-03
-4.095648415386676788e-03
-1.872948836535215378e-03
7.268016343005001545e-04
-1.617154665291309357e-02
-4.537228494882583618e-03
-1.648912578821182251e-02
-1.645127078518271446e-03
-3.137967316433787346e-03
-2.417529467493295670e-03
-1.434635836631059647e-03
-1.088393852114677429e-02
-1.877112686634063721e-02
-5.248044035397469997e-04
-6.923173088580369949e-03
2.432261593639850616e-03
1.821995683712884784e-04
9.799060644581913948e-04
6.812670733779668808e-03
-7.403943687677383423e-03
-5.301006603986024857e-03
-3.104883013293147087e-03
4.512941930443048477e-03
-1.135925180278718472e-03
-1.388122327625751495e-02
-5.149863660335540771e-03
4.573040641844272614e-03
-5.592731758952140808e-03
-1.103901769965887070e-03
-1.071424875408411026e-02
-1.439236383885145187e-02
-8.009525947272777557e-03
-3.295022761449217796e-03
-6.181022617965936661e-03
-1.718565262854099274e-02
-3.292499342933297157e-03
-6.301664281636476517e-03
-1.030679978430271149e-02
-6.702456623315811157e-03
-4.536486696451902390e-03
-3.725390648469328880e-03
-4.363185260444879532e-03
5.309032276272773743e-04
-3.807871369644999504e-03
2.128446009010076523e-03
-1.191374193876981735e-02
-1.769151538610458374e-03
-1.878399518318474293e-03
-5.071157589554786682e-03
2.508350182324647903e-03
-1.075532939285039902e-02
-5.341016003512777388e-05
-3.602965036407113075e-03
-3.329949220642447472e-03
-1.994675025343894958e-03
-2.105115912854671478e-03
-9.744245471665635705e-05
-1.638656365685164928e-03
-3.493458963930606842e-03
-1.794008567230775952e-04
-4.070734605193138123e-03
-1.300889649428427219e-03
1.562057645060122013e-03
-6.585719995200634003e-03
1.142259803600609303e-03
-4.864260554313659668e-03
-5.625739693641662598e-03
-3.870731918141245842e-03
-7.374373730272054672e-03
-1.724343001842498779e-02
-1.077164895832538605e-02
-1.301298383623361588e-02
-7.278183940798044205e-03
5.916221067309379578e-03
-5.058671813458204269e-03
2.591466531157493591e-03
-9.440263733267784119e-03
1.223763218149542809e-03
-8.603857830166816711e-03
-9.769269265234470367e-03
-8.461438119411468506e-03
-1.064274646341800690e-02
-1.464027166366577148e-02
-9.570818394422531128e-03
-6.050982978194952011e-03
-4.891928751021623611e-03
-1.224818173795938492e-02
-5.331546999514102936e-03
-2.968633547425270081e-03
-2.039156155660748482e-03
-9.545265696942806244e-03
-5.744837690144777298e-03
4.719804928754456341e-05
-1.869532396085560322e-03
-3.016142174601554871e-03
-1.330865919589996338e-02
-8.326465263962745667e-03
-3.656573360785841942e-03
5.767114460468292236e-03
-6.701971404254436493e-03
-1.469611539505422115e-03
3.963421913795173168e-04
-5.795726552605628967e-03
-1.934212748892605305e-03
-6.426145788282155991e-03
-3.784609260037541389e-03
2.858745865523815155e-03
-3.650669241324067116e-03
-4.251020960509777069e-03
-1.126370485872030258e-02
-1.161881163716316223e-02
-1.081757992506027222e-02
-1.099623087793588638e-02
-5.697056651115417480e-03
-1.451254170387983322e-02
-1.185501087456941605e-02
1.047646719962358475e-02
-8.921728469431400299e-03
-4.314857535064220428e-03
-4.297310020774602890e-03
-5.284559912979602814e-03
-5.818482022732496262e-03
3.616555826738476753e-03
-1.937328279018402100e-02
-2.126981504261493683e-03
1.676096115261316299e-03
-9.859665296971797943e-03
-7.271352689713239670e-03
-8.042020723223686218e-03
-4.459386691451072693e-03
-1.068598031997680664e-02
-1.922015217132866383e-03
-1.298111584037542343e-02
-3.420865628868341446e-03
2.005505230044946074e-04
-3.477729158475995064e-03
-7.582301739603281021e-03
-1.075149327516555786e-02
-6.578329484909772873e-03
-7.189691532403230667e-04
-6.715254858136177063e-03
-6.837642751634120941e-03
-2.881011925637722015e-03
5.148244090378284454e-03
-1.147454697638750076e-02
-1.345009310171008110e-03
-1.082248985767364502e-02
-1.026691775768995285e-02
-1.040082518011331558e-02
-3.057025140151381493e-03
5.920148687437176704e-04
-9.807154536247253418e-03
-1.035506930202245712e-02
1.390584977343678474e-03
-8.197232149541378021e-03
-7.218034937977790833e-03
-9.377182461321353912e-03
-1.121444068849086761e-02
-1.039447449147701263e-02
-6.480509415268898010e-03
-4.982213955372571945e-03
-5.880171898752450943e-03
-6.875121034681797028e-03
-2.503692405298352242e-03
-1.172907371073961258e-02
-2.779532456770539284e-03
-1.045614760369062424e-02
-9.140255860984325409e-03
1.161274733021855354e-03
-6.281921640038490295e-03
-1.104687899351119995e-02
-4.000531975179910660e-03
-2.438431838527321815e-03
-2.962265862151980400e-03
-9.941374883055686951e-03
-6.583305075764656067e-03
2.176161389797925949e-03
-1.155315991491079330e-02
-1.285173464566469193e-02
-5.911251995712518692e-03
-2.047213260084390640e-03
-1.037588901817798615e-02
8.091543801128864288e-03
-1.840474642813205719e-02
-1.432328857481479645e-02
2.575788414105772972e-03
-4.744301084429025650e-03
-6.597707979381084442e-03
-1.778946374543011189e-03
-9.581443853676319122e-03
-1.130140037275850773e-03
-6.916979793459177017e-03
-4.124836064875125885e-03
-8.238549344241619110e-03
3.651122679002583027e-04
-4.236247856169939041e-03
-3.916610497981309891e-03
-4.295315127819776535e-03
-5.232180468738079071e-03
-8.749166503548622131e-03
-7.643988821655511856e-03
-6.639375817030668259e-03
-1.230129320174455643e-02
-5.819379352033138275e-03
-1.414672285318374634e-02
-3.505032742395997047e-03
-2.297131111845374107e-03
-3.600750118494033813e-03
-1.158999931067228317e-02
-5.778595339506864548e-03
-2.719376934692263603e-03
-1.281578000634908676e-02
-1.495975651778280735e-03
7.089297287166118622e-03
-1.326381787657737732e-02
-2.589532407000660896e-03
-1.312344335019588470e-02
1.602883823215961456e-02
-8.606975898146629333e-03
-5.850181449204683304e-03
-1.616302132606506348e-02
-6.065705325454473495e-03
-5.963855888694524765e-03
-5.406152456998825073e-03
-2.317095408216118813e-03
-1.301251538097858429e-02
-1.212232559919357300e-02
-9.366398677229881287e-03
-6.401225458830595016e-03
-1.128723938018083572e-02
-2.204781398177146912e-03
-1.574276713654398918e-03
-1.228599110618233681e-03
-7.544386200606822968e-03
-1.404299773275852203e-02
1.229087007232010365e-03
-1.481201592832803726e-02
-1.483490457758307457e-03
-1.141234301030635834e-02
1.961615867912769318e-03
-1.276524178683757782e-02
-5.863032769411802292e-03
-1.407763687893748283e-03
-5.706904339604079723e-04
-6.321112159639596939e-03
2.417294308543205261e-05
-4.815974272787570953e-03
-2.567047020420432091e-03
3.161672735586762428e-03
-1.202453277073800564e-03
-2.349101938307285309e-03
-1.114603364840149879e-03
-1.206711214035749435e-02
-7.590874563902616501e-03
-6.153029855340719223e-03
-1.271503977477550507e-02
3.546286839991807938e-03
-7.531996816396713257e-03
2.425788901746273041e-03
-7.197293452918529510e-03
-3.202195512130856514e-03
-7.591973524540662766e-03
-7.881974801421165466e-03
-1.397466287016868591e-03
-2.126998500898480415e-03
1.798913872335106134e-04
-2.944236621260643005e-03
-4.583832807838916779e-03
-7.598763331770896912e-03
-1.163211930543184280e-02
-7.049230393022298813e-03
-1.968935690820217133e-02
-5.065488629043102264e-03
-3.978185821324586868e-03
-1.431342680007219315e-02
-4.481250885874032974e-03
-5.782987456768751144e-03
-1.589472754858434200e-03
-3.818196477368474007e-03
-9.472906589508056641e-03
3.378704655915498734e-03
-1.317407470196485519e-03
-6.892407312989234924e-03
-1.354302652180194855e-02
5.378065165132284164e-03
-3.767708782106637955e-03
-1.744898967444896698e-02
-5.652928259223699570e-03
-5.127731710672378540e-03
-6.591570563614368439e-03
-5.605256650596857071e-03
-1.119381282478570938e-02
-2.625528955832123756e-03
-1.013377960771322250e-02
-6.346560083329677582e-03
-9.792056865990161896e-03
-1.087300945073366165e-02
-1.540099270641803741e-02
-1.038773637264966965e-02
-7.951968349516391754e-03
-8.708959445357322693e-03
-6.475721020251512527e-03
-1.019150763750076294e-02
-7.337924093008041382e-03
-5.673128645867109299e-03
-3.704478731378912926e-03
3.726189024746417999e-04
-1.787598710507154465e-03
-8.586753159761428833e-03
-7.896776311099529266e-03
6.874493788927793503e-03
-7.136606145650148392e-03
-5.949041340500116348e-03
-1.245594862848520279e-02
2.769755956251174212e-04
-7.175945676863193512e-03
-4.119903314858675003e-03
-1.066481973975896835e-02
-8.032534271478652954e-03
-2.615628764033317566e-03
-8.116289041936397552e-03
-4.645432345569133759e-03
-1.378170680254697800e-02
-6.694091483950614929e-03
-3.590306965634226799e-03
-9.005062282085418701e-03
-9.627870284020900726e-03
-7.959528826177120209e-03
-2.286941162310540676e-04
-2.421792130917310715e-03
-1.316423062235116959e-02
-1.097329240292310715e-02
-1.057042647153139114e-02
-3.820478217676281929e-03
-5.454284604638814926e-03
-2.229439560323953629e-03
-2.620787825435400009e-03
-6.459605880081653595e-03
-1.381683745421469212e-03
-3.367729019373655319e-03
-1.083659823052585125e-03
-3.792817471548914909e-03
5.282248370349407196e-03
-7.825636304914951324e-03
-2.644015941768884659e-03
-6.256613880395889282e-03
-8.333171717822551727e-03
-1.327240467071533203e-02
-6.551404483616352081e-03
-3.407375887036323547e-03
-8.259239606559276581e-03
-6.434532348066568375e-03
2.559741027653217316e-03
-1.159809902310371399e-02
-1.891990192234516144e-02
-2.024586778134107590e-03
-1.170877087861299515e-02
-1.624147524125874043e-03
-1.324225030839443207e-02
-4.375821910798549652e-03
-8.600839413702487946e-03
-1.240658387541770935e-02
-1.637101406231522560e-03
-2.455712528899312019e-03
-6.845368538051843643e-03
-1.263525802642107010e-02
-1.414201222360134125e-02
-9.167353622615337372e-03
-1.047476939857006073e-02
-1.617014291696250439e-03
-6.901858723722398281e-04
-5.245989188551902771e-03
-1.308605191297829151e-03
3.849777858704328537e-03
-3.724976675584912300e-03
-8.956735953688621521e-03
-4.625726956874132156e-03
-5.787462461739778519e-03
-3.269984852522611618e-03
-5.612357519567012787e-03
1.881592441350221634e-03
-4.495203320402652025e-04
-1.265971641987562180e-02
1.133979065343737602e-03
-2.036691643297672272e-03
-1.104260142892599106e-02
-9.574258583597838879e-04
-4.105452913790941238e-03
1.399315893650054932e-03
-2.958760596811771393e-03
-1.058564335107803345e-02
6.308696465566754341e-04
5.342996519175358117e-05
-8.039660751819610596e-03
-1.012289803475141525e-02
-1.134827453643083572e-02
-8.016215637326240540e-03
-6.196958012878894806e-03
9.488799609243869781e-03
-4.958949051797389984e-03
-5.259349942207336426e-03
-4.269433673471212387e-03
-2.081733429804444313e-03
-1.226101070642471313e-02
-5.525791086256504059e-03
-7.200858555734157562e-03
2.674379618838429451e-03
-2.247320720925927162e-03
-4.055698518641293049e-04
-2.921825740486383438e-03
-8.916012942790985107e-03
2.342905849218368530e-03
-9.937157155945897102e-04
-1.763619948178529739e-03
-2.731854561716318130e-03
-3.065617289394140244e-03
-1.248721312731504440e-02
1.830422843340784311e-05
-8.798895403742790222e-03
-3.609111998230218887e-03
-8.288406766951084137e-03
-2.934669610112905502e-03
-1.025214977562427521e-02
-1.542047783732414246e-02
-1.689643226563930511e-02
-7.334726979024708271e-04
-6.380993407219648361e-03
-6.823471281677484512e-03
-5.770411808043718338e-03
4.495460540056228638e-03
-3.512114984914660454e-03
-2.926151501014828682e-03
-7.138925138860940933e-03
-3.657259512692689896e-03
-2.405558014288544655e-03
-2.168618841096758842e-03
-2.054352499544620514e-02
-5.722786765545606613e-03
-6.636368110775947571e-03
-3.344599157571792603e-03
1.388057600706815720e-03
4.193128552287817001e-04
-2.567270537838339806e-03
-3.363513154909014702e-03
-9.933840483427047729e-03
-3.111188532784581184e-03
-3.883642842993140221e-03
-1.251062843948602676e-03
1.329177059233188629e-03
-3.854876151308417320e-03
-1.908455975353717804e-02
-5.334382876753807068e-03
-3.552696667611598969e-03
-1.335034263320267200e-03
-6.511176936328411102e-03
-8.357603102922439575e-03
-3.278249641880393028e-03
-1.851199311204254627e-03
-2.803030190989375114e-03
-9.261237457394599915e-03
-6.401495542377233505e-03
-3.326176432892680168e-03
-7.793664000928401947e-03
-6.950691342353820801e-03
-9.605173952877521515e-03
-1.079709362238645554e-02
-4.968647379428148270e-03
-4.246394149959087372e-03
4.958465229719877243e-03
-7.350396364927291870e-03
-8.547412231564521790e-03
-7.059630472213029861e-03
-1.913357176817953587e-03
-7.147450000047683716e-03
-9.351364336907863617e-03
-6.476370617747306824e-03
-4.530424252152442932e-03
-2.537068678066134453e-03
-1.391482166945934296e-02
-2.640139078721404076e-03
-1.123453024774789810e-02
-4.460761789232492447e-03
3.079792077187448740e-04
-7.329341024160385132e-03
1.998478255700320005e-04
-4.783854354172945023e-03
1.394096645526587963e-03
-1.712731085717678070e-02
7.345883059315383434e-04
2.524298848584294319e-03
-8.437633514404296875e-03
-6.281238980591297150e-03
-1.580814272165298462e-02
-1.133125857450067997e-03
-9.844358079135417938e-03
-3.565907012671232224e-03
8.035147562623023987e-03
8.300293236970901489e-03
-8.855108171701431274e-03
-7.974894717335700989e-03
-1.062201708555221558e-02
-2.959406701847910881e-03
-1.003034878522157669e-02
-3.593267640098929405e-03
-9.819576516747474670e-03
-8.231725078076124191e-04
-1.253301836550235748e-02
-3.777860663831233978e-03
-9.462753310799598694e-03
-8.305840194225311279e-03
-5.819369689561426640e-04
-5.665710195899009705e-03
-2.807414159178733826e-03
2.069626934826374054e-03
-1.647372730076313019e-03
-7.248300127685070038e-03
-9.283837862312793732e-03
2.522286726161837578e-03
-7.496140897274017334e-03
-1.656878739595413208e-03
-4.561298061162233353e-03
-6.950609385967254639e-03
-1.701031625270843506e-02
1.600566785782575607e-03
-8.431753143668174744e-03
-9.272847324609756470e-03
-6.371747236698865891e-03
-1.224550418555736542e-03
-1.087542716413736343e-02
-3.814919386059045792e-03
2.623024629428982735e-04
2.008520998060703278e-03
-5.193718243390321732e-03
-5.054241977632045746e-03
-2.065460197627544403e-03
-1.126422081142663956e-02
-6.215585861355066299e-03
-1.220791880041360855e-02
-4.674884490668773651e-03
-1.118834596127271652e-02
4.711680114269256592e-03
9.349540923722088337e-04
-1.181696169078350067e-02
-1.644813083112239838e-02
-9.863224811851978302e-03
-4.418457858264446259e-03
6.298474618233740330e-04
-1.311403326690196991e-02
-2.378926053643226624e-02
-6.023022346198558807e-03
-9.311377070844173431e-03
-8.614395745098590851e-03
-6.568556185811758041e-03
-2.451557898893952370e-03
-7.790561765432357788e-03
-6.908743642270565033e-03
-8.436407893896102905e-03
6.715136696584522724e-04
6.215094588696956635e-03
-2.394257346168160439e-03
-4.709064029157161713e-03
-8.285183459520339966e-03
-6.501080468297004700e-03
-5.812475457787513733e-03
-1.097741629928350449e-02
-6.058253813534975052e-03
-6.366772577166557312e-03
-6.867230404168367386e-03
-5.317105911672115326e-03
1.204520012834109366e-04
-5.152139812707901001e-03
-7.239052560180425644e-03
-1.088939048349857330e-02
-1.075256848707795143e-03
-1.727885100990533829e-03
-7.820947095751762390e-03
-1.751880045048892498e-03
-2.998072886839509010e-03
-9.428376331925392151e-03
-1.304353587329387665e-03
-6.361837033182382584e-03
-1.012004725635051727e-02
-7.987153716385364532e-03
-7.584813516587018967e-03
-7.799173239618539810e-03
-7.317415438592433929e-03
-1.506671402603387833e-02
-6.940871477127075195e-03
-7.166131865233182907e-03
-7.215260062366724014e-03
-4.328503273427486420e-03
-5.513285752385854721e-03
-8.692237548530101776e-03
-7.015004288405179977e-03
-3.492038464173674583e-03
-2.122206799685955048e-02
-4.869696218520402908e-03
-5.095636937767267227e-03
-2.146729733794927597e-03
-4.172988992650061846e-04
-3.112147795036435127e-03
-4.175086971372365952e-03
-4.060774110257625580e-03
-3.643733914941549301e-03
4.784347489476203918e-03
-4.925176501274108887e-03
-6.327541079372167587e-03
-6.330375559628009796e-03
-5.157519131898880005e-03
-8.914757519960403442e-03
-1.786468923091888428e-02
-3.020204138010740280e-03
-1.463205553591251373e-02
-3.265356179326772690e-03
-6.605563219636678696e-03
-5.971746519207954407e-03
-6.244273856282234192e-03
-5.608640145510435104e-03
-7.298660930246114731e-03
-1.506726373918354511e-03
1.727283583022654057e-03
4.714778915513306856e-04
-5.614102352410554886e-03
-1.070854626595973969e-02
-6.264443043619394302e-03
-2.924988977611064911e-03
-5.488143768161535263e-03
-2.186789643019437790e-03
-7.588683627545833588e-03
1.960658468306064606e-03
-1.628718525171279907e-02
-1.200003200210630894e-03
-6.002376321703195572e-04
-7.601324934512376785e-03
-9.190500131808221340e-04
-9.280936792492866516e-03
-2.896314719691872597e-03
-6.772768683731555939e-03
-6.057142745703458786e-03
5.758058396168053150e-04
-9.436812251806259155e-03
-1.138967834413051605e-02
-9.384777396917343140e-03
1.621075905859470367e-03
-8.511390537023544312e-03
-5.857387557625770569e-03
-4.144298844039440155e-03
-7.528940215706825256e-03
-4.326215479522943497e-03
-6.045470014214515686e-03
2.741634845733642578e-03
-1.355943828821182251e-02
-9.741988964378833771e-03
-1.051270775496959686e-02
-1.545053720474243164e-02
-7.794914301484823227e-03
-5.582640413194894791e-03
-1.160595333203673363e-03
-5.645160097628831863e-03
-5.123649723827838898e-03
-1.872961292974650860e-03
-5.659912247210741043e-03
-6.023591849952936172e-04
-6.413535680621862411e-03
-1.188032515347003937e-02
2.486011479049921036e-03
-1.223444938659667969e-03
-2.608930692076683044e-03
-4.431609530001878738e-03
-3.303598714410327375e-05
3.049627594009507447e-05
-9.771286509931087494e-03
-8.773982990533113480e-04
-6.884268950670957565e-03
-1.077577937394380569e-02
1.569458283483982086e-03
-1.018808502703905106e-02
-7.667014840990304947e-03
-8.292759768664836884e-03
-4.926744848489761353e-03
-1.693710871040821075e-02
1.586966216564178467e-03
-5.703237839043140411e-03
-7.734671235084533691e-03
-4.323079250752925873e-03
5.798187106847763062e-03
-2.941860351711511612e-03
-1.605789060704410076e-03
-7.265936583280563354e-03
3.371865721419453621e-03
-3.050961997359991074e-03
-6.417577387765049934e-04
-1.630639657378196716e-02
-1.514171482995152473e-03
-1.790735870599746704e-02
-1.959399742190726101e-05
-8.265768177807331085e-03
-1.140740141272544861e-02
1.821733778342604637e-03
-9.067225269973278046e-03
-5.854559130966663361e-03
-4.066624678671360016e-03
-6.948016118258237839e-03
-2.647952875122427940e-03
-9.049959480762481689e-04
-1.121698599308729172e-02
-1.007665973156690598e-02
-3.854459384456276894e-03
-9.662836091592907906e-04
1.399116474203765392e-03
-8.224410936236381531e-03
-1.744402339681982994e-03
7.512923330068588257e-04
-7.025239989161491394e-03
-9.850321337580680847e-03
-6.219688337296247482e-03
1.120012253522872925e-02
-4.186166450381278992e-03
-9.744667448103427887e-03
-1.521202363073825836e-02
1.666975324042141438e-03
-5.623011849820613861e-03
-1.262238528579473495e-02
-1.403379533439874649e-02
-1.940828934311866760e-02
-6.816952954977750778e-03
-2.980892173945903778e-02
-1.258236914873123169e-02
-3.943242132663726807e-03
-2.059804461896419525e-02
-7.386952056549489498e-04
-2.592018805444240570e-03
-1.091680116951465607e-02
-6.671111565083265305e-03
-2.337983110919594765e-03
-2.490921877324581146e-03
-1.477824058383703232e-03
-2.818217733874917030e-03
-4.868036136031150818e-03
-6.012931466102600098e-03
-2.560421591624617577e-03
5.265224725008010864e-03
-1.026839017868041992e-02
4.418138632900081575e-05
-8.960746228694915771e-03
-7.696916349232196808e-03
-3.756332909688353539e-03
-1.501452550292015076e-02
-6.626436952501535416e-03
-2.909908303990960121e-03
-6.611183751374483109e-03
-8.101751096546649933e-03
-5.806141532957553864e-03
-1.545915007591247559e-02
-8.311135694384574890e-03
-1.319859921932220459e-02
-1.068836916238069534e-02
-3.258025972172617912e-03
-5.191992502659559250e-03
-4.898218903690576553e-03
2.235594147350639105e-04
-1.748925191350281239e-03
-1.032668282277882099e-03
-3.064644755795598030e-03
-3.644424257799983025e-03
-1.005002018064260483e-02
-1.262656319886445999e-02
-1.521238870918750763e-02
7.610181928612291813e-04
-1.046855654567480087e-02
-1.255258638411760330e-02
-7.349352817982435226e-03
-2.078083576634526253e-03
-1.383414585143327713e-02
-8.098443970084190369e-03
7.648819126188755035e-03
-2.919585211202502251e-03
-3.062283853068947792e-03
-8.231054060161113739e-03
-6.397741381078958511e-03
-6.773511879146099091e-03
-1.303993165493011475e-02
-4.060840234160423279e-03
-8.288642391562461853e-03
-1.230008434504270554e-02
-2.558581531047821045e-03
3.818819997832179070e-03
-8.240027353167533875e-03
-9.686361998319625854e-03
-4.569411277770996094e-03
-4.535951651632785797e-03
-7.392739877104759216e-03
9.846302418736740947e-05
-7.489874958992004395e-03
-3.136908169835805893e-03
-4.540224559605121613e-03
-6.861198693513870239e-03
-7.068118080496788025e-03
-9.902219288051128387e-03
-9.167862124741077423e-03
-8.423772640526294708e-03
-2.497219946235418320e-03
-6.760672666132450104e-03
-2.493306528776884079e-03
-1.306162867695093155e-02
-6.952766794711351395e-03
-3.706661751493811607e-03
-3.921309486031532288e-03
-1.019767392426729202e-02
-3.408866468816995621e-03
-8.359146304428577423e-03
-6.971603725105524063e-03
-9.940564632415771484e-03
-7.574481423944234848e-03
-1.093553472310304642e-02
-6.344810593873262405e-03
-4.141085781157016754e-03
-1.571000367403030396e-02
-7.331663277000188828e-03
-4.352958640083670616e-04
-6.338763516396284103e-03
-5.407517310231924057e-03
-5.818839650601148605e-03
-1.814601710066199303e-03
-3.546163672581315041e-03
-2.140827942639589310e-03
-6.383141502737998962e-03
-1.990508753806352615e-03
-5.730220582336187363e-03
7.328355568461120129e-04
-3.140490502119064331e-03
6.387191824615001678e-03
-6.382717750966548920e-03
1.915026572532951832e-03
-1.137401256710290909e-02
-8.784276433289051056e-03
-8.168411441147327423e-03
-4.235230386257171631e-03
-7.101770024746656418e-03
-5.407736636698246002e-03
-6.269507575780153275e-03
-9.547878289595246315e-04
-9.339577518403530121e-03
-2.773487940430641174e-04
-9.593873284757137299e-03
-5.772249773144721985e-03
-6.328115239739418030e-03
-2.075634896755218506e-03
3.375678788870573044e-03
-5.328375846147537231e-04
-7.231684401631355286e-03
-6.877209991216659546e-03
-1.359275169670581818e-02
-7.738453336060047150e-03
-5.446928087621927261e-03
-9.129142388701438904e-03
-6.367366760969161987e-03
7.786867208778858185e-04
-4.413114860653877258e-03
-5.846034735441207886e-03
-2.246426884084939957e-03
-5.895426962524652481e-03
-6.380629725754261017e-03
-9.010878391563892365e-03
-1.553263049572706223e-03
3.365086624398827553e-03
-1.164503954350948334e-02
-1.728654257021844387e-03
-7.721161935478448868e-03
-1.114880666136741638e-02
-1.225571334362030029e-02
-8.492969907820224762e-03
-5.905834492295980453e-03
6.219143047928810120e-03
-1.503311749547719955e-02
-9.037404670380055904e-04
-8.271883241832256317e-03
-1.148525997996330261e-02
3.988303244113922119e-03
-9.505110792815685272e-03
-1.345205958932638168e-02
-7.893075235188007355e-03
-3.233596915379166603e-03
1.233199145644903183e-03
-1.431450527161359787e-02
-8.449018932878971100e-03
-9.124791249632835388e-04
-7.156426087021827698e-03
1.301646465435624123e-03
-4.605143796652555466e-03
-1.124033890664577484e-02
-2.773105632513761520e-03
-1.149372314102947712e-03
-6.105189211666584015e-03
4.794090520590543747e-03
-1.602925942279398441e-03
-1.055018231272697449e-02
-5.698904395103454590e-03
4.716099798679351807e-02
-1.744867418892681599e-03
-2.527840435504913330e-03
-4.422734025865793228e-03
-1.391331572085618973e-02
-1.061582751572132111e-02
-3.644782118499279022e-03
-6.590595468878746033e-03
-1.462418027222156525e-02
-6.593656726181507111e-03
3.663811134174466133e-03
-1.166277914308011532e-03
-3.739574691280722618e-03
-8.840199559926986694e-03
-4.778502974659204483e-03
9.892914677038788795e-04
-5.460863001644611359e-03
-1.628758199512958527e-02
-7.245098240673542023e-03
-1.243051141500473022e-02
-9.580095298588275909e-03
-1.228404510766267776e-02
-7.387853227555751801e-03
-4.851772449910640717e-03
-1.450666133314371109e-02
-7.665330078452825546e-03
-3.361534094437956810e-03
1.563852310937363654e-05
4.788330756127834320e-03
-4.752614069730043411e-03
