-9.205862879753112793e-02
-7.885363698005676270e-02
-7.429420948028564453e-02
-5.365692079067230225e-02
-5.011976882815361023e-02
-1.413497328758239746e-01
-6.463136523962020874e-02
-8.785499632358551025e-02
-6.799535453319549561e-02
-8.967249840497970581e-02
-4.862337186932563782e-02
-7.490999996662139893e-02
-2.718146331608295441e-02
-1.198486089706420898e-01
-8.077798783779144287e-02
-1.177605763077735901e-01
-5.946993827819824219e-02
-5.706915631890296936e-02
-7.145444303750991821e-02
-6.515251100063323975e-02
-6.159838289022445679e-02
-9.414130449295043945e-02
-7.123412191867828369e-02
-8.764259517192840576e-02
-6.763057410717010498e-02
-1.018924638628959656e-01
-8.641891926527023315e-02
-6.866689771413803101e-02
-9.323061257600784302e-02
-8.718825876712799072e-02
-7.459724694490432739e-02
-8.203426748514175415e-02
-8.241508901119232178e-02
-8.410679548978805542e-02
-1.835254207253456116e-02
-8.394251018762588501e-02
-6.637205928564071655e-02
-6.325245648622512817e-02
-4.821386188268661499e-02
-1.045767962932586670e-01
-6.000903621315956116e-02
-4.392861947417259216e-02
-3.993895277380943298e-02
-7.853044569492340088e-02
-4.778097197413444519e-02
-9.491427987813949585e-02
-6.244643405079841614e-02
-1.027107238769531250e-02
-5.593855306506156921e-02
-9.116472303867340088e-02
-5.568219721317291260e-02
-5.852426588535308838e-02
-1.024133861064910889e-01
-1.170101985335350037e-01
-7.933037728071212769e-02
-9.949555993080139160e-02
-8.270803838968276978e-02
-7.679941505193710327e-02
-2.619376219809055328e-02
-6.550008058547973633e-02
-7.321918010711669922e-02
-7.267691940069198608e-02
-7.079666107892990112e-02
-7.469908148050308228e-02
-7.250043004751205444e-02
3.670568391680717468e-02
-6.040624156594276428e-02
-7.965258508920669556e-02
-9.599698334932327271e-02
-7.815136015415191650e-02
-6.568229943513870239e-02
-6.766557693481445312e-02
-7.249111682176589966e-02
-9.032154083251953125e-02
-6.641412526369094849e-02
-6.205875054001808167e-02
-3.956565260887145996e-02
-1.013943552970886230e-01
-1.095414981245994568e-01
-8.242517709732055664e-02
-3.135805949568748474e-02
-8.476024121046066284e-02
-1.477476675063371658e-02
-8.058762550354003906e-02
-9.863685071468353271e-02
-4.407680779695510864e-02
-4.238927736878395081e-02
-5.753300338983535767e-02
-7.974462211132049561e-02
-1.131573915481567383e-01
-1.026677563786506653e-01
-7.195758074522018433e-02
-8.723770827054977417e-02
-8.978148549795150757e-02
-1.112031713128089905e-01
-2.201763167977333069e-02
-8.292887359857559204e-02
-1.269392818212509155e-01
-4.796523973345756531e-02
-8.094190061092376709e-02
-4.727687686681747437e-02
-7.149587571620941162e-02
-5.133770033717155457e-02
-5.161256715655326843e-02
-6.507718563079833984e-02
-9.733185172080993652e-02
-1.081676036119461060e-01
-8.425676822662353516e-02
-3.567514196038246155e-02
-1.006748154759407043e-01
-8.961877226829528809e-02
-7.550109922885894775e-02
-5.599316209554672241e-02
-4.820309951901435852e-02
-2.818433940410614014e-02
-7.015049457550048828e-02
-7.788593322038650513e-02
-8.532554656267166138e-02
-6.452775001525878906e-02
-3.429626673460006714e-02
-1.135870367288589478e-01
-8.312943577766418457e-02
-6.531739979982376099e-02
-8.035901933908462524e-02
-4.802500456571578979e-02
-4.324601218104362488e-02
-3.561960160732269287e-02
-1.093099638819694519e-01
-6.973078846931457520e-02
-9.370087087154388428e-02
-1.063302680850028992e-01
-7.203682512044906616e-02
-9.402382373809814453e-02
-8.879087865352630615e-02
-1.084531620144844055e-01
-3.756428137421607971e-02
-4.261142015457153320e-02
-9.348572790622711182e-02
-9.262019395828247070e-02
-5.540791898965835571e-02
-8.745476603507995605e-02
-8.547037839889526367e-02
-8.545506000518798828e-02
-8.055491000413894653e-02
-7.073099166154861450e-02
-6.692941486835479736e-02
-9.401003271341323853e-02
-6.312087178230285645e-02
-6.869919598102569580e-02
-3.871834650635719299e-02
-1.791449263691902161e-02
-8.556018769741058350e-02
-6.687897443771362305e-02
-8.937951922416687012e-02
-7.180939614772796631e-02
-7.408709824085235596e-02
-8.877281099557876587e-02
-1.541662067174911499e-01
1.293354388326406479e-02
-7.868768274784088135e-02
-7.844123244285583496e-02
-3.347572311758995056e-02
-9.537240117788314819e-02
-5.481921508908271790e-02
-7.251103967428207397e-02
-3.716462478041648865e-02
-6.462749838829040527e-02
-2.919065579771995544e-02
-2.743995375931262970e-02
-4.651230573654174805e-02
-7.407418638467788696e-02
-3.814505413174629211e-02
-7.573034614324569702e-02
-6.992582976818084717e-02
-5.779853463172912598e-02
-8.604621142148971558e-02
-4.154650866985321045e-02
-6.735301017761230469e-02
-3.905218839645385742e-02
-8.292206376791000366e-02
-2.530241385102272034e-02
-5.737295001745223999e-02
-6.509049236774444580e-02
-2.821108885109424591e-02
-8.507722616195678711e-02
-6.036305427551269531e-02
-1.045840531587600708e-01
-7.762189209461212158e-02
-6.717935204505920410e-02
-3.341932222247123718e-02
-4.889610037207603455e-02
-6.479471921920776367e-02
-5.993022024631500244e-02
-8.317837119102478027e-02
-1.096587553620338440e-01
-4.039883241057395935e-02
-8.065495640039443970e-02
-6.440613418817520142e-02
-4.808069393038749695e-02
-9.259593486785888672e-02
-2.447507157921791077e-02
-5.087177082896232605e-02
-8.651851117610931396e-02
-9.998335689306259155e-02
-4.039753228425979614e-02
-2.908932231366634369e-02
-9.257928282022476196e-02
-6.750523298978805542e-02
-9.678162634372711182e-02
-1.090572848916053772e-01
-5.348471179604530334e-02
-6.306981295347213745e-02
-6.880913674831390381e-02
-7.861903309822082520e-02
-6.599117815494537354e-02
-8.935161679983139038e-02
-8.771935105323791504e-02
-6.001609377562999725e-03
-1.011398583650588989e-01
-6.257495284080505371e-02
-5.563051626086235046e-02
-8.513255417346954346e-02
-8.972918242216110229e-02
-7.651650160551071167e-02
-8.186976611614227295e-02
-9.253313392400741577e-02
-7.164928317070007324e-02
-3.106772340834140778e-02
-8.718935400247573853e-02
-6.132343783974647522e-02
-6.107345595955848694e-02
-6.942863762378692627e-02
-7.568930089473724365e-02
-6.363166868686676025e-02
-7.258950173854827881e-02
-6.731503456830978394e-02
-3.247845172882080078e-02
-7.969176024198532104e-02
-4.078633710741996765e-02
-6.151146069169044495e-02
-4.042089357972145081e-02
-4.177594184875488281e-02
-7.210379838943481445e-02
-3.369501605629920959e-02
-9.446719288825988770e-02
-8.365290611982345581e-02
-4.208306595683097839e-02
-9.274331480264663696e-02
-8.548864722251892090e-02
-8.500788360834121704e-02
-4.726018384099006653e-02
-7.795756310224533081e-02
-8.042106777429580688e-02
-5.492965131998062134e-02
-6.801473349332809448e-02
-4.845279827713966370e-02
-5.674300715327262878e-02
-6.833130121231079102e-02
-6.535073369741439819e-02
-8.080012351274490356e-02
-4.944173246622085571e-02
-4.520117118954658508e-02
-1.019963249564170837e-01
-5.109820514917373657e-02
-4.650936275720596313e-02
-1.026525646448135376e-01
-6.890412420034408569e-02
3.894505649805068970e-02
-4.457206279039382935e-02
-6.673467904329299927e-02
-5.888894572854042053e-02
-6.320390105247497559e-02
-8.991058915853500366e-02
-1.035833135247230530e-01
-7.083637267351150513e-02
-3.696262091398239136e-02
-4.989432916045188904e-02
-7.301847636699676514e-02
-9.620424360036849976e-02
3.393911942839622498e-02
-8.485577255487442017e-02
-7.723933458328247070e-02
-9.046865999698638916e-02
-6.310228258371353149e-02
-7.607217878103256226e-02
-7.332717627286911011e-02
-6.547839939594268799e-02
-5.570722743868827820e-02
-8.292498439550399780e-02
-1.186554133892059326e-01
-8.977475017309188843e-02
-8.754182606935501099e-02
-8.319924771785736084e-02
-6.447779387235641479e-02
-1.082845255732536316e-01
-9.198834747076034546e-02
-7.532463967800140381e-02
-8.369269967079162598e-02
-7.343599945306777954e-02
-7.543358951807022095e-02
-4.250843077898025513e-02
-6.396763771772384644e-02
-6.780404597520828247e-02
-4.433826357126235962e-02
-7.653353363275527954e-02
-8.375071734189987183e-02
-5.747869238257408142e-02
-7.289455831050872803e-02
-8.884556591510772705e-02
-4.953628033399581909e-02
-8.354759961366653442e-02
-6.908793747425079346e-02
-3.963086754083633423e-02
-5.290854722261428833e-02
-6.581397354602813721e-02
-5.779591575264930725e-02
-8.310246467590332031e-02
-1.029563546180725098e-01
-7.663020491600036621e-02
-8.806993067264556885e-02
-1.071408689022064209e-01
-9.503676742315292358e-02
-4.119267687201499939e-02
-9.238234907388687134e-02
-6.340115517377853394e-02
-8.307540416717529297e-02
-4.209351539611816406e-02
-6.307660788297653198e-02
-7.901885360479354858e-02
-1.022556051611900330e-01
-6.792962551116943359e-02
1.376182585954666138e-02
-5.116383731365203857e-02
-8.379959315061569214e-02
-7.448168843984603882e-02
-6.999940425157546997e-02
-1.193713694810867310e-01
-9.021230041980743408e-02
-7.065619528293609619e-02
-6.810106337070465088e-02
-8.373778313398361206e-02
-5.949606373906135559e-02
-6.600183248519897461e-02
-7.794372737407684326e-02
-6.966182589530944824e-02
1.971163414418697357e-02
-2.240299433469772339e-02
-4.758442565798759460e-02
-1.429209019988775253e-02
-8.132999390363693237e-02
-7.125511765480041504e-02
-7.058211416006088257e-02
-6.084515899419784546e-02
-1.186542585492134094e-01
-6.798287481069564819e-02
-3.647119551897048950e-02
-6.607434153556823730e-02
-5.105546861886978149e-02
-6.108009815216064453e-02
-4.507523402571678162e-02
-7.995487749576568604e-02
-6.087513640522956848e-02
-8.949403464794158936e-02
-7.873640209436416626e-02
-4.381058365106582642e-02
-2.907849848270416260e-02
-2.589072287082672119e-02
-3.535233810544013977e-02
-6.038041785359382629e-02
-6.366819888353347778e-02
-6.037426739931106567e-02
-6.566967070102691650e-02
-4.316436871886253357e-02
-8.602529019117355347e-02
-3.913298621773719788e-02
-5.631614476442337036e-02
-2.190252766013145447e-02
-3.877729550004005432e-02
-9.186229854822158813e-02
-8.841154724359512329e-02
-2.182666957378387451e-02
-5.887246504426002502e-02
-7.065324485301971436e-02
-8.449975401163101196e-02
-3.344024345278739929e-02
-5.663696303963661194e-02
-1.001047417521476746e-01
-5.779417231678962708e-02
8.273650705814361572e-02
3.131010336801409721e-03
-6.474829465150833130e-02
-8.942680060863494873e-02
-6.694652885198593140e-02
-8.565847575664520264e-02
-6.323794275522232056e-02
-4.620420560240745544e-02
-6.462036818265914917e-02
-6.667164713144302368e-02
-6.735080480575561523e-02
-5.778030678629875183e-02
-4.231835901737213135e-02
-9.877016395330429077e-02
-1.049626693129539490e-01
-6.097947806119918823e-02
-1.094599440693855286e-01
-8.508400619029998779e-02
-6.971279531717300415e-02
-1.062669754028320312e-01
-1.131907850503921509e-01
-7.692187279462814331e-02
-6.853429973125457764e-02
-2.307691238820552826e-02
-7.809373736381530762e-02
-7.195764780044555664e-02
-8.890607208013534546e-02
-8.281367272138595581e-02
-7.437044382095336914e-02
-1.684117689728736877e-02
-8.321601897478103638e-02
-4.451292753219604492e-02
-7.912785559892654419e-02
-9.330657869577407837e-02
-6.121547520160675049e-02
-6.492147594690322876e-02
-7.083757221698760986e-02
-5.875443667173385620e-02
-9.890833497047424316e-02
-2.981925755739212036e-02
-4.239998385310173035e-02
-5.054314807057380676e-02
-7.095727324485778809e-02
-2.238069847226142883e-02
-5.097416788339614868e-02
-1.236080676317214966e-01
-5.515105649828910828e-02
-8.029196411371231079e-02
-9.657479822635650635e-02
-7.105071842670440674e-02
-5.322776362299919128e-02
-8.429508656263351440e-02
-5.250585451722145081e-02
-3.031431324779987335e-02
-2.416144683957099915e-02
-7.785519212484359741e-02
-5.635666474699974060e-02
-7.193817198276519775e-02
-6.319829076528549194e-02
-5.870847404003143311e-02
-6.578353047370910645e-02
-7.938799262046813965e-02
-6.374271214008331299e-02
-3.096525743603706360e-02
-8.032551407814025879e-02
-7.546826452016830444e-02
-8.774947375059127808e-02
-7.613867521286010742e-02
-7.584740966558456421e-02
-7.392483949661254883e-02
-7.333698868751525879e-02
-2.159795910120010376e-01
-7.339088618755340576e-02
-9.319216758012771606e-02
-9.348724782466888428e-02
-6.400565057992935181e-02
-6.689337641000747681e-02
-4.259746894240379333e-02
-4.296012595295906067e-02
-6.918644905090332031e-02
-7.507599890232086182e-02
-5.392148345708847046e-02
-8.184676617383956909e-02
-7.803156971931457520e-02
-8.275839686393737793e-02
-2.911002933979034424e-02
-9.430669993162155151e-02
-3.973840922117233276e-02
2.212455123662948608e-01
-6.603748351335525513e-02
-8.894255012273788452e-02
-8.144532889127731323e-02
-5.983092635869979858e-02
-5.718490108847618103e-02
-4.082363471388816833e-02
-6.015216559171676636e-02
-1.191907003521919250e-01
-1.105625480413436890e-01
-7.107556611299514771e-02
-9.850474447011947632e-02
-9.507650136947631836e-02
-9.748326241970062256e-02
-4.685132950544357300e-02
-5.920796096324920654e-02
-1.170585751533508301e-01
-8.314831554889678955e-02
-5.604770034551620483e-02
-7.833818346261978149e-02
-6.501822918653488159e-02
-7.165408134460449219e-02
-8.424818515777587891e-02
-4.065200313925743103e-02
-9.193992614746093750e-02
-8.656290918588638306e-02
-2.299698255956172943e-02
-8.537837862968444824e-02
-5.002708360552787781e-02
-5.915720388293266296e-02
-6.424379348754882812e-02
-9.127724170684814453e-02
-5.402068048715591431e-02
-9.712322801351547241e-02
-6.797821074724197388e-02
-5.621939897537231445e-02
-5.945994704961776733e-02
-5.963274091482162476e-02
-7.405059784650802612e-02
-6.899720430374145508e-02
-9.849192202091217041e-02
-6.276381015777587891e-02
-6.900414079427719116e-02
-7.167763262987136841e-02
-9.100925922393798828e-02
-7.111921906471252441e-02
-5.824338272213935852e-02
-4.889850690960884094e-02
-7.656896114349365234e-02
-8.748583495616912842e-02
-9.486261010169982910e-02
-6.246853247284889221e-02
-8.995834738016128540e-02
-7.583415508270263672e-02
-9.092798084020614624e-02
-9.526428580284118652e-02
-8.216953277587890625e-02
-7.711981981992721558e-02
-4.322675988078117371e-02
-6.966420263051986694e-02
-7.867739349603652954e-02
-8.427400887012481689e-02
-7.430499792098999023e-02
-1.095305159687995911e-01
-8.176800608634948730e-02
-8.532801270484924316e-02
-8.202911168336868286e-02
-8.346694707870483398e-02
-5.631873756647109985e-02
-4.745577648282051086e-02
-8.848884701728820801e-02
-5.411407724022865295e-02
-8.315163850784301758e-02
-5.452171340584754944e-02
-4.893326014280319214e-02
-8.349335193634033203e-02
-7.191875576972961426e-02
-6.489148736000061035e-02
-7.650160789489746094e-02
-7.606286555528640747e-02
-6.993079185485839844e-02
-2.753363363444805145e-02
-5.924407392740249634e-02
-5.687153339385986328e-02
-6.807725876569747925e-02
-7.843419164419174194e-02
-4.244389012455940247e-02
-3.138035163283348083e-02
3.964757174253463745e-02
-1.055000498890876770e-01
-5.045086145401000977e-02
-7.726256549358367920e-02
1.188514102250337601e-02
-9.114155918359756470e-02
-6.563809514045715332e-02
-5.748147144913673401e-02
-2.449662052094936371e-02
-5.012838542461395264e-02
-1.159198880195617676e-01
-4.313997924327850342e-02
-4.177102446556091309e-02
-6.730955839157104492e-02
-8.062260597944259644e-02
-6.628791242837905884e-02
-8.289440302178263664e-04
-6.052081286907196045e-02
-7.297650724649429321e-02
-7.387099415063858032e-02
-7.656309008598327637e-02
-9.790884703397750854e-02
-6.871005147695541382e-02
-4.681058228015899658e-02
-5.070367455482482910e-02
-4.595288261771202087e-02
-7.567120343446731567e-02
-5.138229206204414368e-02
-2.484491467475891113e-02
-8.970779925584793091e-02
-6.446661055088043213e-02
-9.983311593532562256e-02
-8.660084009170532227e-02
-9.122330695390701294e-02
-5.588364973664283752e-02
-7.344764471054077148e-02
-1.055771559476852417e-01
-7.181442528963088989e-02
-5.475579202175140381e-02
-5.928212776780128479e-02
-6.117784604430198669e-02
-2.926257811486721039e-02
9.204983711242675781e-03
-1.007935851812362671e-01
-7.347245514392852783e-02
-6.807006150484085083e-02
-7.693452388048171997e-02
-2.341736666858196259e-02
-6.500234454870223999e-02
-8.358170837163925171e-02
-1.577065885066986084e-02
-4.045962542295455933e-02
-1.339865624904632568e-01
6.442347913980484009e-02
-5.863151699304580688e-02
-8.359639346599578857e-02
-1.182987913489341736e-01
-8.270859718322753906e-02
-1.144174560904502869e-01
-7.427825033664703369e-02
4.590416699647903442e-02
-6.249349191784858704e-02
-8.986655622720718384e-02
-4.078124463558197021e-02
-8.934064954519271851e-02
-3.666137158870697021e-02
-1.046927869319915771e-01
-6.081356853246688843e-02
-6.990619748830795288e-02
-6.356385350227355957e-02
-5.142413452267646790e-02
-2.763163112103939056e-02
-9.236887842416763306e-02
-5.488801375031471252e-02
-4.501070082187652588e-02
-8.094526827335357666e-02
-8.010523021221160889e-02
-9.144234657287597656e-02
-7.625518739223480225e-02
-6.019382923841476440e-02
-8.349164575338363647e-02
-7.378268241882324219e-02
-5.815238505601882935e-02
-5.967830494046211243e-02
-4.334778711199760437e-02
-5.443367362022399902e-02
-7.759129256010055542e-02
-6.675443053245544434e-02
-9.003520011901855469e-02
-7.210605591535568237e-02
-6.129553169012069702e-02
-2.761966921389102936e-02
-6.107772700488567352e-03
-1.063639000058174133e-01
-7.854472845792770386e-02
-7.486102730035781860e-02
-4.671332240104675293e-02
-4.557552188634872437e-02
-7.579391449689865112e-02
-7.940004020929336548e-02
-6.377435475587844849e-02
-7.885715365409851074e-02
1.426948816515505314e-03
5.231605470180511475e-02
-2.219379507005214691e-02
-6.415890157222747803e-02
-1.219597235321998596e-01
-9.445078670978546143e-02
-7.174201309680938721e-02
-8.570688217878341675e-02
-8.571305871009826660e-02
-9.250274300575256348e-02
-6.467083096504211426e-02
-6.721926480531692505e-02
-8.457129448652267456e-02
-6.026273965835571289e-02
-7.141578197479248047e-02
-5.542100220918655396e-02
-6.967780739068984985e-02
-9.323046356439590454e-02
-1.103971302509307861e-01
-1.047930121421813965e-01
-6.502103060483932495e-02
-5.377835407853126526e-02
-6.180568039417266846e-02
-6.659213453531265259e-02
-7.100806385278701782e-02
-6.694861501455307007e-02
-7.868178188800811768e-02
-9.464828670024871826e-02
-1.049248799681663513e-01
-6.782475858926773071e-02
-7.374647259712219238e-02
-8.508408069610595703e-02
-5.882068350911140442e-02
-9.401994943618774414e-02
-8.381094038486480713e-02
-4.629099369049072266e-02
4.465087782591581345e-03
-8.200732618570327759e-02
1.180530339479446411e-02
-5.263273790478706360e-02
-9.520298987627029419e-02
1.065076608210802078e-02
-9.289206564426422119e-02
-4.090052098035812378e-02
-5.173680558800697327e-02
-2.931354381144046783e-02
-5.273775383830070496e-02
-7.802712172269821167e-02
-6.159647554159164429e-02
-6.984571367502212524e-02
-4.913596436381340027e-02
-7.680407911539077759e-02
-6.599430739879608154e-02
-9.539785236120223999e-02
-6.406534463167190552e-02
-7.220678776502609253e-02
-5.917800217866897583e-02
-6.253063678741455078e-02
-7.581821829080581665e-02
-6.624205410480499268e-02
-5.191978439688682556e-02
-8.549579232931137085e-02
-5.207696184515953064e-02
1.369514465332031250e-01
-6.637053936719894409e-02
-9.577316045761108398e-02
-1.098760887980461121e-01
-7.478617876768112183e-02
-1.042281389236450195e-01
-4.797637462615966797e-02
-8.501692861318588257e-02
-8.662965148687362671e-02
-7.695759832859039307e-02
-9.528820961713790894e-02
-6.301930546760559082e-02
-9.373073279857635498e-02
-7.008171826601028442e-02
-8.826225250959396362e-02
-9.227338433265686035e-02
-9.298785030841827393e-02
-9.780294448137283325e-02
-9.069939702749252319e-02
-3.947199881076812744e-02
-9.036573022603988647e-02
-7.164698094129562378e-02
-6.600308418273925781e-02
-8.205863833427429199e-02
-1.567944511771202087e-02
-5.931626260280609131e-02
-5.665112659335136414e-02
-6.832735240459442139e-02
-6.121231615543365479e-02
4.623043164610862732e-02
-6.761310249567031860e-02
-6.427541375160217285e-02
-6.668235361576080322e-02
-4.421658068895339966e-02
-1.119214966893196106e-01
-7.786774635314941406e-02
-1.097188219428062439e-01
-5.423218011856079102e-02
-8.294082432985305786e-02
-7.646290212869644165e-02
-8.898511528968811035e-02
-9.962991811335086823e-03
-5.810689181089401245e-02
-5.257263779640197754e-02
-4.328599199652671814e-02
-9.367556869983673096e-02
-7.937554270029067993e-02
-9.827298671007156372e-02
4.157757386565208435e-03
-2.483138069510459900e-02
-4.570648819208145142e-02
-8.185699582099914551e-02
-8.056090027093887329e-02
-8.711898326873779297e-02
-1.075305417180061340e-01
-8.882108330726623535e-02
-6.866671144962310791e-02
-6.501460075378417969e-02
-5.386620759963989258e-02
-7.246995717287063599e-02
-7.161281257867813110e-02
-1.195394694805145264e-01
-6.974003463983535767e-02
-7.914576679468154907e-02
-6.397991627454757690e-02
-6.152229383587837219e-02
-9.259380400180816650e-02
-3.846717253327369690e-02
-8.906592428684234619e-02
-1.107735335826873779e-01
-1.105218827724456787e-01
-1.057980358600616455e-01
-6.563121080398559570e-02
-4.514613747596740723e-02
-5.824575573205947876e-02
-8.895791321992874146e-02
-9.462874382734298706e-02
-5.341736972332000732e-02
-4.029002785682678223e-02
-6.889673322439193726e-02
-8.119274675846099854e-02
1.724408566951751709e-02
-6.472855806350708008e-02
-4.759686067700386047e-02
-7.633788138628005981e-02
-7.320074737071990967e-02
-8.260043710470199585e-02
-1.075301226228475571e-02
-6.902236491441726685e-02
-2.766701392829418182e-02
-9.856357425451278687e-02
-5.906498804688453674e-02
-8.734396845102310181e-02
-4.027222841978073120e-02
-1.008265540003776550e-01
-7.661796361207962036e-02
-3.156695142388343811e-02
-4.591316729784011841e-02
-4.404700919985771179e-02
-7.474187761545181274e-02
-4.245568439364433289e-02
-3.647229820489883423e-02
-1.318342331796884537e-02
-6.240817159414291382e-02
-8.070295304059982300e-02
-9.065642952919006348e-02
-8.864291757345199585e-02
-7.109622657299041748e-02
-6.214873865246772766e-02
-5.378210544586181641e-02
-7.870467007160186768e-02
-6.705121695995330811e-02
-1.081004664301872253e-01
-9.215252846479415894e-02
1.541928481310606003e-02
-9.102965146303176880e-02
-7.798641175031661987e-02
-3.957260772585868835e-02
-6.486621499061584473e-02
-5.108503624796867371e-02
-6.554843485355377197e-02
-7.087539136409759521e-02
-7.530029118061065674e-02
-4.183574765920639038e-02
-5.778568238019943237e-02
-8.639123290777206421e-02
-6.077383458614349365e-02
-4.437810927629470825e-02
-4.799476638436317444e-02
-6.302759796380996704e-02
-9.405561536550521851e-02
-7.951397448778152466e-02
-8.753432333469390869e-02
-5.505434423685073853e-02
-7.696446031332015991e-02
-1.044545099139213562e-01
-4.409728199243545532e-02
-6.160582229495048523e-02
-8.312774449586868286e-02
-7.448962330818176270e-02
-3.196451812982559204e-02
-7.508853077888488770e-02
-5.746601521968841553e-02
-5.198184773325920105e-02
-3.392138052731752396e-03
-1.603078469634056091e-02
1.020250376313924789e-02
-6.039818376302719116e-02
-1.238111406564712524e-02
-7.035455852746963501e-02
5.093339085578918457e-02
-7.196800410747528076e-02
-7.204053550958633423e-02
-1.168251410126686096e-01
-5.053282529115676880e-02
-8.039860427379608154e-02
-9.160947054624557495e-02
-5.902529135346412659e-02
-3.752996399998664856e-02
-8.858054131269454956e-02
-4.548945650458335876e-02
7.523498497903347015e-03
-9.576347470283508301e-02
-8.805682510137557983e-02
-2.549390308558940887e-02
-6.061060726642608643e-02
-9.329183027148246765e-03
-6.981286406517028809e-02
-8.489140123128890991e-02
4.826007783412933350e-02
6.976302247494459152e-03
-5.164019763469696045e-02
-1.151658371090888977e-01
-1.015247330069541931e-01
-7.199694216251373291e-02
-8.947064727544784546e-02
-1.084496155381202698e-01
-7.179634273052215576e-02
-6.086598709225654602e-02
-8.630529046058654785e-02
-6.373685598373413086e-02
-8.228519558906555176e-02
-4.983795434236526489e-02
-1.062521152198314667e-02
-8.622326701879501343e-02
-8.796532452106475830e-02
-4.946822300553321838e-02
-1.019967570900917053e-01
-5.540295317769050598e-02
-8.633483201265335083e-03
-9.908577799797058105e-02
-8.886090666055679321e-02
-7.531870156526565552e-02
-8.352660387754440308e-02
-3.884069994091987610e-02
-8.748620748519897461e-02
5.168752744793891907e-03
-1.506627202033996582e-01
-7.052206993103027344e-02
-3.462846204638481140e-02
-8.964639157056808472e-02
-8.236915618181228638e-02
-2.841396071016788483e-02
-8.045841753482818604e-02
-6.420697271823883057e-02
-7.984142005443572998e-02
-7.597468793392181396e-02
-1.105370447039604187e-01
-7.091782987117767334e-02
-9.597136825323104858e-02
-7.479223608970642090e-02
-1.047231107950210571e-01
-1.077248975634574890e-01
-1.224613282829523087e-02
-8.014872670173645020e-02
-1.337471138685941696e-02
-1.746882684528827667e-02
-5.689965933561325073e-02
-8.046033978462219238e-02
-5.596584826707839966e-02
-9.283135086297988892e-02
-5.428040772676467896e-02
-1.053391173481941223e-01
-5.896574258804321289e-02
-6.552390754222869873e-02
-9.073373675346374512e-02
-6.630378961563110352e-02
-8.901117742061614990e-02
-6.399468332529067993e-02
-5.850747227668762207e-02
-5.714511871337890625e-02
-8.009889721870422363e-02
-9.596381336450576782e-02
-7.448283582925796509e-02
-5.373760312795639038e-02
-5.689654871821403503e-02
-8.843248337507247925e-02
-7.148476690053939819e-02
-7.704906910657882690e-02
-7.765595614910125732e-02
-1.073044240474700928e-01
-7.307123392820358276e-02
-6.818204373121261597e-02
-3.994645923376083374e-02
-7.207424193620681763e-02
-9.125802665948867798e-02
-7.001718133687973022e-02
-6.182107329368591309e-02
-7.847580313682556152e-02
-9.349618107080459595e-02
-7.686939835548400879e-02
-6.616500020027160645e-02
-7.340744137763977051e-02
-6.610395014286041260e-02
-7.148227095603942871e-02
-6.252064555883407593e-02
-4.618303850293159485e-02
-9.320051968097686768e-02
-1.231401339173316956e-01
-2.202965691685676575e-02
-2.009533904492855072e-02
-6.587758660316467285e-02
-3.758865222334861755e-02
-6.514006853103637695e-02
-7.156311720609664917e-02
-9.985886514186859131e-02
-8.816849440336227417e-02
-1.018483191728591919e-01
-4.119672626256942749e-02
-9.019106626510620117e-02
-3.477869927883148193e-02
-6.276952475309371948e-02
-5.072246491909027100e-02
-8.116997033357620239e-02
-5.650775134563446045e-02
-7.471181452274322510e-02
-6.740497797727584839e-02
-9.238035231828689575e-02
-9.263316541910171509e-02
-3.483167663216590881e-02
-6.767453253269195557e-02
-8.284416049718856812e-02
-5.061902478337287903e-02
-1.074793785810470581e-01
-7.736230641603469849e-02
-6.929170340299606323e-02
-7.431370019912719727e-02
-5.979211255908012390e-02
-9.123823046684265137e-02
-4.278620332479476929e-02
-7.110555469989776611e-02
-2.035767398774623871e-02
-7.484827935695648193e-02
-7.055750489234924316e-02
-9.336610883474349976e-02
-9.699514508247375488e-02
-4.863725602626800537e-02
-6.303969770669937134e-02
-6.716321408748626709e-02
-6.618359684944152832e-02
-5.067204311490058899e-02
-9.629613906145095825e-02
-8.339553326368331909e-02
-7.285506278276443481e-02
-1.061075553297996521e-01
-7.925223559141159058e-02
-9.743309020996093750e-02
-9.050823748111724854e-02
-5.508822202682495117e-02
-6.123447045683860779e-02
-2.852843515574932098e-02
-6.766259670257568359e-02
-4.346467182040214539e-02
-7.993014156818389893e-02
-1.064825281500816345e-01
-5.462992191314697266e-02
-6.352586299180984497e-02
-1.100115478038787842e-01
-7.039331644773483276e-02
-9.886085242033004761e-02
-8.859972655773162842e-02
-9.066338092088699341e-02
1.880167610943317413e-02
-5.445056781172752380e-02
-3.514117375016212463e-02
-7.209623605012893677e-02
-7.673519104719161987e-02
-9.070332348346710205e-02
-6.368246674537658691e-02
-6.746759265661239624e-02
-8.178447932004928589e-02
-6.609683483839035034e-02
-6.859418749809265137e-02
-8.493355661630630493e-02
-5.875750258564949036e-02
1.130235493183135986e-01
-8.177638798952102661e-02
-8.450200408697128296e-02
-6.002239510416984558e-02
-8.243273198604583740e-02
-8.790184557437896729e-02
-1.249142736196517944e-01
-7.580106705427169800e-02
-7.570569962263107300e-02
-7.485945522785186768e-02
-9.347432851791381836e-02
-6.318559497594833374e-02
-1.263116113841533661e-02
-6.038422137498855591e-02
-8.734411746263504028e-02
-1.254980415105819702e-01
-3.600928187370300293e-02
-6.361220777034759521e-02
-1.020478606224060059e-01
-8.034249395132064819e-02
-9.177029877901077271e-02
-3.424088284373283386e-02
-2.332938648760318756e-02
-6.453567743301391602e-02
-6.578043848276138306e-02
-5.739336833357810974e-02
-8.210103213787078857e-02
-8.319652080535888672e-02
-9.641028195619583130e-02
-3.657861799001693726e-02
-8.142344653606414795e-02
-9.138732403516769409e-02
-2.210098691284656525e-02
-5.918060615658760071e-02
-5.901140347123146057e-02
-1.032760068774223328e-01
-5.493548139929771423e-02
-6.683341413736343384e-02
-7.908617705106735229e-02
-5.058279633522033691e-02
-5.528153851628303528e-02
-6.416573189198970795e-03
1.134800165891647339e-02
-7.452817261219024658e-02
-7.038684189319610596e-02
-1.026882454752922058e-01
-7.238674908876419067e-02
-2.607223205268383026e-02
-5.823715031147003174e-02
-1.133704110980033875e-01
-7.095482200384140015e-02
-9.435248374938964844e-02
-6.763018667697906494e-02
-2.037305943667888641e-02
8.365958346985280514e-04
-6.513628363609313965e-02
-5.593033879995346069e-02
-7.106553763151168823e-02
-4.875505715608596802e-02
-6.990627944469451904e-02
-1.102734059095382690e-01
-7.260146737098693848e-02
-6.585591286420822144e-02
-7.126414030790328979e-02
-8.652486652135848999e-02
-6.686626374721527100e-02
-5.811073631048202515e-02
3.406186029314994812e-02
-3.337930515408515930e-02
-1.011561006307601929e-01
-9.265290945768356323e-02
-5.027814954519271851e-02
-7.511854916810989380e-02
-6.039081141352653503e-02
-4.553155973553657532e-02
-8.507878333330154419e-02
-9.525256603956222534e-02
-9.655200690031051636e-02
-3.946088999509811401e-02
-4.713554400950670242e-03
-9.852168709039688110e-02
-9.489504247903823853e-02
-1.382268965244293213e-01
-6.247910484671592712e-02
-8.139058947563171387e-02
-6.390096992254257202e-02
-1.081008091568946838e-01
-6.681540608406066895e-02
-6.519537419080734253e-02
-7.743306457996368408e-02
-6.546799093484878540e-02
-4.743358120322227478e-02
-6.319061666727066040e-02
-5.590670555830001831e-02
-6.320126354694366455e-02
-7.245542109012603760e-02
-6.518241763114929199e-02
-7.642444223165512085e-02
-8.754806220531463623e-02
-7.133801281452178955e-02
-7.610023766756057739e-02
-8.226782083511352539e-02
-7.231511920690536499e-02
-7.192247360944747925e-02
-6.009254232048988342e-02
-1.116669699549674988e-01
-9.231057018041610718e-02
-5.543071404099464417e-02
-6.622286885976791382e-02
-5.229352042078971863e-02
-9.346868097782135010e-02
-8.805116266012191772e-02
-9.886720031499862671e-02
-4.391822218894958496e-02
-6.657557934522628784e-02
3.471402451395988464e-02
-8.847802132368087769e-02
-4.820363223552703857e-02
-5.372577533125877380e-02
-7.377929240465164185e-02
-8.473382145166397095e-02
-5.849999561905860901e-02
-1.010287776589393616e-01
-1.009034514427185059e-01
-9.586916863918304443e-02
1.003167405724525452e-01
-7.409925013780593872e-02
-9.349928796291351318e-02
-1.030787974596023560e-01
-4.603694379329681396e-02
-7.477782666683197021e-02
-6.261505931615829468e-02
-1.519046723842620850e-02
-6.320432573556900024e-02
-9.788060933351516724e-02
-5.723338201642036438e-02
-7.960750162601470947e-02
-1.019029989838600159e-01
-6.771112978458404541e-02
-6.521289050579071045e-02
-9.225614368915557861e-02
-9.183681011199951172e-02
-9.023521095514297485e-02
-1.319308299571275711e-02
-7.462821155786514282e-02
-9.650088101625442505e-02
-4.955571889877319336e-02
-8.115528523921966553e-02
-9.526180475950241089e-02
-2.295074798166751862e-02
-6.843905895948410034e-02
-8.580403774976730347e-02
-6.074078008532524109e-02
-4.439514502882957458e-02
-7.688713073730468750e-02
-3.343248739838600159e-02
-6.218205764889717102e-02
-5.335856974124908447e-02
3.022306412458419800e-02
-6.036146730184555054e-02
-5.599275231361389160e-02
-9.987785667181015015e-02
-1.052016913890838623e-01
-8.031376451253890991e-02
-6.009364500641822815e-02
-9.055356681346893311e-02
-7.278855890035629272e-02
-6.388214975595474243e-02
-9.936168789863586426e-02
-7.468731701374053955e-02
-2.767077647149562836e-02
-5.658425018191337585e-02
1.469161640852689743e-02
-1.132433041930198669e-01
-1.080187708139419556e-01
-1.129712760448455811e-01
-7.030393928289413452e-02
-1.248917356133460999e-01
5.159482359886169434e-02
-7.018174231052398682e-02
-8.983895927667617798e-02
-4.635464400053024292e-02
-8.157253265380859375e-02
-6.890230625867843628e-02
-9.502314031124114990e-02
-6.840636581182479858e-02
-7.629221677780151367e-02
-1.075081620365381241e-02
-5.384855344891548157e-02
-8.394192904233932495e-02
-4.901270568370819092e-02
-9.925540536642074585e-02
-7.385491579771041870e-02
-7.303415238857269287e-02
-4.983606934547424316e-02
-5.976011604070663452e-02
-5.032368749380111694e-02
-1.158788353204727173e-01
-6.469395011663436890e-02
-7.093869894742965698e-02
-4.409869760274887085e-02
-5.695524066686630249e-02
-1.134837642312049866e-01
-1.257867664098739624e-01
-6.488591432571411133e-02
-6.859684735536575317e-02
-6.960152834653854370e-02
-7.245370745658874512e-02
-5.372240021824836731e-02
-8.907153457403182983e-02
-7.490193098783493042e-02
-7.113152742385864258e-02
-3.160210698843002319e-02
-6.718740612268447876e-02
-7.363029569387435913e-02
-5.077948793768882751e-02
-7.909747958183288574e-02
-9.405455738306045532e-02
-8.462264388799667358e-02
-5.118924751877784729e-02
-9.355729073286056519e-02
-6.476161628961563110e-02
-4.481364041566848755e-02
-5.063549056649208069e-02
-8.253693580627441406e-02
-6.541982293128967285e-02
-9.798818826675415039e-02
-7.355169206857681274e-02
-6.620193272829055786e-02
-1.717952825129032135e-02
-4.559790343046188354e-02
-5.866292491555213928e-02
-4.143354482948780060e-03
-7.917607575654983521e-02
-5.624417960643768311e-02
-7.090450823307037354e-02
-6.099889054894447327e-02
-8.535500615835189819e-02
-6.493043154478073120e-03
-2.632023952901363373e-02
2.781576104462146759e-02
-6.053781509399414062e-02
-6.933183223009109497e-02
-7.933625578880310059e-02
-7.104528695344924927e-02
-3.664347901940345764e-02
-4.524995759129524231e-02
-7.447518408298492432e-02
1.171566080302000046e-02
-6.565434485673904419e-02
-7.892008125782012939e-02
-7.581679522991180420e-02
-5.303507298231124878e-02
-4.206414148211479187e-02
-5.649995058774948120e-02
-1.185171008110046387e-01
-8.598865568637847900e-02
-8.246634155511856079e-02
-6.882078200578689575e-02
-8.907423168420791626e-02
-9.277599304914474487e-02
-3.420702740550041199e-02
-1.013872921466827393e-01
-8.424124121665954590e-02
-1.008876413106918335e-01
-6.231238320469856262e-02
-7.483049482107162476e-02
4.273796919733285904e-03
-6.053227558732032776e-02
-6.647902727127075195e-02
-9.363850206136703491e-02
-8.140325546264648438e-02
-1.077589094638824463e-01
-1.653220057487487793e-01
-1.059678494930267334e-01
-9.259448945522308350e-02
-5.102979019284248352e-02
-8.325551450252532959e-02
-5.486343055963516235e-02
-7.123298197984695435e-02
-4.845237731933593750e-02
-1.056591421365737915e-01
-8.390062302350997925e-02
-9.680940955877304077e-02
-7.117414474487304688e-02
-1.393562704324722290e-01
-7.826665043830871582e-02
-1.145832315087318420e-01
-4.908724874258041382e-02
-6.258518248796463013e-02
-8.144457638263702393e-02
-8.316213637590408325e-02
-9.351764619350433350e-02
-8.271475881338119507e-02
-6.684520840644836426e-02
-5.479906499385833740e-02
-5.925590544939041138e-02
-9.415320307016372681e-02
-2.743012644350528717e-02
-8.026547729969024658e-02
-7.822427153587341309e-02
-7.291509956121444702e-02
-6.946647167205810547e-02
-3.521085157990455627e-02
-3.240000084042549133e-02
-1.027161106467247009e-01
-7.554484903812408447e-02
-7.392379641532897949e-02
-7.670171558856964111e-02
-6.563701480627059937e-02
-5.391945317387580872e-02
-4.383511096239089966e-02
-2.565855905413627625e-02
-5.951670929789543152e-02
-5.773394554853439331e-02
-9.714499861001968384e-02
-5.594646558165550232e-02
-9.378758072853088379e-02
-8.158475160598754883e-02
-6.784356385469436646e-02
-4.537552967667579651e-02
-7.073631137609481812e-02
-7.367901504039764404e-02
-1.040826961398124695e-01
-5.201524868607521057e-02
-8.610453456640243530e-02
-6.527284532785415649e-02
-3.907276690006256104e-02
-7.111538946628570557e-02
-9.033519774675369263e-02
-6.379814445972442627e-02
-1.860864832997322083e-02
7.047260552644729614e-02
-8.687683939933776855e-02
-1.088993996381759644e-01
-5.754610151052474976e-02
-8.865038305521011353e-02
-5.105778202414512634e-02
-7.716461271047592163e-02
-6.178591772913932800e-02
-7.052333652973175049e-02
-1.044898852705955505e-01
-5.710149183869361877e-02
-4.589686542749404907e-02
-7.188988476991653442e-02
-5.264246836304664612e-02
-2.745685540139675140e-02
-1.441032290458679199e-01
-7.741305977106094360e-02
-6.072822213172912598e-02
-9.763154387474060059e-02
-7.635972648859024048e-02
-6.787060201168060303e-02
-9.234608709812164307e-02
-9.116373211145401001e-02
-4.279771819710731506e-02
-6.388477236032485962e-02
-1.000010669231414795e-01
-5.066555365920066833e-02
-6.088376045227050781e-02
-7.204722613096237183e-02
-1.021282449364662170e-01
-8.476743847131729126e-02
-5.578060075640678406e-02
-5.473906174302101135e-02
-6.847357749938964844e-02
4.193587228655815125e-03
-8.470927923917770386e-02
-6.019591540098190308e-02
-6.658712774515151978e-02
-7.565422356128692627e-02
-7.682492583990097046e-02
-4.423385858535766602e-02
-9.000271558761596680e-02
-8.419364690780639648e-02
-9.730580449104309082e-02
-7.842041552066802979e-02
-5.855695903301239014e-02
-5.141156911849975586e-02
-7.010734826326370239e-02
-7.038030773401260376e-02
-7.738436013460159302e-02
-6.168223172426223755e-02
-3.084175661206245422e-02
-5.093010887503623962e-02
-8.322769403457641602e-02
-1.131364032626152039e-01
-8.484414219856262207e-02
-5.860258266329765320e-02
-6.206935644149780273e-02
-7.411892712116241455e-02
-8.281759917736053467e-02
-1.067446246743202209e-01
-8.324008435010910034e-02
-8.649457246065139771e-02
-5.675508081912994385e-02
-8.827698975801467896e-02
-7.906396687030792236e-02
-2.434890903532505035e-02
-5.533100292086601257e-02
-7.774787396192550659e-02
-8.313157409429550171e-02
-7.935412228107452393e-02
-1.106552928686141968e-01
-7.915028184652328491e-02
-7.234387844800949097e-02
-2.884131483733654022e-02
-4.330303147435188293e-02
-8.498188853263854980e-02
-1.021526828408241272e-01
-9.185893088579177856e-02
-2.432385645806789398e-02
-6.899579614400863647e-02
-6.077562645077705383e-02
-7.115142047405242920e-02
-7.473408430814743042e-02
-5.827629938721656799e-02
-1.129003316164016724e-01
-7.702425867319107056e-02
-5.108792334794998169e-02
-8.268311619758605957e-02
-4.326054081320762634e-02
-9.159811586141586304e-02
-7.867319881916046143e-02
-6.441593170166015625e-02
-6.503546983003616333e-02
-6.675976514816284180e-02
-9.466706961393356323e-02
-7.819937169551849365e-02
-3.016155585646629333e-02
-7.801520079374313354e-02
-6.145510077476501465e-02
-5.796546116471290588e-02
-3.851586207747459412e-02
-3.164906799793243408e-02
-7.313410192728042603e-02
9.480185806751251221e-03
4.980227723717689514e-02
-8.302453160285949707e-02
-1.740993745625019073e-02
-1.035788208246231079e-01
-6.305539608001708984e-02
-7.274147123098373413e-02
-1.071030274033546448e-01
-6.623564660549163818e-02
-7.708850502967834473e-02
-9.729239344596862793e-02
-4.214746132493019104e-02
-5.421328172087669373e-02
-2.359310910105705261e-02
-4.677999392151832581e-02
-5.729877203702926636e-02
-6.411398947238922119e-02
-3.887779638171195984e-02
-5.283663049340248108e-03
-9.411735087633132935e-02
-5.740723386406898499e-02
-8.639100193977355957e-02
-5.093255266547203064e-02
-5.096165463328361511e-02
-1.073058247566223145e-01
-7.881454378366470337e-02
-7.832884788513183594e-02
-7.368304580450057983e-02
-9.276719391345977783e-02
-4.509662091732025146e-02
-6.387352943420410156e-02
-6.529814749956130981e-02
-4.525838792324066162e-02
-8.440125733613967896e-02
-8.031897246837615967e-02
-5.507278814911842346e-02
-4.847816750407218933e-02
-5.678508058190345764e-02
-8.279807120561599731e-02
-6.023247912526130676e-02
-1.015817448496818542e-01
-6.873995810747146606e-02
-7.306137681007385254e-02
-7.886585593223571777e-02
-2.678397344425320625e-03
-6.737362593412399292e-02
-7.726136595010757446e-02
-5.031393468379974365e-02
-6.373445689678192139e-02
-4.080215934664011002e-03
-8.337993174791336060e-02
-3.847054019570350647e-02
-1.049433425068855286e-01
-1.176905632019042969e-01
-8.380361646413803101e-02
-7.236889004707336426e-02
5.728814750909805298e-02
-1.652004010975360870e-02
-8.746436983346939087e-02
-6.768034398555755615e-02
-9.484039247035980225e-02
-6.634648144245147705e-02
-9.332484006881713867e-02
-7.910266518592834473e-02
-6.950264424085617065e-02
-5.315494909882545471e-02
-9.574081003665924072e-02
-6.665552407503128052e-02
-9.019724279642105103e-02
-9.296529740095138550e-02
-8.193909376859664917e-02
-6.038357317447662354e-02
-4.259418696165084839e-02
-3.754122555255889893e-02
-3.944301605224609375e-02
-5.877075344324111938e-02
-4.141588881611824036e-02
-8.274270594120025635e-02
-6.982149183750152588e-02
-7.498181611299514771e-02
-1.134377121925354004e-01
-5.911497771739959717e-02
-6.716473400592803955e-02
-8.908583223819732666e-02
-7.176089286804199219e-02
-1.193375214934349060e-01
-5.613816156983375549e-02
-6.086983717978000641e-03
-8.417820185422897339e-02
-4.200257360935211182e-02
-7.904984802007675171e-02
-4.001760482788085938e-02
-5.706213787198066711e-02
-6.645843386650085449e-02
-7.762433588504791260e-02
-1.094609573483467102e-01
-8.263794332742691040e-02
-6.826020777225494385e-02
-9.513770043849945068e-02
-5.104797333478927612e-02
-1.016807034611701965e-01
-8.158319443464279175e-02
-6.175586953759193420e-02
-8.454403281211853027e-02
-9.732153266668319702e-02
-2.808636985719203949e-02
-5.669446662068367004e-02
-7.872996479272842407e-02
-9.217923879623413086e-02
-5.242572352290153503e-02
-9.073678404092788696e-02
-5.911510437726974487e-02
-9.916580468416213989e-02
-5.762602761387825012e-02
-9.242527186870574951e-02
-6.941826641559600830e-02
-2.297459729015827179e-02
-7.788576185703277588e-02
-8.233851194381713867e-02
-8.482135087251663208e-02
-6.931203603744506836e-02
-4.868370294570922852e-02
-8.840607851743698120e-02
-7.659927010536193848e-02
-3.566642105579376221e-02
-6.036730855703353882e-02
-8.869209885597229004e-02
-9.995004534721374512e-02
-8.000514656305313110e-02
-6.545227766036987305e-02
-6.780959665775299072e-02
-7.248952984809875488e-02
-7.031953334808349609e-02
-9.248003363609313965e-02
-9.801618009805679321e-02
-7.231498509645462036e-02
-7.684978097677230835e-02
-5.183516070246696472e-02
-1.023870408535003662e-01
-8.723156899213790894e-02
-9.152875095605850220e-02
-6.731709837913513184e-02
-1.124445572495460510e-01
-7.711797021329402924e-03
-8.098448812961578369e-02
-1.067223697900772095e-01
-7.337008416652679443e-02
-6.218180060386657715e-02
-6.867486983537673950e-02
-9.339103847742080688e-02
-7.313881069421768188e-02
-8.963729441165924072e-02
-8.073466271162033081e-02
-5.154897645115852356e-02
-2.520404383540153503e-02
-9.955494850873947144e-02
-6.170340999960899353e-02
-9.432474523782730103e-02
-4.691928997635841370e-02
-6.544715911149978638e-02
-6.022782996296882629e-02
-7.688413560390472412e-02
9.238265454769134521e-03
-1.197612360119819641e-01
-7.612454891204833984e-02
-4.606710374355316162e-02
-5.051970854401588440e-02
-8.748235553503036499e-02
-6.213437020778656006e-02
-8.757705986499786377e-02
-6.707690656185150146e-02
-1.012760028243064880e-01
-9.195532649755477905e-02
-8.729125559329986572e-02
-7.250080257654190063e-02
-1.086374968290328979e-01
-7.161827385425567627e-02
-8.577341586351394653e-02
3.355542197823524475e-02
-5.751003324985504150e-02
-7.077190279960632324e-02
1.075830217450857162e-02
-5.115390941500663757e-02
-5.178661271929740906e-02
-4.149204120039939880e-02
-8.189105242490768433e-02
-9.226044267416000366e-02
-7.356893271207809448e-02
-7.444518804550170898e-02
-2.045192196965217590e-02
-9.175662696361541748e-02
-1.042717248201370239e-01
-7.438473403453826904e-02
-9.913743287324905396e-02
-4.172904416918754578e-02
-1.345868259668350220e-01
-2.826306223869323730e-02
-4.824732989072799683e-02
-9.305598586797714233e-02
-8.392202854156494141e-02
-6.565509736537933350e-02
-4.164222255349159241e-02
-7.393541187047958374e-02
-6.902167946100234985e-02
-6.470879912376403809e-02
-7.075047492980957031e-02
-1.294724494218826294e-01
-8.156804740428924561e-02
-8.451403677463531494e-02
-9.594456851482391357e-02
-7.094451785087585449e-02
-1.148274987936019897e-01
-6.917608529329299927e-02
-6.535095721483230591e-02
-6.398466974496841431e-02
-5.923357605934143066e-02
-7.809181511402130127e-02
-8.152791112661361694e-02
-7.363136112689971924e-02
-6.996231526136398315e-02
-7.845584303140640259e-02
-6.470524519681930542e-02
-1.064443886280059814e-01
-7.290444523096084595e-02
-8.174826949834823608e-02
-1.200884766876697540e-02
-8.510959148406982422e-02
-8.034819364547729492e-02
-8.863654732704162598e-02
-8.027476072311401367e-02
-6.473582983016967773e-02
-6.919161975383758545e-02
-9.967979043722152710e-02
-8.145473897457122803e-02
-9.296724945306777954e-02
-4.943894967436790466e-02
-6.451297551393508911e-02
-2.961841784417629242e-02
-1.056305319070816040e-01
-6.732098758220672607e-02
-7.226967811584472656e-02
-4.294035956263542175e-02
-7.724214345216751099e-02
-8.913059532642364502e-02
-8.516005426645278931e-02
-8.511814475059509277e-02
-3.426547348499298096e-02
-5.730819702148437500e-02
-7.408428937196731567e-02
-8.089686930179595947e-02
-8.681331574916839600e-02
-9.136486798524856567e-02
-7.985918223857879639e-02
-6.048533692955970764e-02
-1.027001962065696716e-01
-6.069781631231307983e-02
-9.498012810945510864e-02
-5.134736001491546631e-02
-7.839210331439971924e-02
-8.828064054250717163e-02
-7.825422286987304688e-02
-8.276064693927764893e-02
-6.824631989002227783e-02
-7.137222588062286377e-02
-6.222812086343765259e-02
-6.017924100160598755e-02
-9.629937261343002319e-02
-6.151388958096504211e-02
-7.799350470304489136e-02
-5.106968060135841370e-02
-5.250630900263786316e-02
-1.164554134011268616e-01
-1.014129966497421265e-01
-8.763639628887176514e-02
-7.788982987403869629e-02
-7.036610692739486694e-02
-1.722576678730547428e-03
-4.167067632079124451e-02
-5.590141192078590393e-02
-7.246346771717071533e-02
-6.185895949602127075e-02
-5.924033373594284058e-02
-9.754516929388046265e-02
-9.999399632215499878e-02
-9.148463606834411621e-02
-6.916777044534683228e-02
-5.673862528055906296e-03
-4.520235955715179443e-02
-6.649357825517654419e-02
-2.481966651976108551e-02
-8.612585812807083130e-02
-6.142002716660499573e-02
-6.431737542152404785e-02
-5.306214094161987305e-02
-6.223431602120399475e-02
-1.908261515200138092e-02
-8.474719524383544922e-02
7.244174182415008545e-02
-7.975504547357559204e-02
-7.243384420871734619e-02
-7.177145779132843018e-02
-7.351918518543243408e-02
-5.888823047280311584e-02
-7.519130408763885498e-02
-9.996344894170761108e-02
-1.035077571868896484e-01
-8.586741983890533447e-02
1.342946942895650864e-02
-4.220294207334518433e-02
-3.809123486280441284e-02
-5.473560094833374023e-02
-7.347393780946731567e-02
-7.896115630865097046e-02
-1.138416454195976257e-01
-7.128054648637771606e-02
-3.500080481171607971e-02
-6.075672805309295654e-02
-7.514370977878570557e-02
-9.733413904905319214e-02
-1.158697605133056641e-01
-6.716602295637130737e-02
-8.106060326099395752e-02
-5.720634013414382935e-02
-1.209387034177780151e-01
-1.027962565422058105e-02
-4.955869540572166443e-02
-8.670493960380554199e-02
-8.910404890775680542e-02
-7.549785822629928589e-02
-6.984120607376098633e-02
-7.380540668964385986e-02
-6.411298364400863647e-02
-1.156684085726737976e-01
-6.719674170017242432e-02
-1.044247373938560486e-01
-6.700567156076431274e-02
-8.304943889379501343e-02
-9.901054203510284424e-02
-4.023539274930953979e-02
-7.484435290098190308e-02
-6.980397552251815796e-02
-7.410411536693572998e-02
-8.398647606372833252e-02
-4.560396075248718262e-02
-1.160084307193756104e-01
-9.046573936939239502e-02
-4.739570617675781250e-02
2.041114866733551025e-02
-1.117458045482635498e-01
-1.094647422432899475e-01
-5.000720545649528503e-02
-7.163701951503753662e-02
-5.907361581921577454e-02
-9.482098370790481567e-02
-7.168296724557876587e-02
-7.676547020673751831e-02
-7.590997219085693359e-02
-6.390061974525451660e-02
-8.025136590003967285e-02
-6.475535035133361816e-02
-8.457795530557632446e-02
-9.082137048244476318e-02
-8.035728335380554199e-02
-5.844227224588394165e-02
-7.509139925241470337e-02
-6.897161900997161865e-02
-2.595543488860130310e-02
-8.670328557491302490e-02
-9.263779222965240479e-02
-9.004217386245727539e-02
-4.648051038384437561e-02
-2.815805189311504364e-02
-8.268358558416366577e-02
-3.722218051552772522e-02
-6.749376654624938965e-02
-8.010210096836090088e-02
-7.749718427658081055e-02
-8.163347095251083374e-02
-6.205785647034645081e-02
-8.075655996799468994e-02
-7.534465938806533813e-02
-7.725046575069427490e-02
-7.220691442489624023e-02
-1.063281297683715820e-01
-9.113978594541549683e-02
-6.110654771327972412e-02
-5.992841441184282303e-03
-5.409909412264823914e-02
-8.699639141559600830e-02
-9.356644749641418457e-02
-5.840078368782997131e-02
-6.582704931497573853e-02
-5.759062618017196655e-02
-6.113480776548385620e-02
-8.269623667001724243e-02
-6.460233777761459351e-02
-4.616231843829154968e-02
-6.710494309663772583e-02
-7.906029373407363892e-02
-7.712082564830780029e-02
-6.723414361476898193e-02
-6.883527338504791260e-02
-8.521295338869094849e-02
-7.988175004720687866e-02
-7.679128646850585938e-02
-6.712906528264284134e-03
-3.903862833976745605e-02
-9.270013868808746338e-02
-9.193617105484008789e-02
-9.432823210954666138e-02
-9.273630380630493164e-02
-7.383349537849426270e-02
-7.701716572046279907e-02
-4.480313137173652649e-02
-5.112933367490768433e-02
-3.726700320839881897e-02
-5.165135115385055542e-02
-7.250194251537322998e-02
-1.287297457456588745e-01
-7.991962879896163940e-02
-7.962895184755325317e-02
-8.146031945943832397e-02
-9.552485495805740356e-02
-4.300188273191452026e-02
-1.344440728425979614e-01
-5.150453001260757446e-02
-6.285698711872100830e-02
-5.531922727823257446e-02
-5.333033949136734009e-02
-1.070807799696922302e-01
-2.210216782987117767e-02
-8.000972867012023926e-02
-9.251112490892410278e-02
-6.900604069232940674e-02
-8.989907056093215942e-02
-1.076821461319923401e-01
-6.170564517378807068e-02
-2.383458428084850311e-02
-9.480889141559600830e-02
-7.604789454489946365e-03
-5.783538147807121277e-02
-1.038042381405830383e-01
-5.483146011829376221e-02
-8.214674144983291626e-02
-5.627664178609848022e-02
-8.181869983673095703e-02
-8.630566298961639404e-02
-7.125271111726760864e-02
-7.474774122238159180e-02
-6.528025865554809570e-02
-7.230119407176971436e-02
-3.325834497809410095e-02
-5.490093678236007690e-02
-6.012196838855743408e-02
-1.061456277966499329e-01
-5.359557643532752991e-02
-7.871955633163452148e-02
-1.184235811233520508e-01
-8.490501344203948975e-02
-4.644563794136047363e-02
-7.407356053590774536e-02
-5.105328559875488281e-02
-7.013975828886032104e-02
-5.711167678236961365e-02
-7.595046609640121460e-02
-8.355724811553955078e-02
-7.846367359161376953e-02
-6.675816327333450317e-02
-3.469019383192062378e-02
-4.367113485932350159e-02
-1.066272705793380737e-01
-4.418426752090454102e-02
-1.153207048773765564e-01
-6.635645776987075806e-02
-7.511489093303680420e-02
-7.656141370534896851e-02
-5.062488093972206116e-02
-5.436700955033302307e-02
-8.784925192594528198e-02
-1.071416437625885010e-01
-8.073052763938903809e-02
-9.050560742616653442e-02
-5.569405108690261841e-02
-6.479926407337188721e-02
-6.331228464841842651e-02
-2.400443889200687408e-02
-7.609882950782775879e-02
-4.895821586251258850e-02
-5.636785924434661865e-02
-7.733038812875747681e-02
-3.805584460496902466e-02
-7.668326050043106079e-02
-6.918564438819885254e-02
-8.749333769083023071e-02
-4.799234494566917419e-02
-9.976539015769958496e-02
-7.336744666099548340e-02
-5.449527502059936523e-02
-7.139954715967178345e-02
-8.458015322685241699e-02
-7.479508221149444580e-02
-1.464565936475992203e-02
-8.830593526363372803e-02
-7.170071452856063843e-02
-1.179230138659477234e-01
-7.776778191328048706e-02
-6.710901856422424316e-02
-8.026108145713806152e-02
-7.127092778682708740e-02
-6.924939155578613281e-02
-7.714999467134475708e-02
-1.998445019125938416e-02
-8.826862275600433350e-02
-8.522767573595046997e-02
-8.280851691961288452e-02
-8.443255722522735596e-02
-3.989570587873458862e-02
-1.119958087801933289e-01
-3.485605865716934204e-02
-6.054579839110374451e-02
-7.763241231441497803e-02
-5.842962861061096191e-02
-6.643731892108917236e-02
-7.571430504322052002e-02
-5.036504194140434265e-02
-5.741665884852409363e-02
-5.381340906023979187e-02
-8.408374339342117310e-02
-9.285904467105865479e-02
-9.099096804857254028e-02
-9.222768247127532959e-02
-4.818351194262504578e-02
-8.779790252447128296e-02
-7.179377228021621704e-02
-6.515573710203170776e-02
-1.204554140567779541e-01
-7.351943105459213257e-02
-7.423026114702224731e-02
-7.482013106346130371e-02
-6.131595373153686523e-02
-7.992964237928390503e-02
-6.664387136697769165e-02
-1.034971922636032104e-01
-1.084734275937080383e-01
-7.569435983896255493e-02
-7.632760703563690186e-02
-8.967303484678268433e-02
-7.723721116781234741e-02
