1.399395521730184555e-02
-1.596466451883316040e-02
-6.185584701597690582e-03
1.099287997931241989e-02
3.857068251818418503e-03
-2.033958025276660919e-02
-2.342912182211875916e-02
1.133762858808040619e-02
-2.741455286741256714e-02
-5.371430423110723495e-03
-2.612232789397239685e-02
-8.701848238706588745e-02
-3.447053208947181702e-02
-5.009845271706581116e-02
1.121666282415390015e-02
-3.960885107517242432e-02
1.286243088543415070e-02
-1.741359196603298187e-02
2.199494093656539917e-02
1.327710226178169250e-02
-1.513035967946052551e-03
-1.511602010577917099e-02
-3.795018419623374939e-02
-1.182902138680219650e-02
-1.991255022585391998e-02
-1.206444390118122101e-02
-1.580318436026573181e-02
-5.052785854786634445e-03
-5.579211283475160599e-03
2.873259130865335464e-03
-7.701473077759146690e-04
2.528421767055988312e-02
7.649871520698070526e-03
1.140977442264556885e-02
2.132110530510544777e-03
-4.093709401786327362e-03
1.069096941500902176e-02
-3.493666648864746094e-02
-1.495612133294343948e-02
-1.453506387770175934e-02
3.328559547662734985e-02
-4.950325191020965576e-02
-2.171160280704498291e-02
-1.833557151257991791e-02
-2.067700028419494629e-02
5.590054206550121307e-03
-7.034949492663145065e-03
-3.129405202344059944e-03
-4.479329660534858704e-02
-4.394898563623428345e-02
-6.821076851338148117e-03
1.822690851986408234e-02
-1.453103683888912201e-02
-9.384155273437500000e-03
-2.655633911490440369e-02
-8.695929311215877533e-03
-5.523771047592163086e-02
-2.110370062291622162e-02
-2.697531320154666901e-02
-2.183893881738185883e-02
-1.274837530218064785e-03
-1.563799194991588593e-02
3.747174981981515884e-03
-2.807414904236793518e-02
-2.280924236401915550e-03
-3.045927733182907104e-02
7.667505647987127304e-03
8.435064926743507385e-03
-1.041619107127189636e-03
-1.923414506018161774e-02
-7.931879721581935883e-03
-2.187859208788722754e-04
1.162728480994701385e-02
3.391422796994447708e-03
-3.553395718336105347e-02
-1.385184377431869507e-02
-2.729886397719383240e-02
-2.191089279949665070e-02
-3.758459538221359253e-02
1.263356581330299377e-02
2.907319366931915283e-02
8.781294338405132294e-03
1.904139667749404907e-02
1.400481211021542549e-03
6.194737274199724197e-03
7.812256924808025360e-03
3.025244921445846558e-02
8.976618410088121891e-04
1.243054051883518696e-03
-9.182093665003776550e-03
7.084012962877750397e-03
-8.071615360677242279e-03
-4.942772537469863892e-02
-7.230219990015029907e-02
-8.674264885485172272e-03
-2.902601473033428192e-02
-1.848219335079193115e-02
-2.649338357150554657e-02
-4.781393334269523621e-03
-1.434362027794122696e-02
-6.210049148648977280e-03
-2.726109512150287628e-02
-1.439755223691463470e-02
-1.091421116143465042e-02
-2.116361074149608612e-02
7.948095910251140594e-03
1.375645399093627930e-02
-3.328317776322364807e-02
2.842301689088344574e-02
2.317575551569461823e-02
1.786303333938121796e-02
-2.816519932821393013e-03
-2.190832048654556274e-02
6.538576912134885788e-03
4.574205726385116577e-03
-4.607260972261428833e-02
-3.381282463669776917e-02
-2.873265929520130157e-02
8.503755554556846619e-03
-5.885157268494367599e-03
-1.557878591120243073e-02
-2.127837203443050385e-02
5.446801334619522095e-02
-2.809451147913932800e-02
-3.326294943690299988e-03
-1.178598613478243351e-03
2.352812886238098145e-02
3.137765824794769287e-02
-8.861932903528213501e-03
-3.467393666505813599e-02
-5.653499159961938858e-03
1.075127348303794861e-02
-3.519200906157493591e-02
-2.575892955064773560e-03
4.959584679454565048e-03
-1.364431716501712799e-02
-2.174706012010574341e-02
-4.058167338371276855e-02
-9.484270587563514709e-03
4.587400704622268677e-02
-1.455504354089498520e-02
6.224188487976789474e-03
-3.199985658284276724e-04
-4.118458833545446396e-03
-5.398648208938539028e-04
-2.777628414332866669e-02
-1.668572984635829926e-02
1.571251118548389059e-06
-1.406812295317649841e-02
-8.351533673703670502e-03
-2.107620425522327423e-02
-5.605019163340330124e-03
1.915718428790569305e-03
8.027644827961921692e-03
4.461079952307045460e-04
-5.009010434150695801e-02
-5.754312966018915176e-03
-1.281107030808925629e-02
-2.492561377584934235e-02
1.584227755665779114e-02
7.550560403615236282e-03
-4.856396932154893875e-03
-4.412793740630149841e-02
-9.278357028961181641e-03
5.942081660032272339e-02
-2.890420518815517426e-02
2.935467846691608429e-02
-1.100140996277332306e-02
-1.644864492118358612e-02
1.400475623086094856e-03
1.317169237881898880e-02
7.681855000555515289e-03
5.006371997296810150e-03
4.691375419497489929e-03
-2.237956039607524872e-03
1.609665527939796448e-02
2.135745948180556297e-03
-1.871191151440143585e-02
5.715108942240476608e-03
-4.383667185902595520e-02
-4.252615326549857855e-04
-2.606995776295661926e-02
-1.744332723319530487e-02
-1.430449914187192917e-02
-1.919478923082351685e-02
3.739946335554122925e-02
9.131941944360733032e-03
-1.180087216198444366e-02
1.611040160059928894e-02
-1.980352774262428284e-02
-1.547437254339456558e-02
-2.661512047052383423e-02
-4.111054819077253342e-03
1.652877405285835266e-02
-2.273521758615970612e-02
-2.270781807601451874e-02
-1.064472738653421402e-02
1.167820300906896591e-02
1.117493864148855209e-02
-2.083452232182025909e-02
-3.430355340242385864e-03
-1.761856302618980408e-02
2.373069524765014648e-03
1.496969955042004585e-03
-1.358101237565279007e-02
-2.040852047502994537e-02
-7.532966323196887970e-03
-2.928625047206878662e-02
-3.335119411349296570e-02
-6.704017519950866699e-02
2.040359377861022949e-02
-5.470028612762689590e-03
-1.878091134130954742e-02
-3.097880072891712189e-02
-2.676874399185180664e-02
-2.093125879764556885e-02
2.348150499165058136e-02
-2.351023256778717041e-02
-2.628320269286632538e-02
-4.220541194081306458e-02
-6.319902837276458740e-03
-1.813894696533679962e-02
-2.745943702757358551e-02
3.767219558358192444e-02
1.553840748965740204e-02
-1.968128047883510590e-02
-2.980733290314674377e-02
-3.029316104948520660e-02
-1.031272299587726593e-02
-3.133259015157818794e-03
-2.124343998730182648e-02
-2.117570862174034119e-02
-2.957921475172042847e-02
-2.276000380516052246e-02
-7.833912037312984467e-03
1.150553021579980850e-02
-2.951764129102230072e-02
-1.726400293409824371e-02
-2.211099863052368164e-02
1.260666456073522568e-02
-1.241945009678602219e-02
-6.967474240809679031e-03
7.507996167987585068e-03
1.038746908307075500e-02
1.331784017384052277e-02
9.553944692015647888e-04
-4.571403563022613525e-02
4.246038850396871567e-03
3.456037491559982300e-03
1.747598871588706970e-02
-7.977312430739402771e-03
-7.955674082040786743e-03
-3.592567145824432373e-02
-2.566890791058540344e-02
-9.407266043126583099e-03
5.453701596707105637e-04
-5.434619728475809097e-03
1.241435878910124302e-03
-1.757450774312019348e-02
2.120640873908996582e-02
-1.057492103427648544e-02
-6.466642487794160843e-03
2.471238747239112854e-02
-6.512524932622909546e-02
9.071744047105312347e-03
-2.749073877930641174e-02
-3.159871324896812439e-02
-6.257141474634408951e-03
-2.248087525367736816e-02
-9.526647627353668213e-03
-1.514774467796087265e-02
-3.821898996829986572e-02
-1.874793693423271179e-02
-2.987011708319187164e-02
-4.572113603353500366e-02
-2.327954396605491638e-02
-1.229413691908121109e-02
3.521271422505378723e-02
2.584405988454818726e-02
-5.281875841319561005e-03
-1.984228566288948059e-02
-2.688441053032875061e-02
-1.114793680608272552e-02
-3.264787839725613594e-03
-1.194101665169000626e-02
1.136673707515001297e-02
-2.600513584911823273e-02
-3.922789916396141052e-02
-5.470268893986940384e-03
2.024473063647747040e-02
-6.294377893209457397e-02
-5.519104376435279846e-02
1.925973594188690186e-02
-1.144429389387369156e-02
-1.644632779061794281e-02
-9.572483599185943604e-03
-7.299847435206174850e-03
-1.131242373958230019e-03
-6.813820917159318924e-03
-2.824966423213481903e-02
-2.312838099896907806e-02
3.428927157074213028e-03
-2.395334839820861816e-02
2.360475435853004456e-02
-1.521907281130552292e-03
-5.804347805678844452e-03
-2.692444622516632080e-02
-5.872403737157583237e-03
-2.502047084271907806e-02
-1.528647699160501361e-04
-4.083560779690742493e-03
1.884650811553001404e-02
1.294145267456769943e-02
-1.981003209948539734e-03
-1.921639777719974518e-02
-2.143525145947933197e-02
-1.341979857534170151e-02
-2.772578969597816467e-02
1.277496921829879284e-03
-1.572192460298538208e-02
-3.106056712567806244e-02
-1.418586447834968567e-02
-2.241926826536655426e-02
-3.718947758898139000e-03
-9.342873468995094299e-03
-4.112556949257850647e-02
4.676989745348691940e-03
-1.284098345786333084e-02
-1.224024570547044277e-03
-1.321219466626644135e-02
-1.995900459587574005e-02
-2.096806839108467102e-02
-3.977994248270988464e-02
2.012472040951251984e-02
-3.718844964168965816e-04
-1.378871407359838486e-02
-1.148716881871223450e-01
-2.087903395295143127e-02
-1.974371494725346565e-03
1.622094423510134220e-03
-1.861314289271831512e-02
-2.740443125367164612e-02
1.506467629224061966e-02
-6.071502342820167542e-02
-9.369613602757453918e-03
-3.227417171001434326e-02
-2.223659306764602661e-02
3.135992446914315224e-03
-4.856923595070838928e-03
-1.525168865919113159e-02
-2.659881860017776489e-02
-5.445587635040283203e-02
-2.398167178034782410e-02
-5.360274389386177063e-02
-4.159536212682723999e-02
-5.179690197110176086e-02
1.403160579502582550e-02
-4.900128394365310669e-02
-1.660262607038021088e-02
-9.291728027164936066e-03
-1.146224886178970337e-02
4.222832620143890381e-03
-1.430507935583591461e-02
3.258996084332466125e-02
-3.173816576600074768e-02
-1.827822066843509674e-02
9.231533855199813843e-03
9.326840750873088837e-03
2.402000315487384796e-02
-3.088979050517082214e-02
-2.977450005710124969e-02
1.144025195389986038e-02
-3.193592652678489685e-02
8.719231933355331421e-03
2.853852696716785431e-02
1.238497998565435410e-02
-2.892923727631568909e-02
-1.724550873041152954e-02
-1.843896927312016487e-03
-4.005377367138862610e-02
2.606461942195892334e-02
-5.342319235205650330e-02
-1.229858305305242538e-02
-1.043138559907674789e-02
-1.735796034336090088e-02
1.877649873495101929e-02
-6.646815221756696701e-03
-5.951505620032548904e-03
3.585168719291687012e-02
1.601399481296539307e-02
7.074696011841297150e-03
-4.271240904927253723e-04
-3.801453486084938049e-02
-2.177931740880012512e-02
2.267464622855186462e-02
-2.889519184827804565e-02
1.298367604613304138e-02
-6.869659293442964554e-03
-2.683662995696067810e-02
-1.192864403128623962e-02
-4.042805358767509460e-02
-1.239735283888876438e-03
-1.409264374524354935e-02
-6.466615013778209686e-03
1.683024689555168152e-02
-2.114422060549259186e-02
-1.480052433907985687e-02
3.270348161458969116e-02
-4.827510565519332886e-03
6.443024030886590481e-04
-1.314754411578178406e-02
6.960311438888311386e-03
-1.824127137660980225e-02
-6.912291981279850006e-03
-1.748763461364433169e-04
-9.795707650482654572e-03
-1.674012281000614166e-02
-1.243707444518804550e-02
2.521401271224021912e-03
-2.763436175882816315e-02
3.260296070948243141e-03
-1.298734103329479694e-03
5.369198042899370193e-03
1.342413906968431547e-05
-1.217250339686870575e-02
2.633226476609706879e-02
1.294076535850763321e-02
-3.231884911656379700e-02
-2.491955831646919250e-02
1.869077823357656598e-04
-2.710433118045330048e-02
3.630477562546730042e-02
-3.677385684568434954e-04
-2.129632048308849335e-02
-3.762415796518325806e-02
-7.400964386761188507e-03
-2.535799145698547363e-02
1.985282450914382935e-02
7.060784846544265747e-03
-1.021522749215364456e-02
-2.885444089770317078e-02
-2.192746661603450775e-02
-3.376093506813049316e-02
-3.368549223523586988e-04
1.162623986601829529e-02
-2.361606620252132416e-02
1.284925965592265129e-04
-1.704782061278820038e-02
-1.785411313176155090e-02
-4.153338726609945297e-03
-2.447029948234558105e-02
-1.496880874037742615e-02
-2.927703782916069031e-02
-4.201720654964447021e-02
-9.511072188615798950e-03
-1.162784360349178314e-02
-5.774172767996788025e-02
-2.853118069469928741e-02
3.360304515808820724e-03
-1.274809800088405609e-02
-2.316697873175144196e-02
2.162650786340236664e-02
1.545066246762871742e-03
-3.744067996740341187e-02
-3.516846150159835815e-02
-8.359202765859663486e-04
-1.627620868384838104e-02
-3.732979530468583107e-03
-8.007169701159000397e-03
3.968323580920696259e-03
-4.382319282740354538e-03
-3.066132403910160065e-02
-2.333878539502620697e-02
-3.740778937935829163e-02
-1.116461958736181259e-02
-1.717297174036502838e-02
-2.973642386496067047e-02
-4.707860760390758514e-03
-7.047049701213836670e-03
-1.606663875281810760e-02
-3.198301047086715698e-02
-2.861988730728626251e-02
-4.918537661433219910e-02
-1.451685838401317596e-02
-3.163598105311393738e-02
1.064731646329164505e-02
1.531892362982034683e-02
-2.156340517103672028e-02
-5.160057172179222107e-02
-4.625675082206726074e-02
-1.490726042538881302e-02
-3.136599808931350708e-02
-8.977840770967304707e-04
-1.070119626820087433e-02
2.436265349388122559e-02
-1.991739263758063316e-03
-6.952538969926536083e-04
-1.845463179051876068e-02
-1.274497900158166885e-02
-1.644686423242092133e-02
-2.347734058275818825e-03
5.662521347403526306e-03
-2.125193178653717041e-02
-3.664232045412063599e-02
-5.703284591436386108e-02
9.799736551940441132e-03
-1.098527922295033932e-03
-5.759342014789581299e-02
8.307904936373233795e-03
-1.813627034425735474e-02
-9.100194089114665985e-03
-3.810689225792884827e-02
-3.455079160630702972e-03
7.372338324785232544e-03
9.536414407193660736e-03
-3.696616739034652710e-02
-5.758199840784072876e-03
-2.079005539417266846e-02
-2.925262786448001862e-03
-3.212329000234603882e-02
8.492604829370975494e-03
1.434506266377866268e-03
-3.652409836649894714e-02
-3.943787422031164169e-03
-8.177415467798709869e-03
8.481072727590799332e-04
9.287297725677490234e-04
3.025396913290023804e-02
-2.944075688719749451e-02
-5.824452964588999748e-04
-2.119154855608940125e-02
1.478504203259944916e-02
-1.629537902772426605e-02
1.632669009268283844e-02
-1.067131105810403824e-02
-2.469789981842041016e-02
3.504419233649969101e-03
-1.774924248456954956e-02
-2.809285186231136322e-02
-4.465647414326667786e-02
-1.458551362156867981e-02
1.723457500338554382e-02
-6.719426065683364868e-02
-2.118103951215744019e-02
1.185577083379030228e-02
1.896496117115020752e-02
-3.540228679776191711e-02
1.566065289080142975e-02
-2.244368195533752441e-02
-2.355580590665340424e-02
-3.770694881677627563e-02
-3.702081739902496338e-04
-2.353064157068729401e-02
6.858264096081256866e-03
-2.866017073392868042e-02
1.018787641078233719e-02
-1.580760255455970764e-02
3.310678154230117798e-02
5.239966139197349548e-02
-1.003442704677581787e-02
5.199232138693332672e-03
2.830702252686023712e-02
-2.051460370421409607e-02
6.309595191851258278e-04
-1.004825718700885773e-02
2.840800676494836807e-03
-1.162214297801256180e-02
-1.637508533895015717e-02
2.196352370083332062e-02
-1.990989409387111664e-02
1.333737000823020935e-02
-5.339107662439346313e-02
-2.804083749651908875e-02
7.215613964945077896e-03
1.014066860079765320e-02
-1.605183817446231842e-02
-4.804880823940038681e-03
-1.763689704239368439e-02
-1.797722536139190197e-03
-1.536670699715614319e-02
-3.454636782407760620e-02
-3.832253441214561462e-02
1.052625477313995361e-03
7.115660235285758972e-03
4.133225884288549423e-03
-3.974404651671648026e-03
-2.345381677150726318e-02
9.414997883141040802e-03
5.002512596547603607e-03
5.318413488566875458e-03
-8.820935152471065521e-03
-9.896701667457818985e-04
1.306124217808246613e-02
-1.222884515300393105e-03
-1.020177733153104782e-02
3.137567779049277306e-03
9.546021930873394012e-03
-1.157004944980144501e-02
2.510639093816280365e-02
3.372854739427566528e-02
7.765305228531360626e-03
1.693156082183122635e-03
-1.316734496504068375e-02
6.311074830591678619e-03
5.468369927257299423e-03
1.888548210263252258e-02
-3.623131895437836647e-03
-1.533669326454401016e-02
-1.359574683010578156e-02
-2.317694760859012604e-02
-1.646095886826515198e-02
-5.039972811937332153e-02
-2.980706468224525452e-02
4.887343675363808870e-05
3.703171014785766602e-02
-1.077441684901714325e-02
-2.091452106833457947e-02
-1.756663620471954346e-02
-2.905338443815708160e-02
-6.717531941831111908e-03
6.992919836193323135e-03
-3.527953103184700012e-02
-2.852345630526542664e-02
-1.945214532315731049e-02
-2.102230675518512726e-02
1.430881861597299576e-02
2.057150192558765411e-02
-1.061517628841102123e-03
-6.191257014870643616e-02
-3.364641591906547546e-02
1.698911190032958984e-02
-1.451390050351619720e-02
-5.871817469596862793e-03
5.886551807634532452e-04
1.112346886657178402e-03
-3.083806019276380539e-03
-4.282201826572418213e-02
2.167201228439807892e-02
-2.416970767080783844e-02
1.451030280441045761e-02
-2.135698311030864716e-02
-1.313779037445783615e-02
-2.302564308047294617e-02
-1.481846906244754791e-02
-3.226783871650695801e-02
-2.770474529825150967e-04
-5.715547013096511364e-04
-6.272809207439422607e-02
2.275829575955867767e-02
-3.172285482287406921e-02
-2.445218898355960846e-02
-1.812634617090225220e-02
-1.776137761771678925e-02
-3.743172436952590942e-02
-3.424536064267158508e-02
-3.142646700143814087e-02
-5.113946390338242054e-04
-2.143232850357890129e-04
2.511611208319664001e-02
-9.721146896481513977e-03
-1.690514944493770599e-02
-9.609138593077659607e-03
3.308698069304227829e-03
-9.629505686461925507e-03
3.481057286262512207e-02
-1.029296219348907471e-02
-3.926186263561248779e-02
-5.018939846195280552e-04
-4.487203899770975113e-03
-3.162951394915580750e-02
-1.832784153521060944e-02
-1.635739207267761230e-02
-3.297083452343940735e-02
-1.340061612427234650e-02
-2.601298503577709198e-02
6.877458072267472744e-04
-1.360690407454967499e-02
-2.496101893484592438e-02
-5.474114324897527695e-03
-2.855935506522655487e-02
1.885567791759967804e-02
-6.060896813869476318e-02
-2.795830834656953812e-03
4.312523175030946732e-03
-3.149088844656944275e-02
-3.236031532287597656e-02
-4.914758726954460144e-02
1.935609802603721619e-02
-8.739898912608623505e-03
-5.012119188904762268e-03
3.402961185202002525e-03
-1.685456931591033936e-02
-5.247895023785531521e-04
-7.878350093960762024e-03
-1.955344714224338531e-02
-1.777136139571666718e-02
-2.164357528090476990e-02
-1.925837597809731960e-03
1.711950753815472126e-03
-2.933180145919322968e-02
-2.914893254637718201e-02
2.409843914210796356e-02
-3.497770288959145546e-03
-3.577841073274612427e-02
-1.712101139128208160e-02
7.556406781077384949e-03
1.128431316465139389e-02
-1.703966595232486725e-02
-7.058328017592430115e-03
-1.581925526261329651e-02
-3.347571566700935364e-02
-1.051004044711589813e-02
-2.428123354911804199e-02
-5.009020119905471802e-02
-3.550352156162261963e-02
6.302922964096069336e-02
-1.017503719776868820e-02
1.662892475724220276e-02
-1.322536449879407883e-02
1.352644991129636765e-02
-5.501336418092250824e-03
-1.479926239699125290e-02
-6.838288903236389160e-02
-1.803589425981044769e-02
1.391610363498330116e-03
1.887706108391284943e-02
-1.944816298782825470e-02
-1.305383909493684769e-02
8.712149574421346188e-04
-2.539863809943199158e-02
1.230686344206333160e-02
-1.566455885767936707e-02
-1.632697321474552155e-02
-5.732159130275249481e-03
-4.003265406936407089e-03
-2.947589382529258728e-02
-9.336774237453937531e-03
2.326711080968379974e-03
-4.785393550992012024e-02
-2.870180085301399231e-02
-8.811917155981063843e-03
1.163127459585666656e-02
-2.892148680984973907e-03
7.872235029935836792e-03
-2.244675718247890472e-02
-6.293047685176134109e-03
-1.605474017560482025e-02
1.728774420917034149e-02
-2.703202143311500549e-02
-1.138884574174880981e-03
-4.945832490921020508e-02
2.028910629451274872e-02
-4.721238801721483469e-04
-1.262306887656450272e-02
-3.161193802952766418e-02
-1.906920690089464188e-03
8.607517927885055542e-03
-1.690849289298057556e-02
-4.289577528834342957e-02
-1.905857585370540619e-02
2.116190968081355095e-03
-5.080541595816612244e-02
2.177025191485881805e-03
-2.438990212976932526e-02
-2.648822404444217682e-02
4.071440082043409348e-03
-2.129464596509933472e-02
-1.413091085851192474e-02
-1.158925890922546387e-02
2.894027158617973328e-03
2.697348536457866430e-04
-6.455160211771726608e-03
-3.199637681245803833e-02
-6.076968857087194920e-04
-6.696763634681701660e-02
-5.284868925809860229e-02
-2.460143901407718658e-02
9.594622999429702759e-03
-1.891377754509449005e-02
8.044210262596607208e-03
-6.821062415838241577e-03
2.299732761457562447e-03
-9.488488547503948212e-03
-1.398754678666591644e-02
-1.419395487755537033e-02
-1.495693251490592957e-02
-4.379613324999809265e-02
-2.976729883812367916e-04
-2.366835437715053558e-02
-1.623995043337345123e-02
1.394554134458303452e-02
-4.013545811176300049e-02
-1.941567845642566681e-02
-2.693228016141802073e-04
-1.574319601058959961e-02
-1.622782088816165924e-02
-6.729839835315942764e-03
-2.117292769253253937e-02
-1.436641253530979156e-02
2.496863342821598053e-02
2.608660724945366383e-04
2.627691719681024551e-04
-1.975245214998722076e-02
2.938921679742634296e-04
-1.744808815419673920e-02
-3.484207903966307640e-03
-1.000874117016792297e-02
-9.117867797613143921e-03
6.771369837224483490e-03
6.490987259894609451e-03
1.562103256583213806e-02
-1.599344611167907715e-02
3.160738851875066757e-03
-1.366640906780958176e-02
-2.585393749177455902e-02
6.793987005949020386e-03
-2.278873696923255920e-02
6.786424200981855392e-03
-2.528727427124977112e-02
-1.730997301638126373e-02
-7.163975387811660767e-03
3.575149225071072578e-03
-3.452125191688537598e-02
-4.425668157637119293e-04
-2.413966134190559387e-02
-1.656784489750862122e-02
-2.402401901781558990e-02
1.084589632228016853e-03
2.054410986602306366e-03
9.616669267416000366e-03
-1.458921562880277634e-02
-2.678585425019264221e-02
1.520322076976299286e-02
1.068233326077461243e-02
1.080713816918432713e-03
6.904762703925371170e-03
-8.109151385724544525e-03
1.601261645555496216e-02
-2.026633918285369873e-02
-3.181051928550004959e-03
-9.015330113470554352e-03
-2.698924392461776733e-02
-1.505930349230766296e-02
3.508521988987922668e-02
-4.137079790234565735e-02
1.346423756331205368e-02
-1.815784350037574768e-02
-2.303954400122165680e-02
-2.646725438535213470e-02
2.085075899958610535e-02
-1.923521235585212708e-02
-1.603299938142299652e-02
5.143434274941682816e-03
-7.070587598718702793e-04
-6.695538759231567383e-03
-1.269481517374515533e-02
-7.006110972724854946e-04
-3.033935092389583588e-02
1.988500170409679413e-02
2.521183900535106659e-02
2.569315955042839050e-02
8.150767534971237183e-03
-4.239689186215400696e-02
-3.267355496063828468e-03
-3.089691698551177979e-02
1.042934227734804153e-02
-7.872167974710464478e-03
-1.771171577274799347e-02
-1.989188790321350098e-02
-1.344049163162708282e-02
-2.258227951824665070e-02
2.708035754039883614e-03
-3.578258678317070007e-02
5.676481407135725021e-03
-1.778225786983966827e-02
-1.449462864547967911e-02
-1.893237978219985962e-02
-2.479175478219985962e-02
1.266603916883468628e-02
1.004094257950782776e-02
-3.036841377615928650e-02
-1.962991431355476379e-03
5.976420640945434570e-02
-1.068213116377592087e-02
-1.095558516681194305e-02
2.436132729053497314e-02
-3.746367990970611572e-02
1.497401110827922821e-02
1.282422221265733242e-03
-4.087441600859165192e-03
-1.930435560643672943e-02
-3.161741048097610474e-02
-6.569524994120001793e-04
-5.264152213931083679e-02
-9.742973372340202332e-03
5.496839061379432678e-03
-2.167309820652008057e-02
-2.658358402550220490e-02
-1.911813393235206604e-02
-4.217106470605358481e-05
-2.621963433921337128e-02
-5.987649783492088318e-03
1.517651486210525036e-03
-1.243026368319988251e-02
-4.364027455449104309e-02
2.120732516050338745e-02
1.691236533224582672e-02
2.121024951338768005e-02
-4.167655855417251587e-02
-2.228988893330097198e-02
-2.343759685754776001e-02
-2.432566322386264801e-02
7.646042853593826294e-03
-4.604350030422210693e-02
-2.210107818245887756e-02
-2.320302650332450867e-02
-3.876247908920049667e-03
1.344763766974210739e-02
-5.835596472024917603e-03
1.054934225976467133e-02
-8.976043201982975006e-03
-3.989762067794799805e-02
-1.459601800888776779e-02
1.262411754578351974e-02
-2.606633119285106659e-02
-1.771934330463409424e-02
-1.082763914018869400e-02
-2.098992839455604553e-02
-1.937225833535194397e-02
-3.348947269842028618e-03
-8.309463411569595337e-02
-2.145683951675891876e-02
-1.579554664203897119e-04
-1.719368994235992432e-02
-5.705478135496377945e-03
-3.145128488540649414e-02
3.855557367205619812e-02
-1.717826351523399353e-03
2.029515430331230164e-02
1.114301197230815887e-02
-9.515082463622093201e-03
1.218654029071331024e-02
4.056319128721952438e-03
-6.225708872079849243e-03
-7.888416759669780731e-03
-1.001931633800268173e-02
1.897801831364631653e-02
-4.828291013836860657e-03
-1.299065351486206055e-02
-2.111736685037612915e-02
-5.198576487600803375e-03
-4.413335118442773819e-03
-1.559044606983661652e-02
-2.958991937339305878e-02
-3.187887743115425110e-02
-2.188834547996520996e-02
1.552127953618764877e-02
-1.824670657515525818e-02
1.039704587310552597e-02
3.187837451696395874e-02
2.961955731734633446e-03
3.052578866481781006e-02
-6.299078464508056641e-03
1.545999851077795029e-02
2.056321362033486366e-03
-2.417200058698654175e-02
-2.622923813760280609e-02
1.470695808529853821e-02
-2.989478036761283875e-02
-3.184876963496208191e-02
-4.006463661789894104e-02
-2.193544292822480202e-03
1.589285396039485931e-02
-1.100393012166023254e-02
-1.677028276026248932e-02
6.469958275556564331e-02
1.129569299519062042e-02
-5.985067691653966904e-03
-9.243709035217761993e-03
-3.003329597413539886e-02
-6.978556513786315918e-03
-1.235073781572282314e-03
1.055537536740303040e-02
-1.709030382335186005e-02
-9.761492721736431122e-03
-3.496096283197402954e-02
-5.220071412622928619e-03
-2.751999069005250931e-03
-1.588572561740875244e-02
2.625549212098121643e-03
-1.446291431784629822e-02
1.438843086361885071e-02
-1.123195048421621323e-02
-9.855899028480052948e-03
-1.880210638046264648e-02
2.226709760725498199e-02
-2.440712414681911469e-02
-3.234804421663284302e-02
2.391274832189083099e-02
-6.945005804300308228e-02
-6.784088443964719772e-03
9.724106639623641968e-03
-3.101373277604579926e-02
5.358875542879104614e-02
-2.001691143959760666e-03
-1.798678003251552582e-02
1.175822596997022629e-02
-3.623573482036590576e-02
1.468239445239305496e-02
-2.848501875996589661e-02
5.875462200492620468e-03
1.530859619379043579e-02
5.327863618731498718e-03
-2.175143733620643616e-02
5.041258782148361206e-02
-3.121445886790752411e-03
-7.228136062622070312e-03
3.003288060426712036e-02
-3.007853869348764420e-03
-3.185122832655906677e-02
1.037083275150507689e-04
2.727583050727844238e-02
-3.711923211812973022e-02
4.524557385593652725e-03
