1.731373071670532227e-01
2.074290066957473755e-01
1.871290057897567749e-01
1.670090407133102417e-01
1.742545962333679199e-01
1.365016698837280273e-01
2.003687024116516113e-01
1.823552101850509644e-01
2.401769757270812988e-01
1.968035846948623657e-01
1.629585772752761841e-01
4.163811206817626953e-01
1.518763750791549683e-01
1.664912700653076172e-01
2.207857519388198853e-01
1.864204108715057373e-01
1.492862701416015625e-01
1.710594445466995239e-01
1.701589375734329224e-01
2.000252157449722290e-01
2.133326530456542969e-01
2.083011418581008911e-01
1.883722692728042603e-01
2.024656087160110474e-01
1.830143183469772339e-01
1.845079064369201660e-01
2.035833001136779785e-01
1.778541207313537598e-01
3.538970053195953369e-01
2.235927134752273560e-01
1.404677480459213257e-01
2.073555439710617065e-01
2.006466090679168701e-01
2.243256270885467529e-01
2.031797617673873901e-01
1.363123953342437744e-01
1.512494087219238281e-01
1.482064574956893921e-01
2.272444069385528564e-01
2.192452847957611084e-01
1.916042566299438477e-01
2.043619602918624878e-01
2.010928094387054443e-01
2.135286480188369751e-01
2.072420716285705566e-01
2.053258419036865234e-01
2.049521207809448242e-01
2.322721332311630249e-01
1.812440454959869385e-01
1.631417125463485718e-01
1.622156351804733276e-01
1.981910765171051025e-01
1.931454390287399292e-01
1.841330528259277344e-01
2.157939374446868896e-01
4.188708364963531494e-01
1.667189449071884155e-01
1.853087842464447021e-01
1.500866562128067017e-01
1.280105859041213989e-01
1.877106279134750366e-01
1.226489692926406860e-01
1.901675909757614136e-01
1.674814671277999878e-01
2.236371636390686035e-01
2.411354333162307739e-01
1.309786736965179443e-01
1.535656452178955078e-01
1.589884161949157715e-01
1.794247627258300781e-01
1.335614621639251709e-01
1.988796591758728027e-01
2.202845811843872070e-01
1.763432025909423828e-01
2.165827751159667969e-01
2.028139233589172363e-01
1.512395739555358887e-01
1.346053928136825562e-01
1.707075387239456177e-01
1.583338677883148193e-01
1.900955438613891602e-01
1.735590696334838867e-01
1.830452382564544678e-01
1.582746058702468872e-01
3.012363910675048828e-01
2.218326032161712646e-01
1.624693274497985840e-01
2.095413953065872192e-01
1.862345784902572632e-01
1.599630862474441528e-01
1.736841797828674316e-01
2.166245579719543457e-01
2.180286645889282227e-01
1.315323263406753540e-01
1.386316120624542236e-01
1.775541603565216064e-01
2.055434882640838623e-01
2.165291309356689453e-01
1.933575868606567383e-01
1.610114723443984985e-01
1.863998323678970337e-01
2.007310837507247925e-01
1.905575096607208252e-01
2.106737792491912842e-01
2.152132093906402588e-01
2.188208550214767456e-01
1.987303793430328369e-01
1.693384796380996704e-01
2.072518020868301392e-01
1.778725236654281616e-01
1.384927630424499512e-01
1.956138759851455688e-01
2.202939540147781372e-01
2.051796913146972656e-01
1.521239131689071655e-01
1.754338592290878296e-01
1.018141508102416992e-01
1.566651165485382080e-01
1.643081605434417725e-01
2.061513066291809082e-01
1.976910531520843506e-01
1.523486971855163574e-01
1.540831625461578369e-01
1.947443336248397827e-01
1.393106728792190552e-01
2.942431271076202393e-01
1.815971285104751587e-01
2.287314236164093018e-01
1.166246533393859863e-01
2.057511657476425171e-01
2.028997540473937988e-01
1.816079169511795044e-01
1.845480799674987793e-01
1.959955245256423950e-01
1.666976958513259888e-01
1.752580106258392334e-01
1.789375394582748413e-01
3.118759095668792725e-01
1.645373106002807617e-01
1.912029981613159180e-01
1.759569197893142700e-01
1.181497350335121155e-01
1.656747162342071533e-01
1.973540037870407104e-01
1.536147296428680420e-01
1.472375392913818359e-01
1.988821923732757568e-01
1.977747529745101929e-01
1.810342520475387573e-01
1.806669086217880249e-01
1.541094779968261719e-01
1.739168167114257812e-01
1.681717485189437866e-01
1.768679171800613403e-01
1.754697859287261963e-01
1.691817939281463623e-01
1.688308268785476685e-01
1.553276777267456055e-01
1.559100896120071411e-01
1.651676595211029053e-01
2.011072486639022827e-01
1.416551768779754639e-01
2.715077102184295654e-01
2.046729028224945068e-01
1.816355288028717041e-01
2.230723798274993896e-01
1.999311894178390503e-01
2.152446806430816650e-01
1.255559772253036499e-01
1.918173581361770630e-01
1.789164245128631592e-01
1.762496978044509888e-01
1.772221773862838745e-01
1.764749586582183838e-01
2.098167985677719116e-01
1.922518461942672729e-01
1.751634031534194946e-01
1.506439149379730225e-01
1.658218204975128174e-01
1.828251332044601440e-01
2.622391283512115479e-01
1.480590850114822388e-01
1.924142688512802124e-01
2.000694572925567627e-01
1.969247162342071533e-01
1.991251111030578613e-01
1.571769416332244873e-01
2.127289324998855591e-01
1.483984142541885376e-01
1.429391205310821533e-01
1.161096617579460144e-01
1.613843441009521484e-01
2.226776182651519775e-01
1.616061925888061523e-01
2.000336796045303345e-01
1.774072200059890747e-01
1.982538253068923950e-01
1.605370789766311646e-01
1.347453743219375610e-01
1.103847771883010864e-01
2.107390165328979492e-01
1.985590606927871704e-01
2.226428240537643433e-01
2.348397076129913330e-01
1.588895618915557861e-01
1.756678819656372070e-01
1.924557387828826904e-01
1.487745642662048340e-01
1.877738386392593384e-01
1.897223740816116333e-01
1.988009661436080933e-01
1.848809570074081421e-01
1.855593025684356689e-01
2.192104309797286987e-01
2.019336372613906860e-01
2.118881642818450928e-01
2.106735557317733765e-01
1.189113855361938477e-01
2.125950604677200317e-01
1.324384808540344238e-01
1.401864290237426758e-01
2.058435380458831787e-01
1.747939139604568481e-01
1.862179189920425415e-01
1.895371377468109131e-01
1.913138478994369507e-01
1.619863659143447876e-01
2.373393326997756958e-01
2.028397768735885620e-01
1.856277734041213989e-01
2.266937494277954102e-01
1.578151136636734009e-01
1.179439947009086609e-01
1.834256500005722046e-01
1.900763064622879028e-01
1.919868439435958862e-01
1.784538477659225464e-01
2.026270627975463867e-01
1.829670965671539307e-01
1.807106435298919678e-01
1.280690729618072510e-01
1.471593379974365234e-01
1.712028533220291138e-01
1.617418676614761353e-01
1.966061145067214966e-01
1.333734095096588135e-01
1.618629395961761475e-01
1.734313964843750000e-01
2.111691087484359741e-01
1.783309578895568848e-01
2.074433416128158569e-01
2.374980896711349487e-01
1.459345668554306030e-01
2.741430401802062988e-01
1.849562525749206543e-01
2.069700062274932861e-01
